_C_173d_5fd5dac4_6 84 0 80 0 0 5f727331 0 6c64 0 0 0 0 
_C_173d_5fd5dac4_7 84 0 80 0 0 5f727332 0 6c64 0 0 0 0 
_C_173d_5fd5dac4_d 94 0 40 0 0 0 0 0 
_C_173d_5fd5dac4_c 94 0 40 0 0 1 0 0 
_C_173d_5fd5dac4_15 8c 0 18 0 0 766364 
_C_173d_5fd5dac4_1b 9c 0 20 d9d7bdbb 3ddb7cdf 
_C_173d_5fd5dac4_1a 8c 0 68 0 0 73616966 0 7633322e 0 69636f72 0 70 
_C_173d_5fd5dac4_1e 94 0 20 0 0 400 
_C_173d_5fd5dac4_16 8c 0 68 0 0 2e766364 0 656e6368 0 65737462 0 74 
_C_173d_5fd5dac4_12 8c 0 a8 0 0 25303878 0 3a203078 0 25303878 0 68203078 0 66657463 0 69 
_C_173d_5fd5dac4_5 84 0 80 0 0 65746368 0 66 0 0 0 0 
_C_173d_5fd5dac4_b 84 0 80 0 0 646d656d 0 6c 0 0 0 0 
_C_173d_5fd5dac4_13 8c 0 100 0 0 3d256229 0 73747262 0 78202877 0 78253038 0 783a2030 0 78253038 0 65202030 0 77726974 
_C_173d_5fd5dac4_1d 8c 0 30 0 0 6c5f6f6e 0 7274 
_C_173d_5fd5dac4_1c 8c 0 68 0 0 2e757574 0 656e6368 0 65737462 0 74 
_C_173d_5fd5dac4_2 80 0 1 0 1 
_C_173d_5fd5dac4_1 80 0 1 0 0 
_C_173d_5fd5dac4_14 8c 0 a8 0 0 25303878 0 3a203078 0 25303878 0 20203078 0 65616420 0 72 
_C_173d_5fd5dac4_e 84 0 24 0 ffffffff ffffffff ffffffff ffffffff 
_C_173d_5fd5dac4_17 84 0 20 0 0 0 
_C_173d_5fd5dac4_18 84 0 20 0 0 1 
_C_173d_5fd5dac4_8 84 0 80 0 0 65786563 0 0 0 0 0 0 
_C_173d_5fd5dac4_f 94 0 20 0 0 4 
_C_173d_5fd5dac4_11 94 0 20 0 0 0 
_C_173d_5fd5dac4_10 94 0 20 0 0 1 
_C_173d_5fd5dac4_3 94 0 20 0 0 c 
_C_173d_5fd5dac4_9 84 0 80 0 0 68696674 0 73 0 0 0 0 
_C_173d_5fd5dac4_4 84 0 80 0 0 74726170 0 0 0 0 0 0 
_C_173d_5fd5dac4_a 84 0 80 0 0 746d656d 0 73 0 0 0 0 
