[INFO]
Keithley 2400
Meas Time: 2021/1/19 8:50:14
Params: GPIB address = GPIB0::21::INSTR; DataFile = D:\工艺实验\胡睿; Compliance  Level (0.1) = 0.100000000000000; Number of Points (5) = 80; Minimum Amplitude (1) = -3.000000000000000; Maximum Amplitude (2) = 15.000000000000000; Timeout (100000 ms) = 100000; Source Mode  (0: Voltage) = 0; 4-wire? = FALSE; delay(S) = 0.000000000000000; Start = ; 

[COMMENT]


[DATA]
time (s)	Voltage (V)	Current (A)	absCurrent (A)	Fitting Resistance (Ohms)

3181.97265625	-3.000844955444336	-2.454784407746047E-5	2.454784407746047E-5	28.440067808241931
3182.015625	-2.77265739440918	-2.462549309711903E-5	2.462549309711903E-5	28.440067808241931
3182.0576171875	-2.545207977294922	-2.461712574586272E-5	2.461712574586272E-5	28.440067808241931
3182.099609375	-2.317522048950195	-2.458010567352176E-5	2.458010567352176E-5	28.440067808241931
3182.1416015625	-2.089521408081055	-2.451782347634435E-5	2.451782347634435E-5	28.440067808241931
3182.18359375	-1.862565994262695	-2.442327968310565E-5	2.442327968310565E-5	28.440067808241931
3182.2255859375	-1.634531021118164	-2.429312735330313E-5	2.429312735330313E-5	28.440067808241931
3182.267578125	-1.406850814819336	-2.412116737104952E-5	2.412116737104952E-5	28.440067808241931
3182.3095703125	-1.178804397583008	-2.389508881606162E-5	2.389508881606162E-5	28.440067808241931
3182.3515625	-0.950973510742187	-2.358821802772582E-5	2.358821802772582E-5	28.440067808241931
3182.3935546875	-0.722759246826172	-2.315506571903825E-5	2.315506571903825E-5	28.440067808241931
3182.435546875	-0.494663238525391	-2.253030834253877E-5	2.253030834253877E-5	28.440067808241931
3182.4775390625	-0.266813278198242	-2.158511779271066E-5	2.158511779271066E-5	28.440067808241931
3182.51953125	-0.038261413574219	-2.001068787649274E-5	2.001068787649274E-5	28.440067808241931
3182.6171875	0.190509796142578	9.507504728389904E-6	9.507504728389904E-6	28.440067808241931
3182.705078125	0.418233871459961	0.004320532083511	0.004320532083511	28.440067808241931
3182.79296875	0.64628791809082	0.019524589180946	0.019524589180946	28.440067808241931
3182.8349609375	0.874853134155273	0.033825173974037	0.033825173974037	28.440067808241931
3182.876953125	1.103034973144531	0.047843411564827	0.047843411564827	28.440067808241931
3182.9189453125	1.330894470214844	0.064752921462059	0.064752921462059	28.440067808241931
3182.9609375	1.558666229248047	0.085540272295475	0.085540272295475	28.440067808241931
3183.0029296875	1.706497192382812	0.099991120398045	0.099991120398045	28.440067808241931
3183.044921875	1.694051742553711	0.100001975893974	0.100001975893974	28.440067808241931
3183.0869140625	1.690645217895508	0.100001938641071	0.100001938641071	28.440067808241931
3183.1298828125	1.688522338867187	0.100001901388168	0.100001901388168	28.440067808241931
3183.171875	1.686336517333984	0.100001908838749	0.100001908838749	28.440067808241931
3183.2138671875	1.684383392333984	0.100001960992813	0.100001960992813	28.440067808241931
3183.255859375	1.682422637939453	0.100001886487007	0.100001886487007	28.440067808241931
3183.298828125	1.680654525756836	0.100001893937588	0.100001893937588	28.440067808241931
3183.3408203125	1.679716110229492	0.100001893937588	0.100001893937588	28.440067808241931
3183.3828125	1.678850173950195	0.100001893937588	0.100001893937588	28.440067808241931
3183.4248046875	1.677648544311523	0.100001886487007	0.100001886487007	28.440067808241931
3183.4677734375	1.675788879394531	0.100001834332943	0.100001834332943	28.440067808241931
3183.509765625	1.674737930297852	0.100001856684685	0.100001856684685	28.440067808241931
3183.5517578125	1.673563003540039	0.100001849234104	0.100001849234104	28.440067808241931
3183.59375	1.666723251342773	0.100001871585846	0.100001871585846	28.440067808241931
3183.63671875	1.664751052856445	0.100001849234104	0.100001849234104	28.440067808241931
3183.6787109375	1.662149429321289	0.100001849234104	0.100001849234104	28.440067808241931
3183.720703125	1.661149978637695	0.100001826882362	0.100001826882362	28.440067808241931
3183.7626953125	1.660341262817383	0.100001789629459	0.100001789629459	28.440067808241931
3183.8056640625	1.659923553466797	0.10000179708004	0.10000179708004	28.440067808241931
3183.84765625	1.659608840942383	0.100001782178879	0.100001782178879	28.440067808241931
3183.8896484375	1.659250259399414	0.100001752376556	0.100001752376556	28.440067808241931
3183.931640625	1.65888786315918	0.100001774728298	0.100001774728298	28.440067808241931
3183.974609375	1.658687591552734	0.100001759827137	0.100001759827137	28.440067808241931
3184.0166015625	1.658439636230469	0.100001767277718	0.100001767277718	28.440067808241931
3184.05859375	1.658298492431641	0.10000179708004	0.10000179708004	28.440067808241931
3184.1005859375	1.658069610595703	0.100001789629459	0.100001789629459	28.440067808241931
3184.1435546875	1.657812118530273	0.100001752376556	0.100001752376556	28.440067808241931
3184.185546875	1.657651901245117	0.100001759827137	0.100001759827137	28.440067808241931
3184.2275390625	1.657495498657227	0.100001737475395	0.100001737475395	28.440067808241931
3184.26953125	1.657354354858398	0.100001744925976	0.100001744925976	28.440067808241931
3184.3125	1.657180786132812	0.100001730024815	0.100001730024815	28.440067808241931
3184.3544921875	1.657018661499023	0.100001730024815	0.100001730024815	28.440067808241931
3184.396484375	1.656843185424805	0.100001715123653	0.100001715123653	28.440067808241931
3184.4384765625	1.656749725341797	0.100001692771912	0.100001692771912	28.440067808241931
3184.4814453125	1.656625747680664	0.100001707673073	0.100001707673073	28.440067808241931
3184.5234375	1.656482696533203	0.100001722574234	0.100001722574234	28.440067808241931
3184.5654296875	1.656326293945312	0.10000167787075	0.10000167787075	28.440067808241931
3184.607421875	1.656248092651367	0.10000167042017	0.10000167042017	28.440067808241931
3184.650390625	1.656124114990234	0.100001662969589	0.100001662969589	28.440067808241931
3184.6923828125	1.655994415283203	0.100001692771912	0.100001692771912	28.440067808241931
3184.734375	1.655912399291992	0.10000167787075	0.10000167787075	28.440067808241931
3184.7763671875	1.655788421630859	0.10000167787075	0.10000167787075	28.440067808241931
3184.8193359375	1.655649185180664	0.100001633167267	0.100001633167267	28.440067808241931
3184.861328125	1.655521392822266	0.100001640617847	0.100001640617847	28.440067808241931
3184.9033203125	1.655403137207031	0.100001633167267	0.100001633167267	28.440067808241931
3184.9453125	1.655275344848633	0.100001633167267	0.100001633167267	28.440067808241931
3184.98828125	1.655162811279297	0.100001655519009	0.100001655519009	28.440067808241931
3185.0302734375	1.655073165893555	0.100001633167267	0.100001633167267	28.440067808241931
3185.072265625	1.654945373535156	0.100001595914364	0.100001595914364	28.440067808241931
3185.1142578125	1.654870986938477	0.100001588463783	0.100001588463783	28.440067808241931
3185.1572265625	1.654781341552734	0.100001588463783	0.100001588463783	28.440067808241931
3185.19921875	1.654659271240234	0.100001581013203	0.100001581013203	28.440067808241931
3185.2412109375	1.654592514038086	0.100001573562622	0.100001573562622	28.440067808241931
3185.283203125	1.654537200927734	0.100001595914364	0.100001595914364	28.440067808241931
3185.326171875	1.654485702514648	0.100001603364944	0.100001603364944	28.440067808241931
3185.3681640625	1.654460906982422	0.100001573562622	0.100001573562622	28.440067808241931
3185.41015625	1.654331207275391	0.100001581013203	0.100001581013203	28.440067808241931
3185.4521484375	1.654270172119141	0.100001595914364	0.100001595914364	28.440067808241931
