_C_1d75_5fa3c5a1_2 8c 0 38 0 0 6e3d2564 0 622d69 
_C_1d75_5fa3c5a1_7 8c 0 38 0 0 2e766364 0 676364 
_C_1d75_5fa3c5a1_a 8c 0 60 0 0 3d202564 0 6f757420 0 6763642d 
_C_1d75_5fa3c5a1_1 8c 0 38 0 0 6e3d2564 0 612d69 
_C_1d75_5fa3c5a1_9 8c 0 60 0 0 3d202564 0 20202020 0 622d696e 
_C_1d75_5fa3c5a1_5 8c 0 68 0 0 3d202564 0 6f757420 0 6763642d 0 20 
_C_1d75_5fa3c5a1_4 8c 0 68 0 0 3d202564 0 20202020 0 622d696e 0 20 
_C_1d75_5fa3c5a1_8 8c 0 60 0 0 3d202564 0 20202020 0 612d696e 
_C_1d75_5fa3c5a1_3 8c 0 68 0 0 3d202564 0 20202020 0 612d696e 0 20 
_C_1d75_5fa3c5a1_6 94 0 20 0 0 0 
