[INFO]
Keithley 2400
Meas Time: 2021/1/19 8:31:22
Params: GPIB address = GPIB0::21::INSTR; DataFile = D:\工艺实验\付强; Compliance  Level (0.1) = 0.100000000000000; Number of Points (5) = 50; Minimum Amplitude (1) = -3.000000000000000; Maximum Amplitude (2) = 5.000000000000000; Timeout (100000 ms) = 100000; Source Mode  (0: Voltage) = 0; 4-wire? = FALSE; delay(S) = 0.000000000000000; Start = ; 

[COMMENT]


[DATA]
time (s)	Voltage (V)	Current (A)	absCurrent (A)	Fitting Resistance (Ohms)

2051.5810546875	-3.000820159912109	-6.314166967058554E-10	6.314166967058554E-10	-390293109.703035891
2051.623046875	-2.837148666381836	2.180740921176039E-9	2.180740921176039E-9	-390293109.703035891
2051.6650390625	-2.673915863037109	2.577735358499922E-9	2.577735358499922E-9	-390293109.703035891
2051.70703125	-2.510597229003906	3.209493115718942E-9	3.209493115718942E-9	-390293109.703035891
2051.748046875	-2.347965240478516	4.42992131866049E-9	4.42992131866049E-9	-390293109.703035891
2051.7900390625	-2.184625625610352	3.540890247677453E-9	3.540890247677453E-9	-390293109.703035891
2051.83203125	-2.021711349487305	3.355921762704384E-9	3.355921762704384E-9	-390293109.703035891
2051.8740234375	-1.858381271362305	2.594333636807278E-9	2.594333636807278E-9	-390293109.703035891
2051.916015625	-1.695388793945312	2.388901521044318E-9	2.388901521044318E-9	-390293109.703035891
2051.9580078125	-1.532073974609375	2.321257852599956E-9	2.321257852599956E-9	-390293109.703035891
2052	-1.369407653808594	2.601609594421461E-9	2.601609594421461E-9	-390293109.703035891
2052.0419921875	-1.205839157104492	2.163687895517796E-9	2.163687895517796E-9	-390293109.703035891
2052.083984375	-1.042522430419922	2.402316567895468E-9	2.402316567895468E-9	-390293109.703035891
2052.1259765625	-0.878860473632812	2.626620698720217E-9	2.626620698720217E-9	-390293109.703035891
2052.16796875	-0.715511322021484	2.913793650805019E-9	2.913793650805019E-9	-390293109.703035891
2052.2099609375	-0.551921844482422	2.744400262599811E-9	2.744400262599811E-9	-390293109.703035891
2052.251953125	-0.388942718505859	3.607738108257763E-9	3.607738108257763E-9	-390293109.703035891
2052.2939453125	-0.225282669067383	3.743821253010537E-9	3.743821253010537E-9	-390293109.703035891
2052.3359375	-0.061609268188477	3.709715201694053E-9	3.709715201694053E-9	-390293109.703035891
2052.3779296875	0.102397918701172	2.269416654598899E-9	2.269416654598899E-9	-390293109.703035891
2052.419921875	0.266059875488281	3.258378455939237E-9	3.258378455939237E-9	-390293109.703035891
2052.4619140625	0.429048538208008	2.962906364700757E-9	2.962906364700757E-9	-390293109.703035891
2052.50390625	0.592697143554687	3.078753252339084E-9	3.078753252339084E-9	-390293109.703035891
2052.5458984375	0.755939483642578	3.050445229746401E-9	3.050445229746401E-9	-390293109.703035891
2052.587890625	0.919605255126953	3.046920937777031E-9	3.046920937777031E-9	-390293109.703035891
2052.6298828125	1.082565307617187	2.263050191686489E-9	2.263050191686489E-9	-390293109.703035891
2052.671875	1.246240615844727	3.64548213838134E-9	3.64548213838134E-9	-390293109.703035891
2052.7138671875	1.409418106079102	3.179934537911322E-9	3.179934537911322E-9	-390293109.703035891
2052.755859375	1.572784423828125	2.380261321377475E-9	2.380261321377475E-9	-390293109.703035891
2052.7978515625	1.735738754272461	2.911860974563751E-9	2.911860974563751E-9	-390293109.703035891
2052.83984375	1.899055480957031	3.652871782833245E-9	3.652871782833245E-9	-390293109.703035891
2052.8818359375	2.061628341674805	3.574086804292165E-9	3.574086804292165E-9	-390293109.703035891
2052.923828125	2.22496223449707	3.014520189026371E-9	3.014520189026371E-9	-390293109.703035891
2052.9658203125	2.388278961181641	2.946421773231123E-9	2.946421773231123E-9	-390293109.703035891
2053.0078125	2.551250457763672	2.074557414744049E-9	2.074557414744049E-9	-390293109.703035891
2053.0498046875	2.714576721191406	2.381398189754691E-9	2.381398189754691E-9	-390293109.703035891
2053.091796875	2.877874374389648	1.564330887049437E-9	1.564330887049437E-9	-390293109.703035891
2053.1337890625	3.041526794433594	1.256353243661579E-9	1.256353243661579E-9	-390293109.703035891
2053.1748046875	3.204507827758789	1.507146407675464E-9	1.507146407675464E-9	-390293109.703035891
2053.216796875	3.368171691894531	1.661192072788253E-9	1.661192072788253E-9	-390293109.703035891
2053.2587890625	3.531423568725586	2.118667907780036E-9	2.118667907780036E-9	-390293109.703035891
2053.30078125	3.695104598999023	2.760089046205394E-9	2.760089046205394E-9	-390293109.703035891
2053.3427734375	3.85807991027832	1.988837539101951E-9	1.988837539101951E-9	-390293109.703035891
2053.384765625	4.021734237670898	1.344005795544945E-9	1.344005795544945E-9	-390293109.703035891
2053.4267578125	4.184963226318359	2.033743840001989E-9	2.033743840001989E-9	-390293109.703035891
2053.46875	4.348297119140625	2.359797690587584E-9	2.359797690587584E-9	-390293109.703035891
2053.5107421875	4.511270523071289	2.734054760367144E-9	2.734054760367144E-9	-390293109.703035891
2053.552734375	4.674587249755859	2.910951479861978E-9	2.910951479861978E-9	-390293109.703035891
2053.5947265625	4.837221145629883	3.017476046807133E-9	3.017476046807133E-9	-390293109.703035891
2053.63671875	5.00047492980957	2.969954948639497E-9	2.969954948639497E-9	-390293109.703035891
2128.537109375	-3.000820159912109	-8.658389560878277E-10	8.658389560878277E-10	336406590.403511226
2128.5791015625	-2.837139129638672	2.72814304480562E-9	2.72814304480562E-9	336406590.403511226
2128.62109375	-2.673883438110352	4.07533207180677E-9	4.07533207180677E-9	336406590.403511226
2128.6630859375	-2.510581970214844	4.736989467346575E-9	4.736989467346575E-9	336406590.403511226
2128.705078125	-2.347959518432617	4.302705747250002E-9	4.302705747250002E-9	336406590.403511226
2128.7470703125	-2.18463134765625	5.345441422832664E-9	5.345441422832664E-9	336406590.403511226
2128.7890625	-2.021707534790039	4.270304998499341E-9	4.270304998499341E-9	336406590.403511226
2128.8310546875	-1.858390808105469	3.864101927320007E-9	3.864101927320007E-9	336406590.403511226
2128.873046875	-1.695405960083008	3.979266693932004E-9	3.979266693932004E-9	336406590.403511226
2128.9150390625	-1.532081604003906	3.152194949507248E-9	3.152194949507248E-9	336406590.403511226
2128.95703125	-1.369403839111328	3.34512151312083E-9	3.34512151312083E-9	336406590.403511226
2128.998046875	-1.205837249755859	3.881041266140528E-9	3.881041266140528E-9	336406590.403511226
2129.0400390625	-1.042512893676758	2.243268681922927E-9	2.243268681922927E-9	336406590.403511226
2129.08203125	-0.878868103027344	2.152091838070191E-9	2.152091838070191E-9	336406590.403511226
2129.1240234375	-0.715509414672852	2.916294761234894E-9	2.916294761234894E-9	336406590.403511226
2129.166015625	-0.551916122436523	2.303522705915384E-9	2.303522705915384E-9	336406590.403511226
2129.2080078125	-0.388935089111328	2.262254383822437E-9	2.262254383822437E-9	336406590.403511226
2129.25	-0.225284576416016	2.566025614214595E-9	2.566025614214595E-9	336406590.403511226
2129.2919921875	-0.061607360839844	4.10068423661869E-9	4.10068423661869E-9	336406590.403511226
2129.3349609375	0.102426528930664	2.321598913113121E-9	2.321598913113121E-9	336406590.403511226
2129.376953125	0.26606559753418	5.094307198305614E-9	5.094307198305614E-9	336406590.403511226
2129.41796875	0.42906379699707	4.01064426114317E-9	4.01064426114317E-9	336406590.403511226
2129.4599609375	0.592708587646484	4.039634404762182E-9	4.039634404762182E-9	336406590.403511226
2129.501953125	0.755960464477539	5.598735697276425E-9	5.598735697276425E-9	336406590.403511226
2129.5439453125	0.919628143310547	4.93503193865763E-9	4.93503193865763E-9	336406590.403511226
2129.5859375	1.08259391784668	4.332946446083952E-9	4.332946446083952E-9	336406590.403511226
2129.6279296875	1.246253967285156	2.771571416815277E-9	2.771571416815277E-9	336406590.403511226
2129.669921875	1.409433364868164	3.321360964037012E-9	3.321360964037012E-9	336406590.403511226
2129.7119140625	1.572784423828125	3.279637894593179E-9	3.279637894593179E-9	336406590.403511226
2129.75390625	1.735761642456055	2.831825440807734E-9	2.831825440807734E-9	336406590.403511226
2129.7958984375	1.899084091186523	4.486537363845855E-9	4.486537363845855E-9	336406590.403511226
2129.837890625	2.061647415161133	1.161424734164029E-9	1.161424734164029E-9	336406590.403511226
2129.8798828125	2.224987030029297	1.67710823006928E-9	1.67710823006928E-9	336406590.403511226
2129.921875	2.388299942016602	1.169951246993151E-9	1.169951246993151E-9	336406590.403511226
2129.9638671875	2.551273345947266	6.166374078020453E-10	6.166374078020453E-10	336406590.403511226
2130.005859375	2.714601516723633	6.352820491883904E-10	6.352820491883904E-10	336406590.403511226
2130.0478515625	2.87788200378418	-1.525108928035479E-9	1.525108928035479E-9	336406590.403511226
2130.08984375	3.041538238525391	1.651301317906473E-9	1.651301317906473E-9	336406590.403511226
2130.1318359375	3.204513549804687	4.353182703198399E-9	4.353182703198399E-9	336406590.403511226
2130.173828125	3.368183135986328	7.461835593858268E-9	7.461835593858268E-9	336406590.403511226
2130.2158203125	3.531440734863281	6.121354090282693E-9	6.121354090282693E-9	336406590.403511226
2130.2578125	3.695104598999023	4.308731149649248E-11	4.308731149649248E-11	336406590.403511226
2130.2998046875	3.858110427856445	8.118718142213766E-9	8.118718142213766E-9	336406590.403511226
2130.341796875	4.021747589111328	5.511424205906223E-9	5.511424205906223E-9	336406590.403511226
2130.3828125	4.184982299804687	6.863047019578516E-9	6.863047019578516E-9	336406590.403511226
2130.4248046875	4.348320007324219	1.08011590782553E-8	1.08011590782553E-8	336406590.403511226
2130.466796875	4.511306762695312	1.014836925605778E-8	1.014836925605778E-8	336406590.403511226
2130.5087890625	4.674604415893555	9.232280717696995E-9	9.232280717696995E-9	336406590.403511226
2130.55078125	4.837244033813477	6.47776232653996E-9	6.47776232653996E-9	336406590.403511226
2130.5927734375	5.00048828125	5.380456968850922E-9	5.380456968850922E-9	336406590.403511226
2205.716796875	-3.001005172729492	-0.000865534762852	0.000865534762852	25.769149462370027
2205.7587890625	-2.837362289428711	-0.000865831854753	0.000865831854753	25.769149462370027
2205.80078125	-2.674106597900391	-0.000865706591867	0.000865706591867	25.769149462370027
2205.8427734375	-2.510801315307617	-0.000865332200192	0.000865332200192	25.769149462370027
2205.884765625	-2.348180770874023	-0.00086520111654	0.00086520111654	25.769149462370027
2205.9267578125	-2.184858322143555	-0.00086497690063	0.00086497690063	25.769149462370027
2205.96875	-2.021930694580078	-0.000864297966473	0.000864297966473	25.769149462370027
2206.0107421875	-1.858596801757812	-0.000863460474648	0.000863460474648	25.769149462370027
2206.052734375	-1.695608139038086	-0.000862713786773	0.000862713786773	25.769149462370027
2206.0947265625	-1.532293319702148	-0.000861702370457	0.000861702370457	25.769149462370027
2206.13671875	-1.36964225769043	-0.000860331696458	0.000860331696458	25.769149462370027
2206.1787109375	-1.206048965454102	-0.000858282088302	0.000858282088302	25.769149462370027
2206.220703125	-1.042724609375	-0.000856015481986	0.000856015481986	25.769149462370027
2206.2626953125	-0.879064559936523	-0.000853240606375	0.000853240606375	25.769149462370027
2206.3046875	-0.715721130371094	-0.000849554431625	0.000849554431625	25.769149462370027
2206.3466796875	-0.552120208740234	-0.000844298978336	0.000844298978336	25.769149462370027
2206.388671875	-0.389125823974609	-0.000837450032122	0.000837450032122	25.769149462370027
2206.4306640625	-0.225469589233398	-0.000827951240353	0.000827951240353	25.769149462370027
2206.47265625	-0.061803817749023	-0.000813983264379	0.000813983264379	25.769149462370027
2206.5146484375	0.102293014526367	-0.000739749404602	0.000739749404602	25.769149462370027
2206.556640625	0.266267776489258	0.000777009641752	0.000777009641752	25.769149462370027
2206.6455078125	0.429100036621094	0.010342657566071	0.010342657566071	25.769149462370027
2206.6875	0.592781066894531	0.02592620998621	0.02592620998621	25.769149462370027
2206.7294921875	0.756074905395508	0.042904362082481	0.042904362082481	25.769149462370027
2206.771484375	0.919763565063477	0.06029898673296	0.06029898673296	25.769149462370027
2206.8134765625	1.082765579223633	0.077581971883774	0.077581971883774	25.769149462370027
2206.85546875	1.246475219726562	0.094589956104755	0.094589956104755	25.769149462370027
2206.896484375	1.299365997314453	0.100002028048038	0.100002028048038	25.769149462370027
2206.939453125	1.299251556396484	0.100001566112041	0.100001566112041	25.769149462370027
2206.9814453125	1.299186706542969	0.10000155121088	0.10000155121088	25.769149462370027
2207.0234375	1.299144744873047	0.100001513957977	0.100001513957977	25.769149462370027
2207.06640625	1.299093246459961	0.1000015437603	0.1000015437603	25.769149462370027
2207.1083984375	1.299068450927734	0.100001491606236	0.100001491606236	25.769149462370027
2207.150390625	1.299037933349609	0.100001491606236	0.100001491606236	25.769149462370027
2207.1923828125	1.299020767211914	0.100001491606236	0.100001491606236	25.769149462370027
2207.2353515625	1.298988342285156	0.100001476705074	0.100001476705074	25.769149462370027
2207.27734375	1.298980712890625	0.100001484155655	0.100001484155655	25.769149462370027
2207.3193359375	1.29896354675293	0.100001506507397	0.100001506507397	25.769149462370027
2207.361328125	1.298946380615234	0.100001476705074	0.100001476705074	25.769149462370027
2207.404296875	1.298929214477539	0.100001506507397	0.100001506507397	25.769149462370027
2207.4462890625	1.298912048339844	0.100001506507397	0.100001506507397	25.769149462370027
2207.48828125	1.298898696899414	0.100001476705074	0.100001476705074	25.769149462370027
2207.5302734375	1.298892974853516	0.100001476705074	0.100001476705074	25.769149462370027
2207.5732421875	1.298879623413086	0.100001461803913	0.100001461803913	25.769149462370027
2207.615234375	1.298873901367187	0.100001484155655	0.100001484155655	25.769149462370027
2207.6572265625	1.298852920532227	0.100001476705074	0.100001476705074	25.769149462370027
2207.69921875	1.298847198486328	0.100001499056816	0.100001499056816	25.769149462370027
2207.7421875	1.298839569091797	0.100001528859138	0.100001528859138	25.769149462370027
2207.7841796875	1.298826217651367	0.100001454353333	0.100001454353333	25.769149462370027
2207.826171875	1.298818588256836	0.100001439452171	0.100001439452171	25.769149462370027
