[INFO]
Keithley 2400
Meas Time: 2021/1/19 16:07:49
Params: GPIB address = GPIB0::21::INSTR; DataFile = D:\工艺实验\冯宇衡; Compliance  Level (0.1) = 0.100000000000000; Number of Points (5) = 300; Minimum Amplitude (1) = -3.000000000000000; Maximum Amplitude (2) = 4.000000000000000; Timeout (100000 ms) = 100000; Source Mode  (0: Voltage) = 0; 4-wire? = FALSE; delay(S) = 0.000000000000000; Start = ; 

[COMMENT]


[DATA]
time (s)	Voltage (V)	Current (A)	absCurrent (A)	Fitting Resistance (Ohms)

11174.814453125	-3.000688552856445	-0.000112356850877	0.000112356850877	26.912345732202567
11174.8564453125	-2.977361679077148	-0.000112416571938	0.000112416571938	26.912345732202567
11174.8984375	-2.953685760498047	-0.000112447305582	0.000112447305582	26.912345732202567
11174.9404296875	-2.930692672729492	-0.000112481182441	0.000112481182441	26.912345732202567
11174.982421875	-2.907001495361328	-0.000112497597001	0.000112497597001	26.912345732202567
11175.0244140625	-2.883684158325195	-0.000112489098683	0.000112489098683	26.912345732202567
11175.06640625	-2.859981536865234	-0.000112465466373	0.000112465466373	26.912345732202567
11175.1083984375	-2.83665657043457	-0.000112456385978	0.000112456385978	26.912345732202567
11175.150390625	-2.812980651855469	-0.000112448586151	0.000112448586151	26.912345732202567
11175.1923828125	-2.789999008178711	-0.000112417386845	0.000112417386845	26.912345732202567
11175.234375	-2.766304016113281	-0.000112368375994	0.000112368375994	26.912345732202567
11175.2763671875	-2.742973327636719	-0.000112335430458	0.000112335430458	26.912345732202567
11175.318359375	-2.719280242919922	-0.000112311332487	0.000112311332487	26.912345732202567
11175.3603515625	-2.696010589599609	-0.000112269422971	0.000112269422971	26.912345732202567
11175.4013671875	-2.672388076782227	-0.00011221866589	0.00011221866589	26.912345732202567
11175.443359375	-2.649448394775391	-0.000112163717858	0.000112163717858	26.912345732202567
11175.4853515625	-2.625850677490234	-0.00011211913079	0.00011211913079	26.912345732202567
11175.52734375	-2.602567672729492	-0.000112074892968	0.000112074892968	26.912345732202567
11175.5693359375	-2.578935623168945	-0.000112014357001	0.000112014357001	26.912345732202567
11175.611328125	-2.555637359619141	-0.000111939618364	0.000111939618364	26.912345732202567
11175.6533203125	-2.532718658447266	-0.000111878733151	0.000111878733151	26.912345732202567
11175.6953125	-2.509096145629883	-0.000111833796836	0.000111833796836	26.912345732202567
11175.7373046875	-2.485471725463867	-0.000111769069918	0.000111769069918	26.912345732202567
11175.779296875	-2.462202072143555	-0.000111680361442	0.000111680361442	26.912345732202567
11175.8212890625	-2.438589096069336	-0.000111606204882	0.000111606204882	26.912345732202567
11175.86328125	-2.415298461914062	-0.000111542176455	0.000111542176455	26.912345732202567
11175.9052734375	-2.392356872558594	-0.000111475936137	0.000111475936137	26.912345732202567
11175.947265625	-2.368728637695312	-0.000111391651444	0.000111391651444	26.912345732202567
11175.9892578125	-2.345111846923828	-0.000111298752017	0.000111298752017	26.912345732202567
11176.03125	-2.321821212768555	-0.000111224362627	0.000111224362627	26.912345732202567
11176.0732421875	-2.298194885253906	-0.000111141940579	0.000111141940579	26.912345732202567
11176.115234375	-2.275291442871094	-0.00011105008889	0.00011105008889	26.912345732202567
11176.1572265625	-2.25201416015625	-0.000110943685286	0.000110943685286	26.912345732202567
11176.19921875	-2.228368759155273	-0.00011085846927	0.00011085846927	26.912345732202567
11176.2412109375	-2.205087661743164	-0.000110773718916	0.000110773718916	26.912345732202567
11176.283203125	-2.181468963623047	-0.000110669643618	0.000110669643618	26.912345732202567
11176.3251953125	-2.157844543457031	-0.000110549503006	0.000110549503006	26.912345732202567
11176.3671875	-2.134899139404297	-0.000110451015644	0.000110451015644	26.912345732202567
11176.4091796875	-2.111629486083984	-0.000110347522423	0.000110347522423	26.912345732202567
11176.451171875	-2.088024139404297	-0.00011024181731	0.00011024181731	26.912345732202567
11176.4931640625	-2.064722061157227	-0.000110117718577	0.000110117718577	26.912345732202567
11176.53515625	-2.041101455688477	-0.000109995482489	0.000109995482489	26.912345732202567
11176.5771484375	-2.017538070678711	-0.000109888147563	0.000109888147563	26.912345732202567
11176.619140625	-1.994609832763672	-0.000109777785838	0.000109777785838	26.912345732202567
11176.6611328125	-1.971319198608398	-0.00010964286048	0.00010964286048	26.912345732202567
11176.703125	-1.947696685791016	-0.000109504326247	0.000109504326247	26.912345732202567
11176.7451171875	-1.9244384765625	-0.000109374639578	0.000109374639578	26.912345732202567
11176.787109375	-1.90081787109375	-0.000109256128781	0.000109256128781	26.912345732202567
11176.8291015625	-1.877872467041016	-0.000109119922854	0.000109119922854	26.912345732202567
11176.87109375	-1.854244232177734	-0.000108964042738	0.000108964042738	26.912345732202567
11176.9130859375	-1.830970764160156	-0.000108814565465	0.000108814565465	26.912345732202567
11176.955078125	-1.807338714599609	-0.000108680687845	0.000108680687845	26.912345732202567
11176.9970703125	-1.784065246582031	-0.000108539476059	0.000108539476059	26.912345732202567
11177.0390625	-1.76045036315918	-0.000108369276859	0.000108369276859	26.912345732202567
11177.0810546875	-1.737514495849609	-0.000108208507299	0.000108208507299	26.912345732202567
11177.123046875	-1.713872909545898	-0.000108054489829	0.000108054489829	26.912345732202567
11177.1650390625	-1.690595626831055	-0.00010790314991	0.00010790314991	26.912345732202567
11177.20703125	-1.666965484619141	-0.000107720377855	0.000107720377855	26.912345732202567
11177.2490234375	-1.643701553344727	-0.000107539119199	0.000107539119199	26.912345732202567
11177.291015625	-1.620071411132812	-0.000107361120172	0.000107361120172	26.912345732202567
11177.3330078125	-1.597127914428711	-0.000107194529846	0.000107194529846	26.912345732202567
11177.3740234375	-1.573516845703125	-0.000107008498162	0.000107008498162	26.912345732202567
11177.416015625	-1.550241470336914	-0.000106808613054	0.000106808613054	26.912345732202567
11177.4580078125	-1.526613235473633	-0.000106610590592	0.000106610590592	26.912345732202567
11177.5	-1.503320693969727	-0.000106425373815	0.000106425373815	26.912345732202567
11177.5419921875	-1.480388641357422	-0.000106231309474	0.000106231309474	26.912345732202567
11177.583984375	-1.456752777099609	-0.000106003601104	0.000106003601104	26.912345732202567
11177.6259765625	-1.433141708374023	-0.000105787417851	0.000105787417851	26.912345732202567
11177.66796875	-1.409870147705078	-0.000105579383671	0.000105579383671	26.912345732202567
11177.7099609375	-1.386249542236328	-0.000105354120024	0.000105354120024	26.912345732202567
11177.751953125	-1.362957000732422	-0.000105125829577	0.000105125829577	26.912345732202567
11177.7939453125	-1.340015411376953	-0.000104879611172	0.000104879611172	26.912345732202567
11177.8359375	-1.316339492797852	-0.000104652019218	0.000104652019218	26.912345732202567
11177.8779296875	-1.293012619018555	-0.000104415579699	0.000104415579699	26.912345732202567
11177.919921875	-1.26933479309082	-0.00010415748693	0.00010415748693	26.912345732202567
11177.9619140625	-1.245655059814453	-0.000103880302049	0.000103880302049	26.912345732202567
11178.00390625	-1.222343444824219	-0.00010362372268	0.00010362372268	26.912345732202567
11178.0458984375	-1.199344635009766	-0.000103376456536	0.000103376456536	26.912345732202567
11178.087890625	-1.175661087036133	-0.000103095429949	0.000103095429949	26.912345732202567
11178.1298828125	-1.152315139770508	-0.000102807651274	0.000102807651274	26.912345732202567
11178.171875	-1.128646850585937	-0.000102503807284	0.000102503807284	26.912345732202567
11178.2138671875	-1.10496711730957	-0.000102213234641	0.000102213234641	26.912345732202567
11178.255859375	-1.081972122192383	-0.000101925921626	0.000101925921626	26.912345732202567
11178.2978515625	-1.058645248413086	-0.00010159809608	0.00010159809608	26.912345732202567
11178.33984375	-1.034975051879883	-0.000101273064502	0.000101273064502	26.912345732202567
11178.3818359375	-1.011627197265625	-0.000100952573121	0.000100952573121	26.912345732202567
11178.423828125	-0.987939834594727	-0.000100620207377	0.000100620207377	26.912345732202567
11178.4658203125	-0.964262008666992	-0.000100273056887	0.000100273056887	26.912345732202567
11178.55859375	-0.941499710083008	-9.992609557230026E-5	9.992609557230026E-5	26.912345732202567
11178.6005859375	-0.918144226074219	-9.955554560292512E-5	9.955554560292512E-5	26.912345732202567
11178.642578125	-0.894468307495117	-9.918073192238808E-5	9.918073192238808E-5	26.912345732202567
11178.6845703125	-0.871152877807617	-9.880891593638808E-5	9.880891593638808E-5	26.912345732202567
11178.7265625	-0.847478866577148	-9.842602594289929E-5	9.842602594289929E-5	26.912345732202567
11178.7685546875	-0.824125289916992	-9.801945998333395E-5	9.801945998333395E-5	26.912345732202567
11178.810546875	-0.800775527954102	-9.760275133885443E-5	9.760275133885443E-5	26.912345732202567
11178.8525390625	-0.777444839477539	-9.719056834001094E-5	9.719056834001094E-5	26.912345732202567
11178.89453125	-0.753772735595703	-9.676317858975381E-5	9.676317858975381E-5	26.912345732202567
11178.9365234375	-0.730430603027344	-9.6322619356215E-5	9.6322619356215E-5	26.912345732202567
11178.978515625	-0.706758499145508	-9.584604413248599E-5	9.584604413248599E-5	26.912345732202567
11179.0205078125	-0.683767318725586	-9.538547601550817E-5	9.538547601550817E-5	26.912345732202567
11179.0625	-0.660072326660156	-9.491988748777658E-5	9.491988748777658E-5	26.912345732202567
11179.1044921875	-0.636728286743164	-9.442149894312024E-5	9.442149894312024E-5	26.912345732202567
11179.146484375	-0.613107681274414	-9.390621562488377E-5	9.390621562488377E-5	26.912345732202567
11179.1884765625	-0.589794158935547	-9.337985829915851E-5	9.337985829915851E-5	26.912345732202567
11179.23046875	-0.566095352172852	-9.284853877034038E-5	9.284853877034038E-5	26.912345732202567
11179.2724609375	-0.543111801147461	-9.231192234437913E-5	9.231192234437913E-5	26.912345732202567
11179.314453125	-0.519796371459961	-9.174307342618704E-5	9.174307342618704E-5	26.912345732202567
11179.3564453125	-0.49610710144043	-9.114458225667477E-5	9.114458225667477E-5	26.912345732202567
11179.3984375	-0.472410202026367	-9.053651592694223E-5	9.053651592694223E-5	26.912345732202567
11179.4404296875	-0.449079513549805	-8.993792289402336E-5	8.993792289402336E-5	26.912345732202567
11179.482421875	-0.426090240478516	-8.931077900342643E-5	8.931077900342643E-5	26.912345732202567
11179.5244140625	-0.402402877807617	-8.863245602697134E-5	8.863245602697134E-5	26.912345732202567
11179.56640625	-0.379064559936523	-8.795503526926041E-5	8.795503526926041E-5	26.912345732202567
11179.6083984375	-0.355398178100586	-8.726437226869166E-5	8.726437226869166E-5	26.912345732202567
11179.650390625	-0.331720352172852	-8.653650002088398E-5	8.653650002088398E-5	26.912345732202567
11179.6923828125	-0.308382034301758	-8.578944834880531E-5	8.578944834880531E-5	26.912345732202567
11179.734375	-0.285371780395508	-8.502633136231452E-5	8.502633136231452E-5	26.912345732202567
11179.7763671875	-0.261688232421875	-8.422875544056296E-5	8.422875544056296E-5	26.912345732202567
11179.818359375	-0.238365173339844	-8.342217188328505E-5	8.342217188328505E-5	26.912345732202567
11179.8603515625	-0.21467399597168	-8.25658644316718E-5	8.25658644316718E-5	26.912345732202567
11179.90234375	-0.190990447998047	-8.166285988409072E-5	8.166285988409072E-5	26.912345732202567
11179.9443359375	-0.167669296264648	-8.076109224930406E-5	8.076109224930406E-5	26.912345732202567
11179.986328125	-0.144676208496094	-7.984292460605502E-5	7.984292460605502E-5	26.912345732202567
11180.0283203125	-0.120994567871094	-7.8858996857889E-5	7.8858996857889E-5	26.912345732202567
11180.0703125	-0.097650527954102	-7.783787441439927E-5	7.783787441439927E-5	26.912345732202567
11180.1123046875	-0.073968887329102	-7.676114910282195E-5	7.676114910282195E-5	26.912345732202567
11180.154296875	-0.050622940063477	-7.567925786133856E-5	7.567925786133856E-5	26.912345732202567
11180.1962890625	-0.02729606628418	-7.454740989487618E-5	7.454740989487618E-5	26.912345732202567
11180.23828125	-0.003969192504883	-7.334534893743694E-5	7.334534893743694E-5	26.912345732202567
11180.2802734375	0.02000617980957	-7.204832218121737E-5	7.204832218121737E-5	26.912345732202567
11180.322265625	0.043708801269531	-7.067949627526104E-5	7.067949627526104E-5	26.912345732202567
11180.3642578125	0.06706428527832	-6.919144652783871E-5	6.919144652783871E-5	26.912345732202567
11180.40625	0.090728759765625	-6.741812103427947E-5	6.741812103427947E-5	26.912345732202567
11180.4482421875	0.113735198974609	-6.51314330752939E-5	6.51314330752939E-5	26.912345732202567
11180.490234375	0.137420654296875	-6.152089918032289E-5	6.152089918032289E-5	26.912345732202567
11180.5322265625	0.160774230957031	-5.507265450432897E-5	5.507265450432897E-5	26.912345732202567
11180.57421875	0.184476852416992	-4.163532867096364E-5	4.163532867096364E-5	26.912345732202567
11180.6162109375	0.207853317260742	-1.282004814129323E-5	1.282004814129323E-5	26.912345732202567
11180.658203125	0.231658935546875	4.92305334773846E-5	4.92305334773846E-5	26.912345732202567
11180.7939453125	0.254602432250977	0.000197994755581	0.000197994755581	26.912345732202567
11180.8349609375	0.27833366394043	0.000483541633002	0.000483541633002	26.912345732202567
11180.876953125	0.301765441894531	0.000982491648756	0.000982491648756	26.912345732202567
11181.01171875	0.325277328491211	0.001804329454899	0.001804329454899	26.912345732202567
11181.0537109375	0.34864616394043	0.002840598113835	0.002840598113835	26.912345732202567
11181.095703125	0.371635437011719	0.004079517908394	0.004079517908394	26.912345732202567
11181.1376953125	0.395357131958008	0.005528267007321	0.005528267007321	26.912345732202567
11181.1796875	0.4190673828125	0.00711079267785	0.00711079267785	26.912345732202567
11181.2216796875	0.442432403564453	0.00876844022423	0.00876844022423	26.912345732202567
11181.3095703125	0.465948104858398	0.010553799569607	0.010553799569607	26.912345732202567
11181.3515625	0.489286422729492	0.012343756854534	0.012343756854534	26.912345732202567
11181.3935546875	0.512296676635742	0.014159999787807	0.014159999787807	26.912345732202567
11181.435546875	0.535972595214844	0.016068667173386	0.016068667173386	26.912345732202567
11181.4775390625	0.559646606445312	0.018008396029472	0.018008396029472	26.912345732202567
11181.51953125	0.582973480224609	0.019946977496147	0.019946977496147	26.912345732202567
11181.5615234375	0.606666564941406	0.021937355399132	0.021937355399132	26.912345732202567
11181.603515625	0.629997253417969	0.023916825652122	0.023916825652122	26.912345732202567
11181.6455078125	0.652927398681641	0.025876305997372	0.025876305997372	26.912345732202567
11181.6875	0.676618576049805	0.027915142476559	0.027915142476559	26.912345732202567
11181.7294921875	0.699958801269531	0.029936976730824	0.029936976730824	26.912345732202567
11181.771484375	0.72361946105957	0.031996794044971	0.031996794044971	26.912345732202567
11181.8134765625	0.747308731079102	0.034068070352077	0.034068070352077	26.912345732202567
11181.85546875	0.770313262939453	0.036087401211262	0.036087401211262	26.912345732202567
11181.8974609375	0.793657302856445	0.038143061101437	0.038143061101437	26.912345732202567
11181.939453125	0.817329406738281	0.040236577391624	0.040236577391624	26.912345732202567
11181.9814453125	0.840671539306641	0.042304024100304	0.042304024100304	26.912345732202567
11182.0234375	0.86436653137207	0.044408038258553	0.044408038258553	26.912345732202567
11182.0654296875	0.888050079345703	0.04651353508234	0.04651353508234	26.912345732202567
11182.107421875	0.911033630371094	0.048561744391918	0.048561744391918	26.912345732202567
11182.1494140625	0.934370040893555	0.050652161240578	0.050652161240578	26.912345732202567
11182.19140625	0.958057403564453	0.052771970629692	0.052771970629692	26.912345732202567
11182.2333984375	0.981389999389648	0.054861180484295	0.054861180484295	26.912345732202567
11182.275390625	1.005081176757812	0.05698661506176	0.05698661506176	26.912345732202567
11182.3173828125	1.028413772583008	0.059086628258228	0.059086628258228	26.912345732202567
11182.359375	1.051773071289062	0.061189264059067	0.061189264059067	26.912345732202567
11182.4013671875	1.075080871582031	0.06329146027565	0.06329146027565	26.912345732202567
11182.443359375	1.09876823425293	0.065431728959084	0.065431728959084	26.912345732202567
11182.4853515625	1.122116088867187	0.067542091012001	0.067542091012001	26.912345732202567
11182.52734375	1.14579963684082	0.069693684577942	0.069693684577942	26.912345732202567
11182.5693359375	1.168787002563477	0.071783266961575	0.071783266961575	26.912345732202567
11182.611328125	1.192129135131836	0.073919795453548	0.073919795453548	26.912345732202567
11182.6533203125	1.215816497802734	0.076081372797489	0.076081372797489	26.912345732202567
11182.6953125	1.239501953125	0.078248292207718	0.078248292207718	26.912345732202567
11182.736328125	1.262836456298828	0.080405928194523	0.080405928194523	26.912345732202567
11182.7783203125	1.286508560180664	0.08259879052639	0.08259879052639	26.912345732202567
11182.8203125	1.309516906738281	0.084749199450016	0.084749199450016	26.912345732202567
11182.8623046875	1.332843780517578	0.086914338171482	0.086914338171482	26.912345732202567
11182.904296875	1.356494903564453	0.089492678642273	0.089492678642273	26.912345732202567
11182.9462890625	1.380130767822266	0.091813623905182	0.091813623905182	26.912345732202567
11182.98828125	1.403419494628906	0.094137653708458	0.094137653708458	26.912345732202567
11183.0302734375	1.426319122314453	0.09658295661211	0.09658295661211	26.912345732202567
11183.072265625	1.442317962646484	0.099998869001865	0.099998869001865	26.912345732202567
11183.1142578125	1.438510894775391	0.100002735853195	0.100002735853195	26.912345732202567
11183.1572265625	1.436626434326172	0.100002765655518	0.100002765655518	26.912345732202567
11183.19921875	1.435676574707031	0.100002743303776	0.100002743303776	26.912345732202567
11183.2412109375	1.435150146484375	0.100002735853195	0.100002735853195	26.912345732202567
11183.283203125	1.434825897216797	0.100002735853195	0.100002735853195	26.912345732202567
11183.326171875	1.434581756591797	0.100002728402615	0.100002728402615	26.912345732202567
11183.3681640625	1.43440055847168	0.100002720952034	0.100002720952034	26.912345732202567
11183.41015625	1.434242248535156	0.100002802908421	0.100002802908421	26.912345732202567
11183.4521484375	1.434194564819336	0.100002750754356	0.100002750754356	26.912345732202567
11183.4951171875	1.433992385864258	0.100002750754356	0.100002750754356	26.912345732202567
11183.537109375	1.433675765991211	0.100002758204937	0.100002758204937	26.912345732202567
11183.5791015625	1.433530807495117	0.100002728402615	0.100002728402615	26.912345732202567
11183.62109375	1.433229446411133	0.100002750754356	0.100002750754356	26.912345732202567
11183.6640625	1.433073043823242	0.100002765655518	0.100002765655518	26.912345732202567
11183.7060546875	1.43284797668457	0.100002765655518	0.100002765655518	26.912345732202567
11183.748046875	1.432586669921875	0.100002765655518	0.100002765655518	26.912345732202567
11183.7900390625	1.432289123535156	0.100002735853195	0.100002735853195	26.912345732202567
11183.8330078125	1.432071685791016	0.100002765655518	0.100002765655518	26.912345732202567
11183.875	1.431842803955078	0.100002728402615	0.100002728402615	26.912345732202567
11183.9169921875	1.431562423706055	0.100002743303776	0.100002743303776	26.912345732202567
11183.958984375	1.43121337890625	0.100002750754356	0.100002750754356	26.912345732202567
11184.001953125	1.430824279785156	0.100002773106098	0.100002773106098	26.912345732202567
11184.0439453125	1.430414199829102	0.100002802908421	0.100002802908421	26.912345732202567
11184.0859375	1.429981231689453	0.100002773106098	0.100002773106098	26.912345732202567
11184.1279296875	1.429729461669922	0.100002750754356	0.100002750754356	26.912345732202567
11184.1708984375	1.429525375366211	0.100002743303776	0.100002743303776	26.912345732202567
11184.212890625	1.42930793762207	0.100002765655518	0.100002765655518	26.912345732202567
11184.2548828125	1.429113388061523	0.100002758204937	0.100002758204937	26.912345732202567
11184.296875	1.428802490234375	0.100002788007259	0.100002788007259	26.912345732202567
11184.33984375	1.428123474121094	0.100002773106098	0.100002773106098	26.912345732202567
11184.3818359375	1.427511215209961	0.100002788007259	0.100002788007259	26.912345732202567
11184.423828125	1.426788330078125	0.100002773106098	0.100002773106098	26.912345732202567
11184.4658203125	1.426210403442383	0.100002802908421	0.100002802908421	26.912345732202567
11184.5087890625	1.424406051635742	0.10000279545784	0.10000279545784	26.912345732202567
11184.55078125	1.423666000366211	0.100002802908421	0.100002802908421	26.912345732202567
11184.5927734375	1.423185348510742	0.100002773106098	0.100002773106098	26.912345732202567
11184.634765625	1.42289924621582	0.100002788007259	0.100002788007259	26.912345732202567
11184.677734375	1.422578811645508	0.100002840161324	0.100002840161324	26.912345732202567
11184.7197265625	1.422304153442383	0.100002773106098	0.100002773106098	26.912345732202567
11184.76171875	1.422052383422852	0.100002788007259	0.100002788007259	26.912345732202567
11184.8037109375	1.42181396484375	0.100002780556679	0.100002780556679	26.912345732202567
11184.8466796875	1.421533584594727	0.10000279545784	0.10000279545784	26.912345732202567
11184.888671875	1.421367645263672	0.100002743303776	0.100002743303776	26.912345732202567
11184.9306640625	1.421136856079102	0.100002773106098	0.100002773106098	26.912345732202567
11184.97265625	1.420909881591797	0.100002773106098	0.100002773106098	26.912345732202567
11185.015625	1.42072868347168	0.100002750754356	0.100002750754356	26.912345732202567
11185.0576171875	1.420547485351562	0.100002728402615	0.100002728402615	26.912345732202567
11185.099609375	1.420406341552734	0.100002758204937	0.100002758204937	26.912345732202567
11185.142578125	1.420263290405273	0.100002780556679	0.100002780556679	26.912345732202567
11185.1845703125	1.420089721679687	0.100002735853195	0.100002735853195	26.912345732202567
11185.2265625	1.419878005981445	0.100002773106098	0.100002773106098	26.912345732202567
11185.2685546875	1.419727325439453	0.100002758204937	0.100002758204937	26.912345732202567
11185.3115234375	1.419593811035156	0.100002735853195	0.100002735853195	26.912345732202567
11185.353515625	1.419483184814453	0.100002765655518	0.100002765655518	26.912345732202567
11185.3955078125	1.419326782226562	0.100002765655518	0.100002765655518	26.912345732202567
11185.4375	1.419214248657227	0.100002765655518	0.100002765655518	26.912345732202567
11185.48046875	1.419111251831055	0.100002743303776	0.100002743303776	26.912345732202567
11185.5224609375	1.418960571289062	0.100002788007259	0.100002788007259	26.912345732202567
11185.564453125	1.418880462646484	0.100002773106098	0.100002773106098	26.912345732202567
11185.6064453125	1.418787002563477	0.100002728402615	0.100002728402615	26.912345732202567
11185.6494140625	1.418691635131836	0.100002773106098	0.100002773106098	26.912345732202567
11185.69140625	1.418622970581055	0.100002765655518	0.100002765655518	26.912345732202567
11185.7333984375	1.418525695800781	0.100002758204937	0.100002758204937	26.912345732202567
11185.7763671875	1.41845703125	0.100002780556679	0.100002780556679	26.912345732202567
11185.818359375	1.418401718139648	0.100002758204937	0.100002758204937	26.912345732202567
11185.8603515625	1.418327331542969	0.10000279545784	0.10000279545784	26.912345732202567
11185.90234375	1.418220520019531	0.100002743303776	0.100002743303776	26.912345732202567
11185.9453125	1.418182373046875	0.100002773106098	0.100002773106098	26.912345732202567
11185.9873046875	1.418096542358398	0.100002728402615	0.100002728402615	26.912345732202567
11186.029296875	1.418003082275391	0.100002728402615	0.100002728402615	26.912345732202567
11186.0712890625	1.417947769165039	0.100002691149712	0.100002691149712	26.912345732202567
11186.1142578125	1.417884826660156	0.100002728402615	0.100002728402615	26.912345732202567
11186.15625	1.417844772338867	0.100002698600292	0.100002698600292	26.912345732202567
11186.1982421875	1.417810440063477	0.100002698600292	0.100002698600292	26.912345732202567
11186.2412109375	1.417751312255859	0.100002706050873	0.100002706050873	26.912345732202567
11186.283203125	1.417749404907227	0.100002720952034	0.100002720952034	26.912345732202567
11186.3251953125	1.417665481567383	0.100002706050873	0.100002706050873	26.912345732202567
11186.3671875	1.417617797851562	0.100002728402615	0.100002728402615	26.912345732202567
11186.41015625	1.417545318603516	0.100002706050873	0.100002706050873	26.912345732202567
11186.4521484375	1.417472839355469	0.100002698600292	0.100002698600292	26.912345732202567
11186.494140625	1.417438507080078	0.100002683699131	0.100002683699131	26.912345732202567
11186.5361328125	1.417409896850586	0.100002728402615	0.100002728402615	26.912345732202567
11186.5791015625	1.417312622070312	0.100002683699131	0.100002683699131	26.912345732202567
11186.62109375	1.417221069335937	0.100002773106098	0.100002773106098	26.912345732202567
11186.6630859375	1.41716194152832	0.100002735853195	0.100002735853195	26.912345732202567
11186.705078125	1.417160034179687	0.100002758204937	0.100002758204937	26.912345732202567
11186.748046875	1.417140960693359	0.100002735853195	0.100002735853195	26.912345732202567
11186.7900390625	1.417098999023437	0.100002750754356	0.100002750754356	26.912345732202567
11186.83203125	1.417057037353516	0.100002758204937	0.100002758204937	26.912345732202567
11186.8740234375	1.417020797729492	0.100002720952034	0.100002720952034	26.912345732202567
11186.9169921875	1.416980743408203	0.100002765655518	0.100002765655518	26.912345732202567
11186.958984375	1.416923522949219	0.100002735853195	0.100002735853195	26.912345732202567
11187.0009765625	1.416887283325195	0.100002743303776	0.100002743303776	26.912345732202567
11187.04296875	1.416873931884766	0.100002750754356	0.100002750754356	26.912345732202567
11187.0859375	1.416847229003906	0.100002780556679	0.100002780556679	26.912345732202567
11187.1279296875	1.416759490966797	0.100002750754356	0.100002750754356	26.912345732202567
11187.169921875	1.416732788085937	0.100002750754356	0.100002750754356	26.912345732202567
11187.212890625	1.416711807250977	0.100002720952034	0.100002720952034	26.912345732202567
11187.2548828125	1.416671752929687	0.100002765655518	0.100002765655518	26.912345732202567
11187.296875	1.416645050048828	0.100002765655518	0.100002765655518	26.912345732202567
11187.3388671875	1.416599273681641	0.100002758204937	0.100002758204937	26.912345732202567
11187.3818359375	1.416582107543945	0.100002780556679	0.100002780556679	26.912345732202567
11187.423828125	1.416532516479492	0.100002728402615	0.100002728402615	26.912345732202567
11187.4658203125	1.416479110717773	0.100002720952034	0.100002720952034	26.912345732202567
11187.5078125	1.416414260864258	0.100002765655518	0.100002765655518	26.912345732202567
11187.55078125	1.416378021240234	0.100002743303776	0.100002743303776	26.912345732202567
11187.5927734375	1.416353225708008	0.100002743303776	0.100002743303776	26.912345732202567
11187.634765625	1.416313171386719	0.100002706050873	0.100002706050873	26.912345732202567
11187.677734375	1.416259765625	0.100002765655518	0.100002765655518	26.912345732202567
