[INFO]
Keithley 2400
Meas Time: 2021/1/19 16:11:29
Params: GPIB address = GPIB0::21::INSTR; DataFile = D:\工艺实验\刘家宇; Compliance  Level (0.1) = 0.100000000000000; Number of Points (5) = 300; Minimum Amplitude (1) = -3.000000000000000; Maximum Amplitude (2) = 4.000000000000000; Timeout (100000 ms) = 100000; Source Mode  (0: Voltage) = 0; 4-wire? = FALSE; delay(S) = 0.000000000000000; Start = ; 

[COMMENT]


[DATA]
time (s)	Voltage (V)	Current (A)	absCurrent (A)	Fitting Resistance (Ohms)

11394.21484375	-3.000808715820312	-6.354437209665775E-5	6.354437209665775E-5	46.953322158062456
11394.2578125	-2.977483749389648	-6.372350617311895E-5	6.372350617311895E-5	46.953322158062456
11394.2998046875	-2.953807830810547	-6.376991223078221E-5	6.376991223078221E-5	46.953322158062456
11394.341796875	-2.930809020996094	-6.378843681886792E-5	6.378843681886792E-5	46.953322158062456
11394.3837890625	-2.907119750976562	-6.378474063239992E-5	6.378474063239992E-5	46.953322158062456
11394.42578125	-2.883800506591797	-6.376286910381168E-5	6.376286910381168E-5	46.953322158062456
11394.4677734375	-2.860107421875	-6.37318444205448E-5	6.37318444205448E-5	46.953322158062456
11394.509765625	-2.836772918701172	-6.370549090206623E-5	6.370549090206623E-5	46.953322158062456
11394.5517578125	-2.813104629516602	-6.367577589116991E-5	6.367577589116991E-5	46.953322158062456
11394.59375	-2.790115356445312	-6.363261491060257E-5	6.363261491060257E-5	46.953322158062456
11394.6357421875	-2.766422271728516	-6.358414248097688E-5	6.358414248097688E-5	46.953322158062456
11394.677734375	-2.743082046508789	-6.353436037898064E-5	6.353436037898064E-5	46.953322158062456
11394.7197265625	-2.719392776489258	-6.348843453451991E-5	6.348843453451991E-5	46.953322158062456
11394.76171875	-2.696123123168945	-6.343932182062417E-5	6.343932182062417E-5	46.953322158062456
11394.8037109375	-2.672500610351562	-6.337717059068382E-5	6.337717059068382E-5	46.953322158062456
11394.845703125	-2.649559020996094	-6.331461190711707E-5	6.331461190711707E-5	46.953322158062456
11394.8876953125	-2.625949859619141	-6.325547292362899E-5	6.325547292362899E-5	46.953322158062456
11394.9296875	-2.602678298950195	-6.319861859083176E-5	6.319861859083176E-5	46.953322158062456
11394.9716796875	-2.57905387878418	-6.313348421826959E-5	6.313348421826959E-5	46.953322158062456
11395.013671875	-2.555757522583008	-6.305730494204909E-5	6.305730494204909E-5	46.953322158062456
11395.0556640625	-2.532831192016602	-6.298541848082095E-5	6.298541848082095E-5	46.953322158062456
11395.09765625	-2.509204864501953	-6.291910540312529E-5	6.291910540312529E-5	46.953322158062456
11395.1396484375	-2.485589981079102	-6.284957635216415E-5	6.284957635216415E-5	46.953322158062456
11395.181640625	-2.462316513061523	-6.277258216869086E-5	6.277258216869086E-5	46.953322158062456
11395.2236328125	-2.43870735168457	-6.268397555686533E-5	6.268397555686533E-5	46.953322158062456
11395.265625	-2.415407180786133	-6.260612281039357E-5	6.260612281039357E-5	46.953322158062456
11395.3076171875	-2.392475128173828	-6.253369792830199E-5	6.253369792830199E-5	46.953322158062456
11395.349609375	-2.368852615356445	-6.244897667784244E-5	6.244897667784244E-5	46.953322158062456
11395.3916015625	-2.345237731933594	-6.235782348085195E-5	6.235782348085195E-5	46.953322158062456
11395.43359375	-2.321941375732422	-6.226242112461478E-5	6.226242112461478E-5	46.953322158062456
11395.4755859375	-2.298322677612305	-6.21794315520674E-5	6.21794315520674E-5	46.953322158062456
11395.517578125	-2.275405883789062	-6.209539424162358E-5	6.209539424162358E-5	46.953322158062456
11395.5595703125	-2.252130508422852	-6.199862400535494E-5	6.199862400535494E-5	46.953322158062456
11395.6015625	-2.228494644165039	-6.18946214672178E-5	6.18946214672178E-5	46.953322158062456
11395.6435546875	-2.205196380615234	-6.179581396281719E-5	6.179581396281719E-5	46.953322158062456
11395.6845703125	-2.181598663330078	-6.170303095132113E-5	6.170303095132113E-5	46.953322158062456
11395.7265625	-2.157970428466797	-6.160305929370224E-5	6.160305929370224E-5	46.953322158062456
11395.7685546875	-2.135026931762695	-6.149485125206411E-5	6.149485125206411E-5	46.953322158062456
11395.810546875	-2.111761093139648	-6.138571188785136E-5	6.138571188785136E-5	46.953322158062456
11395.8525390625	-2.088138580322266	-6.128281529527158E-5	6.128281529527158E-5	46.953322158062456
11395.89453125	-2.064855575561523	-6.117852171882987E-5	6.117852171882987E-5	46.953322158062456
11395.9365234375	-2.041221618652344	-6.106222281232476E-5	6.106222281232476E-5	46.953322158062456
11395.978515625	-2.01765251159668	-6.093989941291511E-5	6.093989941291511E-5	46.953322158062456
11396.0205078125	-1.994728088378906	-6.082822801545262E-5	6.082822801545262E-5	46.953322158062456
11396.0625	-1.971441268920898	-6.071636744309217E-5	6.071636744309217E-5	46.953322158062456
11396.1044921875	-1.947818756103516	-6.059531006030738E-5	6.059531006030738E-5	46.953322158062456
11396.146484375	-1.924562454223633	-6.046773341950029E-5	6.046773341950029E-5	46.953322158062456
11396.1884765625	-1.900928497314453	-6.033248791936785E-5	6.033248791936785E-5	46.953322158062456
11396.23046875	-1.877985000610352	-6.02139625698328E-5	6.02139625698328E-5	46.953322158062456
11396.2724609375	-1.8543701171875	-6.009025673847646E-5	6.009025673847646E-5	46.953322158062456
11396.314453125	-1.831092834472656	-5.995253741275519E-5	5.995253741275519E-5	46.953322158062456
11396.3564453125	-1.807449340820312	-5.980957939755172E-5	5.980957939755172E-5	46.953322158062456
11396.3984375	-1.784185409545898	-5.967526521999389E-5	5.967526521999389E-5	46.953322158062456
11396.4404296875	-1.760566711425781	-5.954236257821321E-5	5.954236257821321E-5	46.953322158062456
11396.482421875	-1.737638473510742	-5.94041048316285E-5	5.94041048316285E-5	46.953322158062456
11396.5244140625	-1.713987350463867	-5.924771539866924E-5	5.924771539866924E-5	46.953322158062456
11396.56640625	-1.690708160400391	-5.909666651859879E-5	5.909666651859879E-5	46.953322158062456
11396.6083984375	-1.667079925537109	-5.894957575947046E-5	5.894957575947046E-5	46.953322158062456
11396.650390625	-1.643810272216797	-5.88004186283797E-5	5.88004186283797E-5	46.953322158062456
11396.6923828125	-1.62017822265625	-5.86393871344626E-5	5.86393871344626E-5	46.953322158062456
11396.734375	-1.597240447998047	-5.847649299539626E-5	5.847649299539626E-5	46.953322158062456
11396.7763671875	-1.573635101318359	-5.831822636537254E-5	5.831822636537254E-5	46.953322158062456
11396.818359375	-1.550357818603516	-5.815891199745238E-5	5.815891199745238E-5	46.953322158062456
11396.8603515625	-1.526727676391602	-5.798922211397439E-5	5.798922211397439E-5	46.953322158062456
11396.90234375	-1.503438949584961	-5.78137842239812E-5	5.78137842239812E-5	46.953322158062456
11396.9443359375	-1.480504989624023	-5.764006345998496E-5	5.764006345998496E-5	46.953322158062456
11396.986328125	-1.456871032714844	-5.746884562540799E-5	5.746884562540799E-5	46.953322158062456
11397.0283203125	-1.433258056640625	-5.729241820517927E-5	5.729241820517927E-5	46.953322158062456
11397.0703125	-1.40998649597168	-5.710351979359984E-5	5.710351979359984E-5	46.953322158062456
11397.1123046875	-1.386356353759766	-5.690869875252247E-5	5.690869875252247E-5	46.953322158062456
11397.154296875	-1.363061904907227	-5.671729741152376E-5	5.671729741152376E-5	46.953322158062456
11397.1962890625	-1.340110778808594	-5.653667903970927E-5	5.653667903970927E-5	46.953322158062456
11397.23828125	-1.31645393371582	-5.633705586660653E-5	5.633705586660653E-5	46.953322158062456
11397.2802734375	-1.293123245239258	-5.612996756099164E-5	5.612996756099164E-5	46.953322158062456
11397.322265625	-1.269441604614258	-5.5915821576491E-5	5.5915821576491E-5	46.953322158062456
11397.3642578125	-1.245756149291992	-5.570895154960454E-5	5.570895154960454E-5	46.953322158062456
11397.40625	-1.222440719604492	-5.550330388359725E-5	5.550330388359725E-5	46.953322158062456
11397.4482421875	-1.199445724487305	-5.5289565352723E-5	5.5289565352723E-5	46.953322158062456
11397.490234375	-1.175764083862305	-5.50552795175463E-5	5.50552795175463E-5	46.953322158062456
11397.5322265625	-1.152420043945312	-5.48294628970325E-5	5.48294628970325E-5	46.953322158062456
11397.57421875	-1.128749847412109	-5.460242391563952E-5	5.460242391563952E-5	46.953322158062456
11397.6162109375	-1.105072021484375	-5.437132494989783E-5	5.437132494989783E-5	46.953322158062456
11397.658203125	-1.08207893371582	-5.413088365457952E-5	5.413088365457952E-5	46.953322158062456
11397.7001953125	-1.058748245239258	-5.388389399740845E-5	5.388389399740845E-5	46.953322158062456
11397.7412109375	-1.035064697265625	-5.363329546526074E-5	5.363329546526074E-5	46.953322158062456
11397.783203125	-1.011714935302734	-5.33873972017318E-5	5.33873972017318E-5	46.953322158062456
11397.8251953125	-0.988021850585937	-5.312598659656942E-5	5.312598659656942E-5	46.953322158062456
11397.8671875	-0.964351654052734	-5.285063525661826E-5	5.285063525661826E-5	46.953322158062456
11397.9091796875	-0.941364288330078	-5.258695455268025E-5	5.258695455268025E-5	46.953322158062456
11397.951171875	-0.918022155761719	-5.232002877164632E-5	5.232002877164632E-5	46.953322158062456
11397.9931640625	-0.894344329833984	-5.204392073210329E-5	5.204392073210329E-5	46.953322158062456
11398.03515625	-0.87101936340332	-5.175379919819534E-5	5.175379919819534E-5	46.953322158062456
11398.0771484375	-0.84735107421875	-5.145269096828997E-5	5.145269096828997E-5	46.953322158062456
11398.119140625	-0.823997497558594	-5.116163811180741E-5	5.116163811180741E-5	46.953322158062456
11398.1611328125	-0.800662994384766	-5.0867281970568E-5	5.0867281970568E-5	46.953322158062456
11398.203125	-0.77733039855957	-5.055752990301698E-5	5.055752990301698E-5	46.953322158062456
11398.2451171875	-0.753627777099609	-5.023217818234116E-5	5.023217818234116E-5	46.953322158062456
11398.287109375	-0.730306625366211	-4.991450987290591E-5	4.991450987290591E-5	46.953322158062456
11398.3291015625	-0.706634521484375	-4.958994395565242E-5	4.958994395565242E-5	46.953322158062456
11398.37109375	-0.683649063110352	-4.926502879243344E-5	4.926502879243344E-5	46.953322158062456
11398.4130859375	-0.659952163696289	-4.891086427960545E-5	4.891086427960545E-5	46.953322158062456
11398.455078125	-0.636598587036133	-4.856032319366932E-5	4.856032319366932E-5	46.953322158062456
11398.4970703125	-0.612987518310547	-4.820508183911443E-5	4.820508183911443E-5	46.953322158062456
11398.5390625	-0.589666366577148	-4.784805059898645E-5	4.784805059898645E-5	46.953322158062456
11398.5810546875	-0.565980911254883	-4.746660124510527E-5	4.746660124510527E-5	46.953322158062456
11398.623046875	-0.54298210144043	-4.708762571681291E-5	4.708762571681291E-5	46.953322158062456
11398.6650390625	-0.519668579101562	-4.669999179895967E-5	4.669999179895967E-5	46.953322158062456
11398.70703125	-0.495994567871094	-4.630499461200088E-5	4.630499461200088E-5	46.953322158062456
11398.7490234375	-0.472297668457031	-4.589409218169749E-5	4.589409218169749E-5	46.953322158062456
11398.791015625	-0.448965072631836	-4.547754360828549E-5	4.547754360828549E-5	46.953322158062456
11398.8330078125	-0.425971984863281	-4.505307879298925E-5	4.505307879298925E-5	46.953322158062456
11398.875	-0.40228271484375	-4.461729258764535E-5	4.461729258764535E-5	46.953322158062456
11398.9169921875	-0.37895393371582	-4.417884338181466E-5	4.417884338181466E-5	46.953322158062456
11398.958984375	-0.355279922485352	-4.371316754259169E-5	4.371316754259169E-5	46.953322158062456
11399.0009765625	-0.33160400390625	-4.32340893894434E-5	4.32340893894434E-5	46.953322158062456
11399.04296875	-0.308246612548828	-4.275556420907378E-5	4.275556420907378E-5	46.953322158062456
11399.0849609375	-0.285243988037109	-4.227014142088592E-5	4.227014142088592E-5	46.953322158062456
11399.126953125	-0.261568069458008	-4.176786751486361E-5	4.176786751486361E-5	46.953322158062456
11399.1689453125	-0.238246917724609	-4.124679253436625E-5	4.124679253436625E-5	46.953322158062456
11399.2109375	-0.214553833007812	-4.069985880050808E-5	4.069985880050808E-5	46.953322158062456
11399.2529296875	-0.190866470336914	-4.014978185296059E-5	4.014978185296059E-5	46.953322158062456
11399.294921875	-0.167560577392578	-3.95967363147065E-5	3.95967363147065E-5	46.953322158062456
11399.3369140625	-0.144567489624023	-3.902417665813118E-5	3.902417665813118E-5	46.953322158062456
11399.37890625	-0.120861053466797	-3.841739089693874E-5	3.841739089693874E-5	46.953322158062456
11399.4208984375	-0.097530364990234	-3.779890539590269E-5	3.779890539590269E-5	46.953322158062456
11399.462890625	-0.073862075805664	-3.716172068379819E-5	3.716172068379819E-5	46.953322158062456
11399.5048828125	-0.050514221191406	-3.650870348792523E-5	3.650870348792523E-5	46.953322158062456
11399.546875	-0.027175903320312	-3.582407953217626E-5	3.582407953217626E-5	46.953322158062456
11399.5888671875	-0.003847122192383	-3.51148919435218E-5	3.51148919435218E-5	46.953322158062456
11399.630859375	0.020092010498047	-3.436066617723554E-5	3.436066617723554E-5	46.953322158062456
11399.6728515625	0.043785095214844	-3.357729292474687E-5	3.357729292474687E-5	46.953322158062456
11399.71484375	0.067136764526367	-3.275972267147154E-5	3.275972267147154E-5	46.953322158062456
11399.7568359375	0.090810775756836	-3.185276000294834E-5	3.185276000294834E-5	46.953322158062456
11399.798828125	0.113805770874023	-3.084228956140578E-5	3.084228956140578E-5	46.953322158062456
11399.8408203125	0.137487411499023	-2.955952368211001E-5	2.955952368211001E-5	46.953322158062456
11399.8828125	0.16084098815918	-2.777951885946095E-5	2.777951885946095E-5	46.953322158062456
11399.9248046875	0.184514999389648	-2.483943535480648E-5	2.483943535480648E-5	46.953322158062456
11399.966796875	0.207857131958008	-1.950887963175774E-5	1.950887963175774E-5	46.953322158062456
11400.0634765625	0.231405258178711	-8.602671186963562E-6	8.602671186963562E-6	46.953322158062456
11400.203125	0.254587173461914	1.311160303885117E-5	1.311160303885117E-5	46.953322158062456
11400.2451171875	0.278354644775391	5.70809788769111E-5	5.70809788769111E-5	46.953322158062456
11400.380859375	0.301599502563477	0.000149564235471	0.000149564235471	46.953322158062456
11400.4228515625	0.32530403137207	0.000312820367981	0.000312820367981	46.953322158062456
11400.46484375	0.34870719909668	0.000568120216485	0.000568120216485	46.953322158062456
11400.505859375	0.371738433837891	0.000914306205232	0.000914306205232	46.953322158062456
11400.640625	0.395263671875	0.001375281251967	0.001375281251967	46.953322158062456
11400.6826171875	0.418964385986328	0.001894200220704	0.001894200220704	46.953322158062456
11400.724609375	0.442316055297852	0.00246227812022	0.00246227812022	46.953322158062456
11400.7666015625	0.46599006652832	0.003080891445279	0.003080891445279	46.953322158062456
11400.80859375	0.489341735839844	0.003723377361894	0.003723377361894	46.953322158062456
11400.8505859375	0.512372970581055	0.004381079226732	0.004381079226732	46.953322158062456
11400.892578125	0.53605842590332	0.005078609567136	0.005078609567136	46.953322158062456
11400.9345703125	0.559732437133789	0.005792993120849	0.005792993120849	46.953322158062456
11400.9765625	0.583078384399414	0.006510627456009	0.006510627456009	46.953322158062456
11401.0185546875	0.606781005859375	0.007250529713929	0.007250529713929	46.953322158062456
11401.060546875	0.630132675170898	0.007988680154085	0.007988680154085	46.953322158062456
11401.1025390625	0.653076171875	0.008721488527954	0.008721488527954	46.953322158062456
11401.14453125	0.676755905151367	0.009485407732427	0.009485407732427	46.953322158062456
11401.1865234375	0.700119018554687	0.010245067067444	0.010245067067444	46.953322158062456
11401.2744140625	0.723590850830078	0.011033937335014	0.011033937335014	46.953322158062456
11401.31640625	0.74726676940918	0.011813551187515	0.011813551187515	46.953322158062456
11401.3583984375	0.77027702331543	0.012575373053551	0.012575373053551	46.953322158062456
11401.400390625	0.793603897094727	0.013351760804653	0.013351760804653	46.953322158062456
11401.4423828125	0.817283630371094	0.014143340289593	0.014143340289593	46.953322158062456
11401.484375	0.84062385559082	0.014925271272659	0.014925271272659	46.953322158062456
11401.5263671875	0.86433219909668	0.015721991658211	0.015721991658211	46.953322158062456
11401.568359375	0.888002395629883	0.016520887613297	0.016520887613297	46.953322158062456
11401.6103515625	0.910987854003906	0.017298124730587	0.017298124730587	46.953322158062456
11401.65234375	0.934316635131836	0.018087685108185	0.018087685108185	46.953322158062456
11401.6943359375	0.958003997802734	0.018890984356403	0.018890984356403	46.953322158062456
11401.736328125	0.981328964233398	0.019683659076691	0.019683659076691	46.953322158062456
11401.7783203125	1.005010604858398	0.020488798618317	0.020488798618317	46.953322158062456
11401.8203125	1.028354644775391	0.021284274756908	0.021284274756908	46.953322158062456
11401.8623046875	1.051700592041016	0.022082529962063	0.022082529962063	46.953322158062456
11401.904296875	1.075004577636719	0.022881641983986	0.022881641983986	46.953322158062456
11401.9462890625	1.098691940307617	0.02369299530983	0.02369299530983	46.953322158062456
11401.98828125	1.122041702270508	0.02449643611908	0.02449643611908	46.953322158062456
11402.0302734375	1.145713806152344	0.025310404598713	0.025310404598713	46.953322158062456
11402.072265625	1.168703079223633	0.026101745665073	0.026101745665073	46.953322158062456
11402.1142578125	1.192043304443359	0.026905193924904	0.026905193924904	46.953322158062456
11402.15625	1.215734481811523	0.027722209692001	0.027722209692001	46.953322158062456
11402.1982421875	1.239412307739258	0.028539173305035	0.028539173305035	46.953322158062456
11402.240234375	1.262741088867187	0.029346905648708	0.029346905648708	46.953322158062456
11402.2822265625	1.286407470703125	0.03016435354948	0.03016435354948	46.953322158062456
11402.32421875	1.309417724609375	0.030968017876148	0.030968017876148	46.953322158062456
11402.3662109375	1.332740783691406	0.031781099736691	0.031781099736691	46.953322158062456
11402.408203125	1.35639762878418	0.032606981694698	0.032606981694698	46.953322158062456
11402.4501953125	1.38001823425293	0.033430367708206	0.033430367708206	46.953322158062456
11402.4921875	1.403303146362305	0.034238435328007	0.034238435328007	46.953322158062456
11402.5341796875	1.426227569580078	0.035040445625782	0.035040445625782	46.953322158062456
11402.576171875	1.449853897094727	0.03587182611227	0.03587182611227	46.953322158062456
11402.6181640625	1.47314453125	0.036696173250675	0.036696173250675	46.953322158062456
11402.6591796875	1.496768951416016	0.037528708577156	0.037528708577156	46.953322158062456
11402.701171875	1.520048141479492	0.038351073861122	0.038351073861122	46.953322158062456
11402.7431640625	1.543670654296875	0.039187751710415	0.039187751710415	46.953322158062456
11402.78515625	1.566629409790039	0.03999438136816	0.03999438136816	46.953322158062456
11402.8271484375	1.590248107910156	0.040836781263351	0.040836781263351	46.953322158062456
11402.869140625	1.613521575927734	0.041662767529488	0.041662767529488	46.953322158062456
11402.9111328125	1.637138366699219	0.042488224804401	0.042488224804401	46.953322158062456
11402.953125	1.66041374206543	0.043303810060024	0.043303810060024	46.953322158062456
11402.9951171875	1.684038162231445	0.044126927852631	0.044126927852631	46.953322158062456
11403.037109375	1.706974029541016	0.044974133372307	0.044974133372307	46.953322158062456
11403.0791015625	1.730613708496094	0.045829400420189	0.045829400420189	46.953322158062456
11403.12109375	1.753894805908203	0.046664044260979	0.046664044260979	46.953322158062456
11403.1630859375	1.777494430541992	0.04750382900238	0.04750382900238	46.953322158062456
11403.205078125	1.800786972045898	0.048339582979679	0.048339582979679	46.953322158062456
11403.2470703125	1.82373046875	0.04915838688612	0.04915838688612	46.953322158062456
11403.2890625	1.847349166870117	0.049983605742455	0.049983605742455	46.953322158062456
11403.3310546875	1.870969772338867	0.050817728042603	0.050817728042603	46.953322158062456
11403.373046875	1.894250869750977	0.051689565181732	0.051689565181732	46.953322158062456
11403.4150390625	1.917898178100586	0.052531182765961	0.052531182765961	46.953322158062456
11403.45703125	1.941179275512695	0.053364142775536	0.053364142775536	46.953322158062456
11403.4990234375	1.964103698730469	0.054182410240173	0.054182410240173	46.953322158062456
11403.541015625	1.98771858215332	0.055030591785908	0.055030591785908	46.953322158062456
11403.5830078125	2.011011123657227	0.055857121944427	0.055857121944427	46.953322158062456
11403.625	2.034626007080078	0.056688904762268	0.056688904762268	46.953322158062456
11403.6669921875	2.058189392089844	0.057518996298313	0.057518996298313	46.953322158062456
11403.708984375	2.081472396850586	0.058317124843597	0.058317124843597	46.953322158062456
11403.7509765625	2.104419708251953	0.059106387197971	0.059106387197971	46.953322158062456
11403.79296875	2.128021240234375	0.059915482997894	0.059915482997894	46.953322158062456
11403.8349609375	2.151311874389648	0.060710452497005	0.060710452497005	46.953322158062456
11403.876953125	2.174938201904297	0.061514355242252	0.061514355242252	46.953322158062456
11403.9189453125	2.198562622070312	0.062319248914719	0.062319248914719	46.953322158062456
11403.9599609375	2.221494674682617	0.063092343509197	0.063092343509197	46.953322158062456
11404.001953125	2.244773864746094	0.063880808651447	0.063880808651447	46.953322158062456
11404.0439453125	2.268413543701172	0.064707301557064	0.064707301557064	46.953322158062456
11404.0859375	2.29170036315918	0.065531723201275	0.065531723201275	46.953322158062456
11404.1279296875	2.315305709838867	0.0663937702775	0.0663937702775	46.953322158062456
11404.169921875	2.338586807250977	0.067209862172604	0.067209862172604	46.953322158062456
11404.2119140625	2.361869812011719	0.068087540566921	0.068087540566921	46.953322158062456
11404.25390625	2.385149002075195	0.069071665406227	0.069071665406227	46.953322158062456
11404.2958984375	2.40876579284668	0.070054665207863	0.070054665207863	46.953322158062456
11404.337890625	2.432046890258789	0.070700854063034	0.070700854063034	46.953322158062456
11404.3798828125	2.455682754516602	0.071349143981934	0.071349143981934	46.953322158062456
11404.421875	2.478940963745117	0.072012953460217	0.072012953460217	46.953322158062456
11404.4638671875	2.502222061157227	0.072715327143669	0.072715327143669	46.953322158062456
11404.505859375	2.525508880615234	0.073460921645164	0.073460921645164	46.953322158062456
11404.5478515625	2.549123764038086	0.074226997792721	0.074226997792721	46.953322158062456
11404.58984375	2.572399139404297	0.074988938868046	0.074988938868046	46.953322158062456
11404.6318359375	2.596033096313477	0.075760543346405	0.075760543346405	46.953322158062456
11404.673828125	2.618978500366211	0.076512090861797	0.076512090861797	46.953322158062456
11404.7158203125	2.64225959777832	0.077275536954403	0.077275536954403	46.953322158062456
11404.7578125	2.665876388549805	0.078041903674603	0.078041903674603	46.953322158062456
11404.7998046875	2.689485549926758	0.078805401921272	0.078805401921272	46.953322158062456
11404.841796875	2.712778091430664	0.079553112387657	0.079553112387657	46.953322158062456
11404.8828125	2.736387252807617	0.080313190817833	0.080313190817833	46.953322158062456
11404.9248046875	2.759410858154297	0.081051394343376	0.081051394343376	46.953322158062456
11404.966796875	2.782752990722656	0.081806555390358	0.081806555390358	46.953322158062456
11405.0087890625	2.806434631347656	0.082558035850525	0.082558035850525	46.953322158062456
11405.05078125	2.830102920532227	0.083308860659599	0.083308860659599	46.953322158062456
11405.0927734375	2.853439331054687	0.084061302244663	0.084061302244663	46.953322158062456
11405.134765625	2.876440048217773	0.084798038005829	0.084798038005829	46.953322158062456
11405.1767578125	2.900119781494141	0.085550338029861	0.085550338029861	46.953322158062456
11405.21875	2.923454284667969	0.086300797760487	0.086300797760487	46.953322158062456
11405.2607421875	2.947134017944336	0.087057277560234	0.087057277560234	46.953322158062456
11405.302734375	2.970493316650391	0.087803430855274	0.087803430855274	46.953322158062456
11405.3447265625	2.994169235229492	0.088572233915329	0.088572233915329	46.953322158062456
11405.38671875	3.017143249511719	0.08937930315733	0.08937930315733	46.953322158062456
11405.4287109375	3.040824890136719	0.09024890512228	0.09024890512228	46.953322158062456
11405.470703125	3.064167022705078	0.0910929068923	0.0910929068923	46.953322158062456
11405.5126953125	3.087839126586914	0.09181197732687	0.09181197732687	46.953322158062456
11405.5546875	3.111175537109375	0.092534653842449	0.092534653842449	46.953322158062456
11405.5966796875	3.134857177734375	0.093285046517849	0.093285046517849	46.953322158062456
11405.638671875	3.157855987548828	0.094058431684971	0.094058431684971	46.953322158062456
11405.6806640625	3.181516647338867	0.094827383756638	0.094827383756638	46.953322158062456
11405.7216796875	3.204862594604492	0.095631986856461	0.095631986856461	46.953322158062456
11405.763671875	3.228544235229492	0.096459306776524	0.096459306776524	46.953322158062456
11405.8056640625	3.251884460449219	0.097352147102356	0.097352147102356	46.953322158062456
11405.84765625	3.274873733520508	0.098112292587757	0.098112292587757	46.953322158062456
11405.8896484375	3.298553466796875	0.098866760730743	0.098866760730743	46.953322158062456
11405.931640625	3.322250366210937	0.099588714540005	0.099588714540005	46.953322158062456
11405.9736328125	3.335205078125	0.100003123283386	0.100003123283386	46.953322158062456
11406.015625	3.334466934204102	0.100002773106098	0.100002773106098	46.953322158062456
11406.05859375	3.333858489990234	0.100002735853195	0.100002735853195	46.953322158062456
11406.1005859375	3.333187103271484	0.100002788007259	0.100002788007259	46.953322158062456
11406.142578125	3.332515716552734	0.10000279545784	0.10000279545784	46.953322158062456
11406.1845703125	3.331886291503906	0.100002758204937	0.100002758204937	46.953322158062456
11406.2275390625	3.331291198730469	0.100002750754356	0.100002750754356	46.953322158062456
11406.26953125	3.330595016479492	0.100002750754356	0.100002750754356	46.953322158062456
11406.3115234375	3.329975128173828	0.100002743303776	0.100002743303776	46.953322158062456
11406.353515625	3.329523086547852	0.100002743303776	0.100002743303776	46.953322158062456
11406.396484375	3.32916259765625	0.100002743303776	0.100002743303776	46.953322158062456
11406.4384765625	3.328756332397461	0.100002728402615	0.100002728402615	46.953322158062456
11406.48046875	3.328254699707031	0.100002765655518	0.100002765655518	46.953322158062456
11406.5234375	3.327981948852539	0.100002788007259	0.100002788007259	46.953322158062456
11406.5654296875	3.327634811401367	0.100002743303776	0.100002743303776	46.953322158062456
11406.607421875	3.327425003051758	0.100002765655518	0.100002765655518	46.953322158062456
11406.6494140625	3.327007293701172	0.100002765655518	0.100002765655518	46.953322158062456
11406.6923828125	3.326789855957031	0.100002750754356	0.100002750754356	46.953322158062456
11406.734375	3.326618194580078	0.100002788007259	0.100002788007259	46.953322158062456
11406.7763671875	3.32636833190918	0.100002780556679	0.100002780556679	46.953322158062456
11406.818359375	3.326192855834961	0.100002758204937	0.100002758204937	46.953322158062456
11406.861328125	3.325971603393555	0.100002773106098	0.100002773106098	46.953322158062456
11406.9033203125	3.3258056640625	0.100002750754356	0.100002750754356	46.953322158062456
11406.9453125	3.32569694519043	0.100002758204937	0.100002758204937	46.953322158062456
11406.98828125	3.325342178344727	0.100002765655518	0.100002765655518	46.953322158062456
11407.0302734375	3.32518196105957	0.100002765655518	0.100002765655518	46.953322158062456
11407.072265625	3.324981689453125	0.100002780556679	0.100002780556679	46.953322158062456
11407.1142578125	3.324775695800781	0.100002743303776	0.100002743303776	46.953322158062456
11407.1572265625	3.324600219726562	0.100002780556679	0.100002780556679	46.953322158062456
