[INFO]
Keithley 2400
Meas Time: 2021/1/19 8:51:47
Params: GPIB address = GPIB0::21::INSTR; DataFile = D:\工艺实验\刘彦; Compliance  Level (0.1) = 0.100000000000000; Number of Points (5) = 80; Minimum Amplitude (1) = -3.000000000000000; Maximum Amplitude (2) = 15.000000000000000; Timeout (100000 ms) = 100000; Source Mode  (0: Voltage) = 0; 4-wire? = FALSE; delay(S) = 0.000000000000000; Start = ; 

[COMMENT]


[DATA]
time (s)	Voltage (V)	Current (A)	absCurrent (A)	Fitting Resistance (Ohms)

3274.2353515625	-3.000820159912109	-0.00124719645828	0.00124719645828	27.020725330573264
3274.27734375	-2.772636413574219	-0.001243194565177	0.001243194565177	27.020725330573264
3274.3193359375	-2.545190811157227	-0.001238138414919	0.001238138414919	27.020725330573264
3274.361328125	-2.317502975463867	-0.00123231485486	0.00123231485486	27.020725330573264
3274.4033203125	-2.089498519897461	-0.001225728541613	0.001225728541613	27.020725330573264
3274.4453125	-1.862533569335937	-0.001217963173985	0.001217963173985	27.020725330573264
3274.4873046875	-1.634513854980469	-0.001208493486047	0.001208493486047	27.020725330573264
3274.529296875	-1.406835556030273	-0.001197282224894	0.001197282224894	27.020725330573264
3274.5712890625	-1.178792953491211	-0.001183535903692	0.001183535903692	27.020725330573264
3274.61328125	-0.950958251953125	-0.0011668773368	0.0011668773368	27.020725330573264
3274.6552734375	-0.722761154174805	-0.001145650632679	0.001145650632679	27.020725330573264
3274.697265625	-0.49464225769043	-0.001117598265409	0.001117598265409	27.020725330573264
3274.7392578125	-0.266792297363281	-0.001079320907593	0.001079320907593	27.020725330573264
3274.828125	-0.038461685180664	-0.00099858827889	0.00099858827889	27.020725330573264
3274.87109375	0.190290451049805	-0.00018136377912	0.00018136377912	27.020725330573264
3275.005859375	0.418302536010742	0.007649046834558	0.007649046834558	27.020725330573264
3275.09375	0.64630126953125	0.025859750807285	0.025859750807285	27.020725330573264
3275.1357421875	0.874885559082031	0.045700721442699	0.045700721442699	27.020725330573264
3275.177734375	1.103080749511719	0.065791375935078	0.065791375935078	27.020725330573264
3275.2197265625	1.330955505371094	0.085600897669792	0.085600897669792	27.020725330573264
3275.26171875	1.499578475952148	0.099990621209145	0.099990621209145	27.020725330573264
3275.3037109375	1.498298645019531	0.100002013146877	0.100002013146877	27.020725330573264
3275.345703125	1.497459411621094	0.100001953542233	0.100001953542233	27.020725330573264
3275.388671875	1.496450424194336	0.100001960992813	0.100001960992813	27.020725330573264
3275.4306640625	1.495183944702148	0.100001960992813	0.100001960992813	27.020725330573264
3275.47265625	1.494125366210937	0.100001908838749	0.100001908838749	27.020725330573264
3275.5146484375	1.493127822875977	0.100001931190491	0.100001931190491	27.020725330573264
3275.5576171875	1.492326736450195	0.100001908838749	0.100001908838749	27.020725330573264
3275.599609375	1.491697311401367	0.10000192373991	0.10000192373991	27.020725330573264
3275.6416015625	1.491010665893555	0.100001908838749	0.100001908838749	27.020725330573264
3275.68359375	1.490440368652344	0.100001946091652	0.100001946091652	27.020725330573264
3275.7265625	1.489896774291992	0.100001931190491	0.100001931190491	27.020725330573264
3275.7685546875	1.489191055297852	0.100001908838749	0.100001908838749	27.020725330573264
3275.810546875	1.488643646240234	0.100001931190491	0.100001931190491	27.020725330573264
3275.853515625	1.48797607421875	0.100001938641071	0.100001938641071	27.020725330573264
3275.8955078125	1.487436294555664	0.100001901388168	0.100001901388168	27.020725330573264
3275.9375	1.486955642700195	0.100001901388168	0.100001901388168	27.020725330573264
3275.9794921875	1.486600875854492	0.100001864135265	0.100001864135265	27.020725330573264
3276.0224609375	1.486307144165039	0.100001879036427	0.100001879036427	27.020725330573264
3276.064453125	1.485979080200195	0.100001879036427	0.100001879036427	27.020725330573264
3276.1064453125	1.485881805419922	0.100001864135265	0.100001864135265	27.020725330573264
3276.1484375	1.485815048217773	0.100001864135265	0.100001864135265	27.020725330573264
3276.19140625	1.485784530639648	0.100001841783524	0.100001841783524	27.020725330573264
3276.2333984375	1.485841751098633	0.100001856684685	0.100001856684685	27.020725330573264
3276.275390625	1.485891342163086	0.100001811981201	0.100001811981201	27.020725330573264
3276.3173828125	1.486001968383789	0.100001826882362	0.100001826882362	27.020725330573264
3276.3603515625	1.486024856567383	0.100001849234104	0.100001849234104	27.020725330573264
3276.40234375	1.485891342163086	0.100001826882362	0.100001826882362	27.020725330573264
3276.4443359375	1.485721588134766	0.100001826882362	0.100001826882362	27.020725330573264
3276.4873046875	1.485525131225586	0.100001826882362	0.100001826882362	27.020725330573264
3276.529296875	1.485366821289062	0.10000179708004	0.10000179708004	27.020725330573264
3276.5712890625	1.485187530517578	0.100001804530621	0.100001804530621	27.020725330573264
3276.61328125	1.485002517700195	0.10000179708004	0.10000179708004	27.020725330573264
3276.65625	1.484853744506836	0.10000179708004	0.10000179708004	27.020725330573264
3276.6982421875	1.484645843505859	0.100001744925976	0.100001744925976	27.020725330573264
3276.740234375	1.484472274780273	0.100001789629459	0.100001789629459	27.020725330573264
3276.7822265625	1.484403610229492	0.10000179708004	0.10000179708004	27.020725330573264
3276.8251953125	1.484111785888672	0.100001737475395	0.100001737475395	27.020725330573264
3276.8671875	1.483951568603516	0.100001782178879	0.100001782178879	27.020725330573264
3276.9091796875	1.483713150024414	0.100001752376556	0.100001752376556	27.020725330573264
3276.951171875	1.483509063720703	0.100001737475395	0.100001737475395	27.020725330573264
3276.994140625	1.483327865600586	0.100001737475395	0.100001737475395	27.020725330573264
3277.0361328125	1.483194351196289	0.100001707673073	0.100001707673073	27.020725330573264
3277.078125	1.483295440673828	0.100001730024815	0.100001730024815	27.020725330573264
3277.1201171875	1.48338508605957	0.100001700222492	0.100001700222492	27.020725330573264
3277.1630859375	1.483495712280273	0.100001737475395	0.100001737475395	27.020725330573264
3277.205078125	1.483726501464844	0.100001700222492	0.100001700222492	27.020725330573264
3277.2470703125	1.483901977539062	0.100001700222492	0.100001700222492	27.020725330573264
3277.2890625	1.483989715576172	0.10000167787075	0.10000167787075	27.020725330573264
3277.33203125	1.484014511108398	0.10000167787075	0.10000167787075	27.020725330573264
3277.3740234375	1.483884811401367	0.100001662969589	0.100001662969589	27.020725330573264
3277.416015625	1.483711242675781	0.100001662969589	0.100001662969589	27.020725330573264
3277.4580078125	1.483436584472656	0.100001640617847	0.100001640617847	27.020725330573264
3277.5009765625	1.483158111572266	0.100001655519009	0.100001655519009	27.020725330573264
3277.54296875	1.482927322387695	0.100001610815525	0.100001610815525	27.020725330573264
3277.5849609375	1.482707977294922	0.100001603364944	0.100001603364944	27.020725330573264
3277.626953125	1.482500076293945	0.100001640617847	0.100001640617847	27.020725330573264
3277.669921875	1.482368469238281	0.100001618266106	0.100001618266106	27.020725330573264
3277.7119140625	1.48211669921875	0.100001603364944	0.100001603364944	27.020725330573264
3277.75390625	1.481781005859375	0.100001595914364	0.100001595914364	27.020725330573264
