[INFO]
Keithley 2400
Meas Time: 2021/1/19 14:55:03
Params: GPIB address = GPIB0::21::INSTR; DataFile = D:\工艺实验\刘方麒; Compliance  Level (0.1) = 0.100000000000000; Number of Points (5) = 300; Minimum Amplitude (1) = -3.000000000000000; Maximum Amplitude (2) = 3.000000000000000; Timeout (100000 ms) = 100000; Source Mode  (0: Voltage) = 0; 4-wire? = FALSE; delay(S) = 0.000000000000000; Start = ; 

[COMMENT]


[DATA]
time (s)	Voltage (V)	Current (A)	absCurrent (A)	Fitting Resistance (Ohms)

6809.66992187499999	-3.000673294067383	-5.931042323936708E-10	5.931042323936708E-10	-4240572.04745631665
6809.71191406249999	-2.980783462524414	1.044782038661651E-10	1.044782038661651E-10	-4240572.04745631665
6809.75390624999999	-2.960536956787109	6.299387678154744E-10	6.299387678154744E-10	-4240572.04745631665
6809.79589843749999	-2.940620422363281	6.230038707144558E-10	6.230038707144558E-10	-4240572.04745631665
6809.83789062499999	-2.920040130615234	1.155740392277949E-9	1.155740392277949E-9	-4240572.04745631665
6809.87988281249999	-2.900127410888672	7.41692929295823E-10	7.41692929295823E-10	-4240572.04745631665
6809.92187499999999	-2.879875183105469	1.069452082447242E-9	1.069452082447242E-9	-4240572.04745631665
6809.96386718749999	-2.85997200012207	5.014726411900483E-10	5.014726411900483E-10	-4240572.04745631665
6810.00585937499999	-2.840057373046875	9.364384823129512E-10	9.364384823129512E-10	-4240572.04745631665
6810.04785156249999	-2.819808959960937	6.275513442233205E-11	6.275513442233205E-11	-4240572.04745631665
6810.08984374999999	-2.799922943115234	7.867129170335829E-11	7.867129170335829E-11	-4240572.04745631665
6810.23339843749999	-2.780012130737305	7.457856554538012E-11	7.457856554538012E-11	-4240572.04745631665
6810.33398437499999	-2.759414672851562	-8.526512829121202E-10	8.526512829121202E-10	-4240572.04745631665
6810.37597656249999	-2.739494323730469	-6.141362973721698E-10	6.141362973721698E-10	-4240572.04745631665
6810.41796874999999	-2.719253540039062	1.20508047984913E-10	1.20508047984913E-10	-4240572.04745631665
6810.45996093749999	-2.699420928955078	5.023821358918212E-10	5.023821358918212E-10	-4240572.04745631665
6810.50195312499999	-2.679204940795898	7.314611139008775E-10	7.314611139008775E-10	-4240572.04745631665
6810.54394531249999	-2.659355163574219	1.400962901243474E-9	1.400962901243474E-9	-4240572.04745631665
6810.58593749999999	-2.639509201049805	1.400621840730309E-9	1.400621840730309E-9	-4240572.04745631665
6810.62792968749999	-2.618972778320312	1.543867256259546E-9	1.543867256259546E-9	-4240572.04745631665
6810.66992187499999	-2.599115371704102	8.674305718159303E-11	8.674305718159303E-11	-4240572.04745631665
6810.71191406249999	-2.578914642333984	-1.324451659456827E-9	1.324451659456827E-9	-4240572.04745631665
6810.75390624999999	-2.559053421020508	-2.073647920042276E-9	2.073647920042276E-9	-4240572.04745631665
6810.79589843749999	-2.539199829101562	-2.742126525845379E-10	2.742126525845379E-10	-4240572.04745631665
6810.83789062499999	-2.51899528503418	6.230038707144558E-11	6.230038707144558E-11	-4240572.04745631665
6810.87988281249999	-2.499139785766602	-1.633679858059622E-10	1.633679858059622E-10	-4240572.04745631665
6810.92187499999999	-2.478937149047852	4.674802767112851E-10	4.674802767112851E-10	-4240572.04745631665
6810.96386718749999	-2.458749771118164	7.736389306955971E-10	7.736389306955971E-10	-4240572.04745631665
6811.00585937499999	-2.438570022583008	8.234337656176649E-10	8.234337656176649E-10	-4240572.04745631665
6811.04785156249999	-2.418701171875	6.792788553866558E-10	6.792788553866558E-10	-4240572.04745631665
6811.08984374999999	-2.398830413818359	4.76688910566736E-10	4.76688910566736E-10	-4240572.04745631665
6811.13183593749999	-2.378639221191406	-1.073772182280663E-9	1.073772182280663E-9	-4240572.04745631665
6811.17382812499999	-2.358785629272461	4.24279278377071E-10	4.24279278377071E-10	-4240572.04745631665
6811.21582031249999	-2.338584899902344	9.786162991076708E-10	9.786162991076708E-10	-4240572.04745631665
6811.25781249999999	-2.318376541137695	6.84849510435015E-10	6.84849510435015E-10	-4240572.04745631665
6811.29980468749999	-2.298173904418945	8.62200977280736E-10	8.62200977280736E-10	-4240572.04745631665
6811.34179687499999	-2.27833366394043	1.151533979282249E-9	1.151533979282249E-9	-4240572.04745631665
6811.38378906249999	-2.258480072021484	2.922888597822748E-10	2.922888597822748E-10	-4240572.04745631665
6811.42578124999999	-2.238286972045898	1.766693458193913E-10	1.766693458193913E-10	-4240572.04745631665
6811.46777343749999	-2.218429565429687	8.307097232318483E-10	8.307097232318483E-10	-4240572.04745631665
6811.50976562499999	-2.198556900024414	4.019966581836343E-10	4.019966581836343E-10	-4240572.04745631665
6811.55175781249999	-2.178380966186523	-2.218030203948729E-10	2.218030203948729E-10	-4240572.04745631665
6811.59374999999999	-2.157821655273437	3.319655661471188E-11	3.319655661471188E-11	-4240572.04745631665
6811.63574218749999	-2.137969970703125	1.181206243927591E-10	1.181206243927591E-10	-4240572.04745631665
6811.67773437499999	-2.11810302734375	5.409219738794491E-10	5.409219738794491E-10	-4240572.04745631665
6811.71972656249999	-2.097917556762695	3.794866643147543E-10	3.794866643147543E-10	-4240572.04745631665
6811.76171874999999	-2.078060150146484	4.151843313593417E-10	4.151843313593417E-10	-4240572.04745631665
6811.80273437499999	-2.058183670043945	5.978790795779787E-10	5.978790795779787E-10	-4240572.04745631665
6811.84570312499999	-2.037994384765625	4.308731149649248E-10	4.308731149649248E-10	-4240572.04745631665
6811.88671874999999	-2.017518997192383	1.021930984279606E-9	1.021930984279606E-9	-4240572.04745631665
6811.92871093749999	-1.997676849365234	9.853238225332461E-10	9.853238225332461E-10	-4240572.04745631665
6811.97070312499999	-1.977811813354492	3.33670868712943E-10	3.33670868712943E-10	-4240572.04745631665
6812.01269531249999	-1.957611083984375	-2.050910552497953E-9	2.050910552497953E-9	-4240572.04745631665
6812.05468749999999	-1.937770843505859	-2.031242729572114E-9	2.031242729572114E-9	-4240572.04745631665
6812.09667968749999	-1.91790771484375	-4.793037078343332E-10	4.793037078343332E-10	-4240572.04745631665
6812.13867187499999	-1.897708892822266	1.241460267920047E-10	1.241460267920047E-10	-4240572.04745631665
6812.18066406249999	-1.877845764160156	5.568381311604753E-10	5.568381311604753E-10	-4240572.04745631665
6812.22265624999999	-1.857288360595703	7.690914571867324E-10	7.690914571867324E-10	-4240572.04745631665
6812.26464843749999	-1.837442398071289	1.146986505773384E-9	1.146986505773384E-9	-4240572.04745631665
6812.30664062499999	-1.817234039306641	9.371206033392809E-10	9.371206033392809E-10	-4240572.04745631665
6812.34863281249999	-1.797380447387695	-5.302354111336172E-10	5.302354111336172E-10	-4240572.04745631665
6812.39062499999999	-1.777524948120117	-1.01442765298998E-9	1.01442765298998E-9	-4240572.04745631665
6812.43261718749999	-1.757347106933594	-3.857394403894432E-10	3.857394403894432E-10	-4240572.04745631665
6812.47460937499999	-1.737499237060547	-2.827391654136591E-10	2.827391654136591E-10	-4240572.04745631665
6812.51660156249999	-1.716941833496094	8.948290997068398E-10	8.948290997068398E-10	-4240572.04745631665
6812.55859374999999	-1.69708251953125	2.39401742874179E-9	2.39401742874179E-9	-4240572.04745631665
6812.60058593749999	-1.676877975463867	1.482703737565316E-9	1.482703737565316E-9	-4240572.04745631665
6812.64257812499999	-1.657028198242187	1.180978870252147E-9	1.180978870252147E-9	-4240572.04745631665
6812.68457031249999	-1.637170791625977	1.09741904452676E-9	1.09741904452676E-9	-4240572.04745631665
6812.72656249999999	-1.616952896118164	8.04448063718155E-10	8.04448063718155E-10	-4240572.04745631665
6812.76855468749999	-1.597097396850586	-2.099795892718248E-10	2.099795892718248E-10	-4240572.04745631665
6812.81054687499999	-1.576580047607422	-1.698481355560943E-10	1.698481355560943E-10	-4240572.04745631665
6812.85253906249999	-1.556722640991211	6.340314939734526E-10	6.340314939734526E-10	-4240572.04745631665
6812.89453124999999	-1.536514282226562	1.080934453057125E-9	1.080934453057125E-9	-4240572.04745631665
6812.93652343749999	-1.51666259765625	8.659526429255493E-10	8.659526429255493E-10	-4240572.04745631665
6812.97851562499999	-1.496788024902344	1.655280357226729E-10	1.655280357226729E-10	-4240572.04745631665
6813.02050781249999	-1.476602554321289	4.239382178639062E-10	4.239382178639062E-10	-4240572.04745631665
6813.06249999999999	-1.456741333007812	1.099806468118913E-9	1.099806468118913E-9	-4240572.04745631665
6813.10449218749999	-1.436887741088867	1.649596015340649E-9	1.649596015340649E-9	-4240572.04745631665
6813.14648437499999	-1.41632080078125	1.76999037648784E-9	1.76999037648784E-9	-4240572.04745631665
6813.18847656249999	-1.396493911743164	3.424247552175075E-10	3.424247552175075E-10	-4240572.04745631665
6813.23046874999999	-1.37629508972168	5.024958227295428E-11	5.024958227295428E-11	-4240572.04745631665
6813.27148437499999	-1.356418609619141	3.717559593496844E-11	3.717559593496844E-11	-4240572.04745631665
6813.31347656249999	-1.336223602294922	8.378719940083101E-11	8.378719940083101E-11	-4240572.04745631665
6813.35546874999999	-1.316312789916992	3.72779140889179E-10	3.72779140889179E-10	-4240572.04745631665
6813.39746093749999	-1.296422958374023	9.127916200668551E-10	9.127916200668551E-10	-4240572.04745631665
6813.43945312499999	-1.275827407836914	8.909637472243048E-10	8.909637472243048E-10	-4240572.04745631665
6813.48144531249999	-1.255926132202148	6.328946255962364E-10	6.328946255962364E-10	-4240572.04745631665
6813.52343749999999	-1.235683441162109	-3.653894964372739E-10	3.653894964372739E-10	-4240572.04745631665
6813.56542968749999	-1.215793609619141	-2.144133759429678E-10	2.144133759429678E-10	-4240572.04745631665
6813.60742187499999	-1.195522308349609	-6.872369340271689E-10	6.872369340271689E-10	-4240572.04745631665
6813.64941406249999	-1.175626754760742	-5.342144504538737E-10	5.342144504538737E-10	-4240572.04745631665
6813.69140624999999	-1.155717849731445	3.226432454539463E-10	3.226432454539463E-10	-4240572.04745631665
6813.73339843749999	-1.135488510131836	2.909246177296154E-10	2.909246177296154E-10	-4240572.04745631665
6813.77539062499999	-1.115238189697266	4.915818863082677E-10	4.915818863082677E-10	-4240572.04745631665
6813.81738281249999	-1.094980239868164	6.424443199648522E-10	6.424443199648522E-10	-4240572.04745631665
6813.85937499999999	-1.075069427490234	1.136072569352109E-9	1.136072569352109E-9	-4240572.04745631665
6813.90136718749999	-1.055191040039062	3.504965206957422E-10	3.504965206957422E-10	-4240572.04745631665
6813.94335937499999	-1.034944534301758	4.39968061982654E-10	4.39968061982654E-10	-4240572.04745631665
6813.98535156249999	-1.015024185180664	4.866933522862382E-10	4.866933522862382E-10	-4240572.04745631665
6814.02734374999999	-0.994785308837891	6.425580068025738E-10	6.425580068025738E-10	-4240572.04745631665
6814.06933593749999	-0.974533081054687	9.526957001071423E-11	9.526957001071423E-11	-4240572.04745631665
6814.11132812499999	-0.954292297363281	3.290097083663568E-10	3.290097083663568E-10	-4240572.04745631665
6814.15332031249999	-0.934394836425781	9.025598046719097E-10	9.025598046719097E-10	-4240572.04745631665
6814.19531249999999	-0.914478302001953	1.234070623468142E-9	1.234070623468142E-9	-4240572.04745631665
6814.23730468749999	-0.89422607421875	1.382773007208016E-9	1.382773007208016E-9	-4240572.04745631665
6814.27929687499999	-0.87434196472168	5.313722795108333E-10	5.313722795108333E-10	-4240572.04745631665
6814.32128906249999	-0.854440689086914	-1.571038410475012E-9	1.571038410475012E-9	-4240572.04745631665
6814.36328124999999	-0.834178924560547	-7.428297976730391E-10	7.428297976730391E-10	-4240572.04745631665
6814.40527343749999	-0.813583374023437	1.569446794746909E-9	1.569446794746909E-9	-4240572.04745631665
6814.44726562499999	-0.79368782043457	1.635385160625447E-9	1.635385160625447E-9	-4240572.04745631665
6814.48828124999999	-0.773794174194336	1.498506208008621E-9	1.498506208008621E-9	-4240572.04745631665
6814.53027343749999	-0.753528594970703	1.470880306442268E-9	1.470880306442268E-9	-4240572.04745631665
6814.57226562499999	-0.73362922668457	-1.515445546829142E-10	1.515445546829142E-10	-4240572.04745631665
6814.61425781249999	-0.713705062866211	-1.452121978218202E-9	1.452121978218202E-9	-4240572.04745631665
6814.65624999999999	-0.693485260009766	1.859916665125638E-10	1.859916665125638E-10	-4240572.04745631665
6814.69824218749999	-0.672903060913086	4.264393282937817E-10	4.264393282937817E-10	-4240572.04745631665
6814.74023437499999	-0.652986526489258	8.739107215660624E-10	8.739107215660624E-10	-4240572.04745631665
6814.78222656249999	-0.633081436157227	1.289777173951734E-9	1.289777173951734E-9	-4240572.04745631665
6814.82421874999999	-0.612894058227539	2.126284925907385E-9	2.126284925907385E-9	-4240572.04745631665
6814.86621093749999	-0.593008041381836	2.51918663707329E-9	2.51918663707329E-9	-4240572.04745631665
6814.90820312499999	-0.573080062866211	1.855255504779052E-9	1.855255504779052E-9	-4240572.04745631665
6814.95019531249999	-0.552845001220703	2.937667886726558E-10	2.937667886726558E-10	-4240572.04745631665
6814.99218749999999	-0.532960891723633	-5.835545380250551E-10	5.835545380250551E-10	-4240572.04745631665
6815.03417968749999	-0.512378692626953	-3.34580363414716E-10	3.34580363414716E-10	-4240572.04745631665
6815.07617187499999	-0.492454528808594	-3.883542376570404E-10	3.883542376570404E-10	-4240572.04745631665
6815.11816406249999	-0.472206115722656	4.148432708461769E-10	4.148432708461769E-10	-4240572.04745631665
6815.16015624999999	-0.452293395996094	1.482931111240759E-9	1.482931111240759E-9	-4240572.04745631665
6815.20214843749999	-0.432401657104492	1.617536327103153E-9	1.617536327103153E-9	-4240572.04745631665
6815.24414062499999	-0.41215705871582	1.215084921568632E-9	1.215084921568632E-9	-4240572.04745631665
6815.28613281249999	-0.392236709594727	2.739852789090946E-11	2.739852789090946E-11	-4240572.04745631665
6815.32812499999999	-0.371652603149414	-1.076045919035096E-9	1.076045919035096E-9	-4240572.04745631665
6815.37011718749999	-0.351762771606445	-1.144371708505787E-9	1.144371708505787E-9	-4240572.04745631665
6815.41210937499999	-0.331531524658203	-9.323457561549731E-10	9.323457561549731E-10	-4240572.04745631665
6815.45410156249999	-0.311607360839844	-5.483116183313541E-10	5.483116183313541E-10	-4240572.04745631665
6815.49609374999999	-0.291702270507812	-1.613216227269731E-10	1.613216227269731E-10	-4240572.04745631665
6815.53808593749999	-0.271446228027344	-1.728039933368564E-11	1.728039933368564E-11	-4240572.04745631665
6815.58007812499999	-0.251552581787109	5.062474883743562E-10	5.062474883743562E-10	-4240572.04745631665
6815.62207031249999	-0.231651306152344	6.849631972727366E-10	6.849631972727366E-10	-4240572.04745631665
6815.66406249999999	-0.211055755615234	-4.924913810100406E-10	4.924913810100406E-10	-4240572.04745631665
6815.70507812499999	-0.190807342529297	-6.223217496881261E-10	6.223217496881261E-10	-4240572.04745631665
6815.74707031249999	-0.170921325683594	-3.099103196291253E-10	3.099103196291253E-10	-4240572.04745631665
6815.78906249999999	-0.151020050048828	4.315552359912544E-10	4.315552359912544E-10	-4240572.04745631665
6815.83105468749999	-0.130752563476562	4.396270014694892E-10	4.396270014694892E-10	-4240572.04745631665
6815.87304687499999	-0.110857009887695	-2.542037691455334E-10	2.542037691455334E-10	-4240572.04745631665
6815.91503906249999	-0.090940475463867	5.934452929068357E-11	5.934452929068357E-11	-4240572.04745631665
6815.95703124999999	-0.070367813110352	2.6943780540023E-11	2.6943780540023E-11	-4240572.04745631665
6815.99902343749999	-0.050449371337891	-8.419647201662883E-10	8.419647201662883E-10	-4240572.04745631665
6816.04101562499999	-0.030204772949219	-2.584101821412332E-10	2.584101821412332E-10	-4240572.04745631665
6816.08300781249999	-0.010309219360352	6.916707206983119E-10	6.916707206983119E-10	-4240572.04745631665
6816.12597656249999	0.010229110717773	2.597744241938926E-10	2.597744241938926E-10	-4240572.04745631665
6816.16699218749999	0.030460357666016	-2.614797267597169E-11	2.614797267597169E-11	-4240572.04745631665
6816.20898437499999	0.05036735534668	2.781916919047944E-10	2.781916919047944E-10	-4240572.04745631665
6816.25097656249999	0.070272445678711	2.363549356232397E-10	2.363549356232397E-10	-4240572.04745631665
6816.29296874999999	0.090866088867187	4.82032191939652E-11	4.82032191939652E-11	-4240572.04745631665
6816.33496093749999	0.110759735107422	-2.791011866065674E-10	2.791011866065674E-10	-4240572.04745631665
6816.37695312499999	0.131019592285156	2.769411366898566E-10	2.769411366898566E-10	-4240572.04745631665
6816.41894531249999	0.150932312011719	4.048388291266747E-10	4.048388291266747E-10	-4240572.04745631665
6816.46093749999999	0.170845031738281	5.512674761121161E-10	5.512674761121161E-10	-4240572.04745631665
6816.50292968749999	0.191082000732422	3.785771696129814E-10	3.785771696129814E-10	-4240572.04745631665
6816.54492187499999	0.210975646972656	2.10206962947268E-10	2.10206962947268E-10	-4240572.04745631665
6816.58691406249999	0.231561660766602	2.643218977027573E-10	2.643218977027573E-10	-4240572.04745631665
6816.62890624999999	0.25147819519043	-2.249862518510781E-10	2.249862518510781E-10	-4240572.04745631665
6816.67089843749999	0.271707534790039	-3.670947990030982E-10	3.670947990030982E-10	-4240572.04745631665
6816.71289062499999	0.291604995727539	-2.629576556500979E-10	2.629576556500979E-10	-4240572.04745631665
6816.75488281249999	0.311513900756836	-1.514308678451926E-10	1.514308678451926E-10	-4240572.04745631665
6816.79687499999999	0.331783294677734	9.185896487906575E-11	9.185896487906575E-11	-4240572.04745631665
6816.83886718749999	0.351678848266602	2.266915544169024E-10	2.266915544169024E-10	-4240572.04745631665
6816.88085937499999	0.371559143066406	1.90084392670542E-10	1.90084392670542E-10	-4240572.04745631665
6816.92285156249999	0.392162322998047	4.797584551852196E-11	4.797584551852196E-11	-4240572.04745631665
6816.96484374999999	0.412405014038086	-2.073647920042276E-10	2.073647920042276E-10	-4240572.04745631665
6817.00683593749999	0.432315826416016	-1.095941115636379E-10	1.095941115636379E-10	-4240572.04745631665
6817.04882812499999	0.452213287353516	1.384705683449283E-10	1.384705683449283E-10	-4240572.04745631665
6817.09082031249999	0.472461700439453	2.075921656796709E-10	2.075921656796709E-10	-4240572.04745631665
6817.13281249999999	0.492372512817383	4.417870513861999E-10	4.417870513861999E-10	-4240572.04745631665
6817.17480468749999	0.512271881103516	6.230038707144558E-10	6.230038707144558E-10	-4240572.04745631665
6817.21679687499999	0.532852172851562	4.260982677806169E-10	4.260982677806169E-10	-4240572.04745631665
6817.25878906249999	0.553083419799805	7.048583938740194E-12	7.048583938740194E-12	-4240572.04745631665
6817.30078124999999	0.572988510131836	-2.144133759429678E-10	2.144133759429678E-10	-4240572.04745631665
6817.34277343749999	0.5928955078125	-1.220996637130156E-10	1.220996637130156E-10	-4240572.04745631665
6817.38476562499999	0.61314582824707	6.650680006714538E-11	6.650680006714538E-11	-4240572.04745631665
6817.42675781249999	0.633037567138672	2.603428583825007E-10	2.603428583825007E-10	-4240572.04745631665
6817.46874999999999	0.652885437011719	6.900791049702093E-10	6.900791049702093E-10	-4240572.04745631665
6817.51074218749999	0.673131942749023	8.384404281969182E-10	8.384404281969182E-10	-4240572.04745631665
6817.55175781249999	0.693397521972656	5.890115062356926E-10	5.890115062356926E-10	-4240572.04745631665
6817.59374999999999	0.713638305664062	5.039737516199239E-10	5.039737516199239E-10	-4240572.04745631665
6817.63574218749999	0.733524322509766	6.581331035704352E-10	6.581331035704352E-10	-4240572.04745631665
6817.67773437499999	0.753767013549805	5.547917680814862E-10	5.547917680814862E-10	-4240572.04745631665
6817.71972656249999	0.773691177368164	2.852402758435346E-10	2.852402758435346E-10	-4240572.04745631665
6817.76171874999999	0.793582916259766	4.416733645484783E-10	4.416733645484783E-10	-4240572.04745631665
6817.80371093749999	0.813825607299805	6.934897101018578E-10	6.934897101018578E-10	-4240572.04745631665
6817.84570312499999	0.834074020385742	7.682956493226811E-10	7.682956493226811E-10	-4240572.04745631665
6817.88769531249999	0.854316711425781	1.026137397275306E-9	1.026137397275306E-9	-4240572.04745631665
6817.92968749999999	0.874238967895508	6.627942639170215E-10	6.627942639170215E-10	-4240572.04745631665
6817.97167968749999	0.894126892089844	6.751861292286776E-10	6.751861292286776E-10	-4240572.04745631665
6818.01367187499999	0.914369583129883	3.251443558838218E-10	3.251443558838218E-10	-4240572.04745631665
6818.05566406249999	0.934274673461914	-9.981704351957887E-11	9.981704351957887E-11	-4240572.04745631665
6818.09765624999999	0.954534530639648	-1.963371687452309E-10	1.963371687452309E-10	-4240572.04745631665
6818.13964843749999	0.974416732788086	5.172751116333529E-11	5.172751116333529E-11	-4240572.04745631665
6818.18164062499999	0.995019912719727	4.888534022029489E-10	4.888534022029489E-10	-4240572.04745631665
6818.22363281249999	1.014915466308594	2.438582669128664E-10	2.438582669128664E-10	-4240572.04745631665
6818.26562499999999	1.034820556640625	6.139089236967266E-12	6.139089236967266E-12	-4240572.04745631665
6818.30761718749999	1.055072784423828	3.603872755775228E-10	3.603872755775228E-10	-4240572.04745631665
6818.34960937499999	1.074958801269531	5.891251930734143E-10	5.891251930734143E-10	-4240572.04745631665
6818.39160156249999	1.094863891601562	4.046114554512314E-10	4.046114554512314E-10	-4240572.04745631665
6818.43359374999999	1.115108489990234	4.786215868080035E-10	4.786215868080035E-10	-4240572.04745631665
6818.47558593749999	1.135719299316406	6.029949872754514E-10	6.029949872754514E-10	-4240572.04745631665
6818.51757812499999	1.155605316162109	2.897877493523993E-10	2.897877493523993E-10	-4240572.04745631665
6818.55957031249999	1.175508499145508	4.789626473211683E-10	4.789626473211683E-10	-4240572.04745631665
6818.60156249999999	1.195756912231445	5.926494850427844E-10	5.926494850427844E-10	-4240572.04745631665
6818.64355468749999	1.215671539306641	-4.865796654485166E-11	4.865796654485166E-11	-4240572.04745631665
6818.68554687499999	1.235565185546875	9.424638847121969E-11	9.424638847121969E-11	-4240572.04745631665
6818.72753906249999	1.255794525146484	8.863025868777186E-10	8.863025868777186E-10	-4240572.04745631665
6818.76855468749999	1.276382446289062	1.171656549558975E-9	1.171656549558975E-9	-4240572.04745631665
6818.81054687499999	1.296289443969727	1.382090886181686E-9	1.382090886181686E-9	-4240572.04745631665
6818.85253906249999	1.316184997558594	7.916014510556124E-10	7.916014510556124E-10	-4240572.04745631665
6818.89453124999999	1.33642578125	7.350990927079692E-10	7.350990927079692E-10	-4240572.04745631665
6818.93652343749999	1.356317520141602	2.436308932374232E-10	2.436308932374232E-10	-4240572.04745631665
6818.97851562499999	1.37617301940918	-1.171201802208088E-9	1.171201802208088E-9	-4240572.04745631665
6819.02050781249999	1.396385192871094	-2.726210368564352E-10	2.726210368564352E-10	-4240572.04745631665
6819.06249999999999	1.416238784790039	-3.490185918053612E-11	3.490185918053612E-11	-4240572.04745631665
6819.10449218749999	1.436769485473633	-1.101625457522459E-10	1.101625457522459E-10	-4240572.04745631665
6819.14648437499999	1.456621170043945	3.839204509858973E-10	3.839204509858973E-10	-4240572.04745631665
6819.18847656249999	1.476823806762695	3.769855538848788E-10	3.769855538848788E-10	-4240572.04745631665
6819.23046874999999	1.496679306030273	6.723439582856372E-10	6.723439582856372E-10	-4240572.04745631665
6819.27246093749999	1.516544342041016	1.428247742296662E-9	1.428247742296662E-9	-4240572.04745631665
6819.31445312499999	1.5367431640625	1.345142663922161E-9	1.345142663922161E-9	-4240572.04745631665
6819.35644531249999	1.556602478027344	5.858282747794874E-10	5.858282747794874E-10	-4240572.04745631665
6819.39843749999999	1.577152252197266	1.06365405372344E-9	1.06365405372344E-9	-4240572.04745631665
6819.44042968749999	1.597003936767578	2.509750629542395E-9	2.509750629542395E-9	-4240572.04745631665
6819.48242187499999	1.616861343383789	2.506794771761633E-9	2.506794771761633E-9	-4240572.04745631665
6819.52441406249999	1.637054443359375	1.389253156958148E-9	1.389253156958148E-9	-4240572.04745631665
6819.56640624999999	1.656909942626953	1.052740117302164E-10	1.052740117302164E-10	-4240572.04745631665
6819.60839843749999	1.677103042602539	4.354205884737894E-11	4.354205884737894E-11	-4240572.04745631665
6819.65039062499999	1.696958541870117	-1.042963049258105E-9	1.042963049258105E-9	-4240572.04745631665
6819.69140624999999	1.716819763183594	-1.408807293046266E-9	1.408807293046266E-9	-4240572.04745631665
6819.73339843749999	1.737360000610352	-1.746343514241744E-9	1.746343514241744E-9	-4240572.04745631665
6819.77539062499999	1.757219314575195	-2.076376404147595E-9	2.076376404147595E-9	-4240572.04745631665
6819.81738281249999	1.777412414550781	-1.175294528366067E-9	1.175294528366067E-9	-4240572.04745631665
6819.85937499999999	1.797273635864258	2.326032699784264E-10	2.326032699784264E-10	-4240572.04745631665
6819.90136718749999	1.817110061645508	-9.345058060716838E-11	9.345058060716838E-11	-4240572.04745631665
6819.94335937499999	1.83732795715332	-1.045918907038867E-10	1.045918907038867E-10	-4240572.04745631665
6819.98535156249999	1.857175827026367	-2.708020474528894E-10	2.708020474528894E-10	-4240572.04745631665
6820.02734374999999	1.877712249755859	2.557953848736361E-11	2.557953848736361E-11	-4240572.04745631665
6820.06933593749999	1.897581100463867	7.842118066037074E-10	7.842118066037074E-10	-4240572.04745631665
6820.11132812499999	1.917781829833984	1.806483851396479E-10	1.806483851396479E-10	-4240572.04745631665
6820.15332031249999	1.937639236450195	2.419255906715989E-10	2.419255906715989E-10	-4240572.04745631665
6820.19531249999999	1.957477569580078	2.249862518510781E-10	2.249862518510781E-10	-4240572.04745631665
6820.23730468749999	1.977670669555664	-2.587512426543981E-10	2.587512426543981E-10	-4240572.04745631665
6820.27929687499999	1.997531890869141	4.786215868080035E-11	4.786215868080035E-11	-4240572.04745631665
6820.32128906249999	2.017387390136719	1.991793396882713E-10	1.991793396882713E-10	-4240572.04745631665
6820.36328124999999	2.037927627563477	7.24526216799859E-10	7.24526216799859E-10	-4240572.04745631665
6820.40527343749999	2.058059692382812	1.082412381947506E-9	1.082412381947506E-9	-4240572.04745631665
6820.44726562499999	2.077924728393555	2.983938429679256E-9	2.983938429679256E-9	-4240572.04745631665
6820.48925781249999	2.097793579101562	4.927642294205725E-9	4.927642294205725E-9	-4240572.04745631665
6820.53124999999999	2.117996215820312	4.815092324861325E-9	4.815092324861325E-9	-4240572.04745631665
6820.57324218749999	2.13783073425293	5.269271241559181E-9	5.269271241559181E-9	-4240572.04745631665
6820.61523437499999	2.157691955566406	1.916760083986446E-10	1.916760083986446E-10	-4240572.04745631665
6820.65722656249999	2.178232192993164	1.661760506976862E-9	1.661760506976862E-9	-4240572.04745631665
6820.69921874999999	2.19842529296875	1.963371687452309E-9	1.963371687452309E-9	-4240572.04745631665
6820.74121093749999	2.218286514282227	2.352180672460236E-10	2.352180672460236E-10	-4240572.04745631665
6820.78320312499999	2.238147735595703	-1.689613782218657E-9	1.689613782218657E-9	-4240572.04745631665
6820.82519531249999	2.258344650268555	-2.388105713180266E-9	2.388105713180266E-9	-4240572.04745631665
6820.86718749999999	2.278205871582031	7.623839337611571E-10	7.623839337611571E-10	-4240572.04745631665
6820.90917968749999	2.298061370849609	2.001684151764493E-9	2.001684151764493E-9	-4240572.04745631665
6820.95019531249999	2.318254470825195	-1.23463905765675E-10	1.23463905765675E-10	-4240572.04745631665
6820.99218749999999	2.338441848754883	-7.39305505703669E-10	7.39305505703669E-10	-4240572.04745631665
6821.03417968749999	2.358652114868164	1.432454155292362E-10	1.432454155292362E-10	-4240572.04745631665
6821.07617187499999	2.378507614135742	-2.639808371895924E-10	2.639808371895924E-10	-4240572.04745631665
6821.11816406249999	2.398696899414062	-2.190745362895541E-10	2.190745362895541E-10	-4240572.04745631665
6821.16015624999999	2.418558120727539	1.158468876383267E-10	1.158468876383267E-10	-4240572.04745631665
6821.20214843749999	2.438423156738281	1.625721779419109E-10	1.625721779419109E-10	-4240572.04745631665
6821.24414062499999	2.458616256713867	-9.379164112033322E-11	9.379164112033322E-11	-4240572.04745631665
6821.28613281249999	2.478796005249023	4.069988790433854E-11	4.069988790433854E-11	-4240572.04745631665
6821.32812499999999	2.499002456665039	-4.008597898064181E-10	4.008597898064181E-10	-4240572.04745631665
6821.37011718749999	2.518863677978516	-3.977902451879345E-10	3.977902451879345E-10	-4240572.04745631665
6821.41210937499999	2.538719177246094	-3.972218109993264E-10	3.972218109993264E-10	-4240572.04745631665
6821.45410156249999	2.558919906616211	-4.719140633824281E-10	4.719140633824281E-10	-4240572.04745631665
6821.49609374999999	2.578786849975586	-4.275761966709979E-10	4.275761966709979E-10	-4240572.04745631665
6821.53808593749999	2.598978042602539	-3.140030457871035E-10	3.140030457871035E-10	-4240572.04745631665
6821.58007812499999	2.618843078613281	-7.901235221652314E-11	7.901235221652314E-11	-4240572.04745631665
6821.62207031249999	2.639368057250977	2.477236193954013E-10	2.477236193954013E-10	-4240572.04745631665
6821.66406249999999	2.659210205078125	6.064055924070999E-10	6.064055924070999E-10	-4240572.04745631665
6821.70605468749999	2.67906379699707	6.45741238258779E-10	6.45741238258779E-10	-4240572.04745631665
6821.74804687499999	2.699270248413086	5.405809133662842E-10	5.405809133662842E-10	-4240572.04745631665
6821.79003906249999	2.719118118286133	3.013838068000041E-10	3.013838068000041E-10	-4240572.04745631665
6821.83203124999999	2.738967895507812	1.834905560826883E-10	1.834905560826883E-10	-4240572.04745631665
6821.87402343749999	2.759267807006836	4.68389771413058E-11	4.68389771413058E-11	-4240572.04745631665
6821.91601562499999	2.77984619140625	1.778062141966075E-10	1.778062141966075E-10	-4240572.04745631665
6821.95800781249999	2.799770355224609	5.627498467219993E-11	5.627498467219993E-11	-4240572.04745631665
6821.99999999999999	2.819662094116211	-8.515144145349041E-11	8.515144145349041E-11	-4240572.04745631665
6822.04199218749999	2.839900970458984	1.620037437533028E-10	1.620037437533028E-10	-4240572.04745631665
6822.08398437499999	2.859800338745117	1.471107680117711E-10	1.471107680117711E-10	-4240572.04745631665
6822.12597656249999	2.879705429077148	2.86604517896194E-10	2.86604517896194E-10	-4240572.04745631665
6822.16699218749999	2.89995002746582	5.122728907736018E-10	5.122728907736018E-10	-4240572.04745631665
6822.20898437499999	2.919857025146484	6.588152245967649E-10	6.588152245967649E-10	-4240572.04745631665
6822.25097656249999	2.940448760986328	8.856204658513889E-10	8.856204658513889E-10	-4240572.04745631665
6822.29296874999999	2.960353851318359	2.547722033341415E-10	2.547722033341415E-10	-4240572.04745631665
6822.33496093749999	2.980611801147461	6.923528417246416E-11	6.923528417246416E-11	-4240572.04745631665
6822.37695312499999	3.000509262084961	-1.894022716442123E-10	1.894022716442123E-10	-4240572.04745631665
6858.28124999999999	-3.000709533691406	-0.000189662561752	0.000189662561752	26.663218253506312
6858.32324218749999	-2.980823516845703	-0.000189654179849	0.000189654179849	26.663218253506312
6858.36523437499999	-2.960588455200195	-0.000189593061805	0.000189593061805	26.663218253506312
6858.40722656249999	-2.940677642822266	-0.000189485377632	0.000189485377632	26.663218253506312
6858.44921874999999	-2.92009162902832	-0.00018935999833	0.00018935999833	26.663218253506312
6858.49121093749999	-2.900173187255859	-0.000189261860214	0.000189261860214	26.663218253506312
6858.53320312499999	-2.879938125610352	-0.000189159298316	0.000189159298316	26.663218253506312
6858.57519531249999	-2.860025405883789	-0.000189027981833	0.000189027981833	26.663218253506312
6858.61718749999999	-2.840110778808594	-0.000188874313608	0.000188874313608	26.663218253506312
6858.65917968749999	-2.819860458374023	-0.000188720179722	0.000188720179722	26.663218253506312
6858.70117187499999	-2.799972534179687	-0.000188592704944	0.000188592704944	26.663218253506312
6858.74316406249999	-2.78007698059082	-0.000188465230167	0.000188465230167	26.663218253506312
6858.78515624999999	-2.759471893310547	-0.000188272213563	0.000188272213563	26.663218253506312
6858.82714843749999	-2.739559173583984	-0.000188095844351	0.000188095844351	26.663218253506312
6858.86914062499999	-2.719301223754883	-0.000187938916497	0.000187938916497	26.663218253506312
6858.91113281249999	-2.699470520019531	-0.000187787227333	0.000187787227333	26.663218253506312
6858.95312499999999	-2.679256439208984	-0.000187617843039	0.000187617843039	26.663218253506312
6858.99511718749999	-2.659399032592773	-0.000187406898476	0.000187406898476	26.663218253506312
6859.03710937499999	-2.639553070068359	-0.000187221332453	0.000187221332453	26.663218253506312
6859.07910156249999	-2.619029998779297	-0.000187050434761	0.000187050434761	26.663218253506312
6859.12109374999999	-2.599155426025391	-0.0001868782565	0.0001868782565	26.663218253506312
6859.16308593749999	-2.578960418701172	-0.000186673598364	0.000186673598364	26.663218253506312
6859.20507812499999	-2.559101104736328	-0.000186448101886	0.000186448101886	26.663218253506312
6859.24707031249999	-2.539247512817383	-0.000186267541721	0.000186267541721	26.663218253506312
6859.28906249999999	-2.519052505493164	-0.000186076154932	0.000186076154932	26.663218253506312
6859.33105468749999	-2.499179840087891	-0.000185875804164	0.000185875804164	26.663218253506312
6859.37304687499999	-2.478986740112305	-0.000185642391443	0.000185642391443	26.663218253506312
6859.41503906249999	-2.458799362182617	-0.000185410841368	0.000185410841368	26.663218253506312
6859.45703124999999	-2.438600540161133	-0.000185202108696	0.000185202108696	26.663218253506312
6859.49902343749999	-2.418745040893555	-0.000185002340004	0.000185002340004	26.663218253506312
6859.54101562499999	-2.398887634277344	-0.000184761709534	0.000184761709534	26.663218253506312
6859.58300781249999	-2.378679275512695	-0.000184512929991	0.000184512929991	26.663218253506312
6859.62499999999999	-2.35882568359375	-0.000184283708222	0.000184283708222	26.663218253506312
6859.66601562499999	-2.338628768920898	-0.000184065196663	0.000184065196663	26.663218253506312
6859.70800781249999	-2.318429946899414	-0.000183835043572	0.000183835043572	26.663218253506312
6859.74999999999999	-2.298227310180664	-0.00018356682267	0.00018356682267	26.663218253506312
6859.79199218749999	-2.27838134765625	-0.000183307216503	0.000183307216503	26.663218253506312
6859.83398437499999	-2.258527755737305	-0.000183073687367	0.000183073687367	26.663218253506312
6859.87597656249999	-2.238330841064453	-0.000182829448022	0.000182829448022	26.663218253506312
6859.91796874999999	-2.218465805053711	-0.000182560179383	0.000182560179383	26.663218253506312
6859.95996093749999	-2.198596954345703	-0.000182273448445	0.000182273448445	26.663218253506312
6860.00195312499999	-2.178421020507812	-0.000182021176443	0.000182021176443	26.663218253506312
6860.04394531249999	-2.157865524291992	-0.000181757030077	0.000181757030077	26.663218253506312
6860.08593749999999	-2.138004302978516	-0.000181491719559	0.000181491719559	26.663218253506312
6860.12792968749999	-2.118139266967773	-0.000181207316928	0.000181207316928	26.663218253506312
6860.16992187499999	-2.097967147827148	-0.000180903705768	0.000180903705768	26.663218253506312
6860.21191406249999	-2.078096389770508	-0.000180624076165	0.000180624076165	26.663218253506312
6860.25390624999999	-2.058235168457031	-0.000180354341865	0.000180354341865	26.663218253506312
6860.29589843749999	-2.038032531738281	-0.000180052476935	0.000180052476935	26.663218253506312
6860.33789062499999	-2.017551422119141	-0.000179728958756	0.000179728958756	26.663218253506312
6860.37988281249999	-1.997713088989258	-0.000179423135705	0.000179423135705	26.663218253506312
6860.42187499999999	-1.977849960327148	-0.00017913908232	0.00017913908232	26.663218253506312
6860.46386718749999	-1.957656860351562	-0.000178826623596	0.000178826623596	26.663218253506312
6860.50585937499999	-1.937797546386719	-0.000178496935405	0.000178496935405	26.663218253506312
6860.54785156249999	-1.917961120605469	-0.000178162590601	0.000178162590601	26.663218253506312
6860.58984374999999	-1.897745132446289	-0.000177855370566	0.000177855370566	26.663218253506312
6860.63183593749999	-1.877895355224609	-0.000177540816367	0.000177540816367	26.663218253506312
6860.67382812499999	-1.857343673706055	-0.000177186564542	0.000177186564542	26.663218253506312
6860.71582031249999	-1.837488174438477	-0.000176827074029	0.000176827074029	26.663218253506312
6860.75781249999999	-1.817293167114258	-0.000176488189027	0.000176488189027	26.663218253506312
6860.79980468749999	-1.797430038452148	-0.000176170957275	0.000176170957275	26.663218253506312
6860.84179687499999	-1.777578353881836	-0.000175815774128	0.000175815774128	26.663218253506312
6860.88378906249999	-1.757392883300781	-0.000175437191501	0.000175437191501	26.663218253506312
6860.92578124999999	-1.737539291381836	-0.000175061635673	0.000175061635673	26.663218253506312
6860.96777343749999	-1.716978073120117	-0.00017469690647	0.00017469690647	26.663218253506312
6861.00976562499999	-1.697120666503906	-0.000174330198206	0.000174330198206	26.663218253506312
6861.05175781249999	-1.676925659179687	-0.000173959415406	0.000173959415406	26.663218253506312
6861.09374999999999	-1.657068252563477	-0.000173540902324	0.000173540902324	26.663218253506312
6861.13574218749999	-1.637212753295898	-0.000173158710822	0.000173158710822	26.663218253506312
6861.17773437499999	-1.617012023925781	-0.000172786298208	0.000172786298208	26.663218253506312
6861.21972656249999	-1.597152709960937	-0.000172384548932	0.000172384548932	26.663218253506312
6861.26074218749999	-1.576627731323242	-0.000171957071871	0.000171957071871	26.663218253506312
6861.30273437499999	-1.556770324707031	-0.00017153355293	0.00017153355293	26.663218253506312
6861.34472656249999	-1.536554336547852	-0.000171120744199	0.000171120744199	26.663218253506312
6861.38671874999999	-1.516714096069336	-0.000170726561919	0.000170726561919	26.663218253506312
6861.42871093749999	-1.496847152709961	-0.000170287908986	0.000170287908986	26.663218253506312
6861.47070312499999	-1.476657867431641	-0.00016981724184	0.00016981724184	26.663218253506312
6861.51269531249999	-1.456790924072266	-0.000169383944012	0.000169383944012	26.663218253506312
6861.55468749999999	-1.436929702758789	-0.000168960541487	0.000168960541487	26.663218253506312
6861.59667968749999	-1.416370391845703	-0.000168496160768	0.000168496160768	26.663218253506312
6861.63867187499999	-1.396537780761719	-0.000168023630977	0.000168023630977	26.663218253506312
6861.68066406249999	-1.376335144042969	-0.000167528283782	0.000167528283782	26.663218253506312
6861.72265624999999	-1.356472015380859	-0.000167073914781	0.000167073914781	26.663218253506312
6861.76464843749999	-1.336257934570312	-0.000166607438587	0.000166607438587	26.663218253506312
6861.80664062499999	-1.316364288330078	-0.000166115583852	0.000166115583852	26.663218253506312
6861.84863281249999	-1.296466827392578	-0.000165601377375	0.000165601377375	26.663218253506312
6861.89062499999999	-1.275873184204102	-0.000165081233718	0.000165081233718	26.663218253506312
6861.93261718749999	-1.255973815917969	-0.000164587981999	0.000164587981999	26.663218253506312
6861.97460937499999	-1.23573112487793	-0.000164077617228	0.000164077617228	26.663218253506312
6862.01660156249999	-1.215845108032227	-0.000163528253324	0.000163528253324	26.663218253506312
6862.05859374999999	-1.19556999206543	-0.000162979587913	0.000162979587913	26.663218253506312
6862.10058593749999	-1.175678253173828	-0.000162457115948	0.000162457115948	26.663218253506312
6862.14257812499999	-1.155757904052734	-0.000161922653206	0.000161922653206	26.663218253506312
6862.18457031249999	-1.135526657104492	-0.000161347445101	0.000161347445101	26.663218253506312
6862.22656249999999	-1.115285873413086	-0.000160767696798	0.000160767696798	26.663218253506312
6862.26855468749999	-1.095022201538086	-0.000160179217346	0.000160179217346	26.663218253506312
6862.31054687499999	-1.075115203857422	-0.000159616000019	0.000159616000019	26.663218253506312
6862.35253906249999	-1.055225372314453	-0.000159037881531	0.000159037881531	26.663218253506312
6862.39453124999999	-1.034984588623047	-0.000158417620696	0.000158417620696	26.663218253506312
6862.43652343749999	-1.015066146850586	-0.0001577824587	0.0001577824587	26.663218253506312
6862.47851562499999	-0.994829177856445	-0.000157168717124	0.000157168717124	26.663218253506312
6862.52050781249999	-0.974571228027344	-0.000156549271196	0.000156549271196	26.663218253506312
6862.56249999999999	-0.954328536987305	-0.000155897461809	0.000155897461809	26.663218253506312
6862.60449218749999	-0.934419631958008	-0.000155237037688	0.000155237037688	26.663218253506312
6862.64648437499999	-0.914514541625977	-0.000154574052431	0.000154574052431	26.663218253506312
6862.68847656249999	-0.894260406494141	-0.000153917819262	0.000153917819262	26.663218253506312
6862.73046874999999	-0.874382019042969	-0.00015325169079	0.00015325169079	26.663218253506312
6862.77246093749999	-0.854475021362305	-0.000152550288476	0.000152550288476	26.663218253506312
6862.81445312499999	-0.834211349487305	-0.000151816639118	0.000151816639118	26.663218253506312
6862.85644531249999	-0.813632965087891	-0.000151096377522	0.000151096377522	26.663218253506312
6862.89843749999999	-0.793727874755859	-0.000150385079905	0.000150385079905	26.663218253506312
6862.94042968749999	-0.773826599121094	-0.000149654457346	0.000149654457346	26.663218253506312
6862.98242187499999	-0.753568649291992	-0.000148877850734	0.000148877850734	26.663218253506312
6863.02441406249999	-0.733665466308594	-0.000148125574924	0.000148125574924	26.663218253506312
6863.06640624999999	-0.713741302490234	-0.000147357117385	0.000147357117385	26.663218253506312
6863.10839843749999	-0.693523406982422	-0.000146567006595	0.000146567006595	26.663218253506312
6863.15039062499999	-0.672931671142578	-0.000145730911754	0.000145730911754	26.663218253506312
6863.19238281249999	-0.65301513671875	-0.000144912861288	0.000144912861288	26.663218253506312
6863.23437499999999	-0.633108139038086	-0.000144099001773	0.000144099001773	26.663218253506312
6863.27636718749999	-0.612920761108398	-0.000143257901073	0.000143257901073	26.663218253506312
6863.31835937499999	-0.59303092956543	-0.000142397242598	0.000142397242598	26.663218253506312
6863.36035156249999	-0.573112487792969	-0.00014150631614	0.00014150631614	26.663218253506312
6863.40234374999999	-0.552883148193359	-0.00014060374815	0.00014060374815	26.663218253506312
6863.44335937499999	-0.532987594604492	-0.000139718758874	0.000139718758874	26.663218253506312
6863.48535156249999	-0.512405395507812	-0.000138780218549	0.000138780218549	26.663218253506312
6863.52734374999999	-0.492475509643555	-0.000137832947075	0.000137832947075	26.663218253506312
6863.56933593749999	-0.472232818603516	-0.000136846909299	0.000136846909299	26.663218253506312
6863.61132812499999	-0.452322006225586	-0.000135889276862	0.000135889276862	26.663218253506312
6863.65332031249999	-0.432418823242187	-0.000134912203066	0.000134912203066	26.663218253506312
6863.69531249999999	-0.412181854248047	-0.00013388635125	0.00013388635125	26.663218253506312
6863.73730468749999	-0.392269134521484	-0.000132843153551	0.000132843153551	26.663218253506312
6863.77929687499999	-0.371679306030273	-0.000131760141812	0.000131760141812	26.663218253506312
6863.82128906249999	-0.351791381835937	-0.000130711006932	0.000130711006932	26.663218253506312
6863.86328124999999	-0.331548690795898	-0.000129608437419	0.000129608437419	26.663218253506312
6863.90527343749999	-0.311628341674805	-0.000128489220515	0.000128489220515	26.663218253506312
6863.94726562499999	-0.291723251342773	-0.000127343344502	0.000127343344502	26.663218253506312
6863.98925781249999	-0.271469116210937	-0.000126168131828	0.000126168131828	26.663218253506312
6864.03124999999999	-0.251581192016602	-0.000125005259179	0.000125005259179	26.663218253506312
6864.07324218749999	-0.231672286987305	-0.000123788486235	0.000123788486235	26.663218253506312
6864.11523437499999	-0.211071014404297	-0.00012248638086	0.00012248638086	26.663218253506312
6864.15722656249999	-0.190822601318359	-0.000121209071949	0.000121209071949	26.663218253506312
6864.19921874999999	-0.170934677124023	-0.000119925942272	0.000119925942272	26.663218253506312
6864.24121093749999	-0.151035308837891	-0.000118610681966	0.000118610681966	26.663218253506312
6864.28320312499999	-0.130767822265625	-0.000117223127745	0.000117223127745	26.663218253506312
6864.32519531249999	-0.110874176025391	-0.000115817412734	0.000115817412734	26.663218253506312
6864.36718749999999	-0.090963363647461	-0.000114400056191	0.000114400056191	26.663218253506312
6864.40917968749999	-0.070383071899414	-0.000112892710604	0.000112892710604	26.663218253506312
6864.45117187499999	-0.05046272277832	-0.000111401197501	0.000111401197501	26.663218253506312
6864.49316406249999	-0.03021240234375	-0.000109822372906	0.000109822372906	26.663218253506312
6864.53515624999999	-0.010318756103516	-0.000108230742626	0.000108230742626	26.663218253506312
6864.57714843749999	0.010225296020508	-0.000106542371213	0.000106542371213	26.663218253506312
6864.61914062499999	0.030458450317383	-0.000104825128801	0.000104825128801	26.663218253506312
6864.66113281249999	0.050359725952148	-0.000103015452623	0.000103015452623	26.663218253506312
6864.70312499999999	0.070272445678711	-0.000101067358628	0.000101067358628	26.663218253506312
6864.79687499999999	0.090694427490234	-9.883778693620116E-5	9.883778693620116E-5	26.663218253506312
6864.83886718749999	0.110586166381836	-9.622849756851792E-5	9.622849756851792E-5	26.663218253506312
6864.88085937499999	0.130844116210937	-9.269952715840191E-5	9.269952715840191E-5	26.663218253506312
6864.92285156249999	0.1507568359375	-8.744541264604777E-5	8.744541264604777E-5	26.663218253506312
6864.96386718749999	0.170700073242187	-7.857842138037086E-5	7.857842138037086E-5	26.663218253506312
6865.00585937499999	0.190977096557617	-6.197720358613878E-5	6.197720358613878E-5	26.663218253506312
6865.04785156249999	0.210933685302734	-3.06851725326851E-5	3.06851725326851E-5	26.663218253506312
6865.08984374999999	0.231647491455078	2.97178266919218E-5	2.97178266919218E-5	26.663218253506312
6865.22558593749999	0.251523971557617	0.000162576208822	0.000162576208822	26.663218253506312
6865.26757812499999	0.271800994873047	0.000392657297198	0.000392657297198	26.663218253506312
6865.30957031249999	0.291776657104492	0.000779272057116	0.000779272057116	26.663218253506312
6865.44433593749999	0.311565399169922	0.001405802555382	0.001405802555382	26.663218253506312
6865.48632812499999	0.33183479309082	0.00225118175149	0.00225118175149	26.663218253506312
6865.52832031249999	0.351751327514648	0.003302311524749	0.003302311524749	26.663218253506312
6865.57031249999999	0.371652603149414	0.004533740691841	0.004533740691841	26.663218253506312
6865.61230468749999	0.392284393310547	0.005963518749923	0.005963518749923	26.663218253506312
6865.65429687499999	0.412565231323242	0.007491475436836	0.007491475436836	26.663218253506312
6865.69628906249999	0.432506561279297	0.009087981656194	0.009087981656194	26.663218253506312
6865.78417968749999	0.452234268188477	0.010782860219479	0.010782860219479	26.663218253506312
6865.82617187499999	0.472490310668945	0.012535624206066	0.012535624206066	26.663218253506312
6865.86816406249999	0.492391586303711	0.014312908053398	0.014312908053398	26.663218253506312
6865.91015624999999	0.512317657470703	0.01613013446331	0.01613013446331	26.663218253506312
6865.95214843749999	0.53289794921875	0.018042713403702	0.018042713403702	26.663218253506312
6865.99414062499999	0.553131103515625	0.019950963556767	0.019950963556767	26.663218253506312
6866.03613281249999	0.573034286499023	0.021851643919945	0.021851643919945	26.663218253506312
6866.07812499999999	0.59295654296875	0.023773312568665	0.023773312568665	26.663218253506312
6866.12011718749999	0.613201141357422	0.0257418602705	0.0257418602705	26.663218253506312
6866.16210937499999	0.633102416992187	0.027693368494511	0.027693368494511	26.663218253506312
6866.20410156249999	0.6529541015625	0.029651038348675	0.029651038348675	26.663218253506312
6866.24609374999999	0.67320442199707	0.031659513711929	0.031659513711929	26.663218253506312
6866.28808593749999	0.693462371826172	0.033678069710732	0.033678069710732	26.663218253506312
6866.33007812499999	0.713706970214844	0.03570269793272	0.03570269793272	26.663218253506312
6866.37207031249999	0.733598709106445	0.037698462605476	0.037698462605476	26.663218253506312
6866.41406249999999	0.753849029541016	0.039735652506351	0.039735652506351	26.663218253506312
6866.45605468749999	0.773771286010742	0.041745066642761	0.041745066642761	26.663218253506312
6866.49804687499999	0.793672561645508	0.043756455183029	0.043756455183029	26.663218253506312
6866.54003906249999	0.813919067382812	0.045805647969246	0.045805647969246	26.663218253506312
6866.58203124999999	0.834186553955078	0.04785892367363	0.04785892367363	26.663218253506312
6866.62402343749999	0.854429244995117	0.04991303384304	0.04991303384304	26.663218253506312
6866.66601562499999	0.874345779418945	0.051937989890575	0.051937989890575	26.663218253506312
6866.70800781249999	0.894250869750977	0.053961157798767	0.053961157798767	26.663218253506312
6866.74999999999999	0.91448974609375	0.05601754784584	0.05601754784584	26.663218253506312
6866.79199218749999	0.934389114379883	0.058042429387569	0.058042429387569	26.663218253506312
6866.83398437499999	0.954652786254883	0.060100987553596	0.060100987553596	26.663218253506312
6866.87499999999999	0.97454833984375	0.062116511166096	0.062116511166096	26.663218253506312
6866.91699218749999	0.995132446289062	0.064205676317215	0.064205676317215	26.663218253506312
6866.95898437499999	1.015045166015625	0.066225960850716	0.066225960850716	26.663218253506312
6867.00097656249999	1.034963607788086	0.068241514265537	0.068241514265537	26.663218253506312
6867.04296874999999	1.055213928222656	0.070290245115757	0.070290245115757	26.663218253506312
6867.08496093749999	1.075098037719727	0.072297722101212	0.072297722101212	26.663218253506312
6867.12695312499999	1.095012664794922	0.074306666851044	0.074306666851044	26.663218253506312
6867.16894531249999	1.115259170532227	0.076348938047886	0.076348938047886	26.663218253506312
6867.21093749999999	1.135868072509766	0.078418351709843	0.078418351709843	26.663218253506312
6867.25292968749999	1.155765533447266	0.080412432551384	0.080412432551384	26.663218253506312
6867.29492187499999	1.175682067871094	0.082409828901291	0.082409828901291	26.663218253506312
6867.33691406249999	1.195930480957031	0.084433108568192	0.084433108568192	26.663218253506312
6867.37890624999999	1.215839385986328	0.086422115564346	0.086422115564346	26.663218253506312
6867.42089843749999	1.235748291015625	0.088402211666107	0.088402211666107	26.663218253506312
6867.46289062499999	1.255983352661133	0.09041640162468	0.09041640162468	26.663218253506312
6867.50488281249999	1.276573181152344	0.092463172972202	0.092463172972202	26.663218253506312
6867.54687499999999	1.296480178833008	0.094445414841175	0.094445414841175	26.663218253506312
6867.58886718749999	1.31639289855957	0.096422292292118	0.096422292292118	26.663218253506312
6867.63085937499999	1.336629867553711	0.098416693508625	0.098416693508625	26.663218253506312
6867.67285156249999	1.352499008178711	0.100000083446503	0.100000083446503	26.663218253506312
6867.71484374999999	1.352270126342773	0.100002840161324	0.100002840161324	26.663218253506312
6867.75683593749999	1.352136611938477	0.100002855062485	0.100002855062485	26.663218253506312
6867.79882812499999	1.35203742980957	0.100002832710743	0.100002832710743	26.663218253506312
6867.84179687499999	1.351943969726562	0.100002825260162	0.100002825260162	26.663218253506312
6867.88378906249999	1.351917266845703	0.100002802908421	0.100002802908421	26.663218253506312
6867.92578124999999	1.35186767578125	0.100002869963646	0.100002869963646	26.663218253506312
6867.96777343749999	1.351837158203125	0.100002773106098	0.100002773106098	26.663218253506312
6868.01074218749999	1.351789474487305	0.10000279545784	0.10000279545784	26.663218253506312
6868.05273437499999	1.351753234863281	0.100002840161324	0.100002840161324	26.663218253506312
6868.09472656249999	1.351720809936523	0.100002810359001	0.100002810359001	26.663218253506312
6868.13671874999999	1.351678848266602	0.100002810359001	0.100002810359001	26.663218253506312
6868.17968749999999	1.351589202880859	0.10000279545784	0.10000279545784	26.663218253506312
6868.22167968749999	1.351541519165039	0.100002855062485	0.100002855062485	26.663218253506312
6868.26367187499999	1.35151481628418	0.100002847611904	0.100002847611904	26.663218253506312
6868.30566406249999	1.351463317871094	0.100002832710743	0.100002832710743	26.663218253506312
6868.34863281249999	1.351430892944336	0.100002817809582	0.100002817809582	26.663218253506312
6868.39062499999999	1.351387023925781	0.100002832710743	0.100002832710743	26.663218253506312
6868.43261718749999	1.351284027099609	0.100002847611904	0.100002847611904	26.663218253506312
6868.47460937499999	1.351247787475586	0.100002840161324	0.100002840161324	26.663218253506312
6868.51757812499999	1.351200103759766	0.100002788007259	0.100002788007259	26.663218253506312
6868.55957031249999	1.351125717163086	0.100002817809582	0.100002817809582	26.663218253506312
6868.60156249999999	1.351028442382812	0.100002810359001	0.100002810359001	26.663218253506312
6868.64355468749999	1.350976943969727	0.100002825260162	0.100002825260162	26.663218253506312
6868.68652343749999	1.35096549987793	0.100002817809582	0.100002817809582	26.663218253506312
6868.72851562499999	1.350921630859375	0.100002810359001	0.100002810359001	26.663218253506312
6868.77050781249999	1.350870132446289	0.100002810359001	0.100002810359001	26.663218253506312
6868.81249999999999	1.350822448730469	0.100002817809582	0.100002817809582	26.663218253506312
6868.85546874999999	1.350788116455078	0.100002802908421	0.100002802908421	26.663218253506312
6868.89746093749999	1.35075569152832	0.10000279545784	0.10000279545784	26.663218253506312
6868.93945312499999	1.350702285766602	0.10000279545784	0.10000279545784	26.663218253506312
6868.98144531249999	1.350658416748047	0.100002832710743	0.100002832710743	26.663218253506312
6869.02441406249999	1.350622177124023	0.100002802908421	0.100002802908421	26.663218253506312
6869.06640624999999	1.350614547729492	0.100002825260162	0.100002825260162	26.663218253506312
6869.10839843749999	1.350578308105469	0.10000279545784	0.10000279545784	26.663218253506312
6869.15039062499999	1.350526809692383	0.100002802908421	0.100002802908421	26.663218253506312
6869.19335937499999	1.350521087646484	0.100002832710743	0.100002832710743	26.663218253506312
6869.23535156249999	1.350490570068359	0.100002840161324	0.100002840161324	26.663218253506312
6869.27734374999999	1.350442886352539	0.100002825260162	0.100002825260162	26.663218253506312
6869.31933593749999	1.350406646728516	0.100002810359001	0.100002810359001	26.663218253506312
6869.36230468749999	1.350376129150391	0.100002765655518	0.100002765655518	26.663218253506312
6869.40429687499999	1.350345611572266	0.100002788007259	0.100002788007259	26.663218253506312
6869.44628906249999	1.350313186645508	0.100002802908421	0.100002802908421	26.663218253506312
6869.48828124999999	1.350292205810547	0.100002817809582	0.100002817809582	26.663218253506312
6869.53124999999999	1.35028076171875	0.100002810359001	0.100002810359001	26.663218253506312
6869.57324218749999	1.350263595581055	0.10000279545784	0.10000279545784	26.663218253506312
6869.61523437499999	1.350263595581055	0.100002788007259	0.100002788007259	26.663218253506312
6869.65722656249999	1.350221633911133	0.10000279545784	0.10000279545784	26.663218253506312
6869.69921874999999	1.35020637512207	0.100002765655518	0.100002765655518	26.663218253506312
6869.74218749999999	1.350179672241211	0.10000279545784	0.10000279545784	26.663218253506312
6869.78417968749999	1.350168228149414	0.10000279545784	0.10000279545784	26.663218253506312
6869.82617187499999	1.350128173828125	0.100002773106098	0.100002773106098	26.663218253506312
6869.86816406249999	1.350101470947266	0.100002788007259	0.100002788007259	26.663218253506312
6869.91113281249999	1.350065231323242	0.10000279545784	0.10000279545784	26.663218253506312
6869.95312499999999	1.350061416625977	0.100002765655518	0.100002765655518	26.663218253506312
6869.99511718749999	1.350008010864258	0.100002802908421	0.100002802908421	26.663218253506312
6870.03710937499999	1.350004196166992	0.100002765655518	0.100002765655518	26.663218253506312
6870.08007812499999	1.350000381469727	0.100002788007259	0.100002788007259	26.663218253506312
6870.12207031249999	1.349977493286133	0.100002750754356	0.100002750754356	26.663218253506312
6870.16406249999999	1.349950790405273	0.100002743303776	0.100002743303776	26.663218253506312
6870.20605468749999	1.349931716918945	0.100002788007259	0.100002788007259	26.663218253506312
6870.24902343749999	1.349908828735352	0.100002750754356	0.100002750754356	26.663218253506312
6870.29101562499999	1.349897384643555	0.100002758204937	0.100002758204937	26.663218253506312
6870.33300781249999	1.34986686706543	0.100002728402615	0.100002728402615	26.663218253506312
6870.37499999999999	1.349857330322266	0.100002773106098	0.100002773106098	26.663218253506312
6870.41796874999999	1.349830627441406	0.100002773106098	0.100002773106098	26.663218253506312
6870.45996093749999	1.349803924560547	0.100002788007259	0.100002788007259	26.663218253506312
6870.50195312499999	1.349796295166016	0.100002773106098	0.100002773106098	26.663218253506312
6870.54394531249999	1.349710464477539	0.100002758204937	0.100002758204937	26.663218253506312
6870.58691406249999	1.349695205688477	0.100002758204937	0.100002758204937	26.663218253506312
6870.62890624999999	1.349678039550781	0.100002780556679	0.100002780556679	26.663218253506312
6870.67089843749999	1.349668502807617	0.100002735853195	0.100002735853195	26.663218253506312
6870.71289062499999	1.349649429321289	0.100002750754356	0.100002750754356	26.663218253506312
6870.75585937499999	1.349639892578125	0.100002743303776	0.100002743303776	26.663218253506312
6870.79785156249999	1.349618911743164	0.100002728402615	0.100002728402615	26.663218253506312
6870.83984374999999	1.349615097045898	0.100002743303776	0.100002743303776	26.663218253506312
6870.88183593749999	1.349599838256836	0.100002735853195	0.100002735853195	26.663218253506312
6870.92480468749999	1.349607467651367	0.100002758204937	0.100002758204937	26.663218253506312
6870.96679687499999	1.349578857421875	0.100002788007259	0.100002788007259	26.663218253506312
6871.00878906249999	1.349565505981445	0.100002735853195	0.100002735853195	26.663218253506312
6871.05078124999999	1.349565505981445	0.100002735853195	0.100002735853195	26.663218253506312
6871.09374999999999	1.34954833984375	0.100002765655518	0.100002765655518	26.663218253506312
6871.13574218749999	1.349525451660156	0.100002735853195	0.100002735853195	26.663218253506312
