[INFO]
Keithley 2400
Meas Time: 2021/1/19 10:34:25
Params: GPIB address = GPIB0::21::INSTR; DataFile = D:\工艺实验\刘邓; Compliance  Level (0.1) = 0.100000000000000; Number of Points (5) = 100; Minimum Amplitude (1) = -3.000000000000000; Maximum Amplitude (2) = 3.000000000000000; Timeout (100000 ms) = 100000; Source Mode  (0: Voltage) = 0; 4-wire? = FALSE; delay(S) = 0.000000000000000; Start = ; 

[COMMENT]


[DATA]
time (s)	Voltage (V)	Current (A)	absCurrent (A)	Fitting Resistance (Ohms)

9432.55664062499999	-3.000875473022461	-6.560214387718588E-5	6.560214387718588E-5	28.589650449663193
9432.59863281249999	-2.940492630004883	-6.591467536054552E-5	6.591467536054552E-5	28.589650449663193
9432.64062499999999	-2.879756927490234	-6.603749352507293E-5	6.603749352507293E-5	28.589650449663193
9432.68261718749999	-2.818668365478516	-6.609421689063311E-5	6.609421689063311E-5	28.589650449663193
9432.72460937499999	-2.758256912231445	-6.61131925880909E-5	6.61131925880909E-5	28.589650449663193
9432.76660156249999	-2.697565078735352	-6.611458957195282E-5	6.611458957195282E-5	28.589650449663193
9432.80859374999999	-2.636974334716797	-6.611089338548481E-5	6.611089338548481E-5	28.589650449663193
9432.85058593749999	-2.576723098754883	-6.609737465623766E-5	6.609737465623766E-5	28.589650449663193
9432.89257812499999	-2.515790939331055	-6.606956594623625E-5	6.606956594623625E-5	28.589650449663193
9432.93457031249999	-2.455192565917969	-6.602494977414608E-5	6.602494977414608E-5	28.589650449663193
9432.97656249999999	-2.394931793212891	-6.597313040401787E-5	6.597313040401787E-5	28.589650449663193
9433.01855468749999	-2.33433723449707	-6.592109275516123E-5	6.592109275516123E-5	28.589650449663193
9433.06054687499999	-2.273412704467773	-6.586671224795282E-5	6.586671224795282E-5	28.589650449663193
9433.10253906249999	-2.213138580322266	-6.578829197678715E-5	6.578829197678715E-5	28.589650449663193
9433.14453124999999	-2.152547836303711	-6.570275581907481E-5	6.570275581907481E-5	28.589650449663193
9433.18652343749999	-2.092300415039062	-6.561602640431374E-5	6.561602640431374E-5	28.589650449663193
9433.22851562499999	-2.031684875488281	-6.552865670528263E-5	6.552865670528263E-5	28.589650449663193
9433.27050781249999	-1.970815658569336	-6.542603659909219E-5	6.542603659909219E-5	28.589650449663193
9433.31249999999999	-1.910585403442383	-6.530061364173889E-5	6.530061364173889E-5	28.589650449663193
9433.35449218749999	-1.849964141845703	-6.517182919196784E-5	6.517182919196784E-5	28.589650449663193
9433.39648437499999	-1.789697647094727	-6.50462752673775E-5	6.50462752673775E-5	28.589650449663193
9433.43847656249999	-1.729129791259766	-6.490643136203289E-5	6.490643136203289E-5	28.589650449663193
9433.48046874999999	-1.668172836303711	-6.474865949712694E-5	6.474865949712694E-5	28.589650449663193
9433.52246093749999	-1.607912063598633	-6.45757099846378E-5	6.45757099846378E-5	28.589650449663193
9433.56445312499999	-1.547317504882812	-6.439363642130047E-5	6.439363642130047E-5	28.589650449663193
9433.60644531249999	-1.487052917480469	-6.421133002731949E-5	6.421133002731949E-5	28.589650449663193
9433.64843749999999	-1.426107406616211	-6.400494021363556E-5	6.400494021363556E-5	28.589650449663193
9433.69042968749999	-1.365516662597656	-6.377836689352989E-5	6.377836689352989E-5	28.589650449663193
9433.73242187499999	-1.305183410644531	-6.353216303978115E-5	6.353216303978115E-5	28.589650449663193
9433.77441406249999	-1.244440078735352	-6.327709706965834E-5	6.327709706965834E-5	28.589650449663193
9433.81640624999999	-1.183713912963867	-6.30053982604295E-5	6.30053982604295E-5	28.589650449663193
9433.85839843749999	-1.122642517089844	-6.269813457038254E-5	6.269813457038254E-5	28.589650449663193
9433.90039062499999	-1.062236785888672	-6.236915942281485E-5	6.236915942281485E-5	28.589650449663193
9433.94238281249999	-1.001482009887695	-6.201554788276553E-5	6.201554788276553E-5	28.589650449663193
9433.98437499999999	-0.941097259521484	-6.164585647638887E-5	6.164585647638887E-5	28.589650449663193
9434.02636718749999	-0.880369186401367	-6.124030915088952E-5	6.124030915088952E-5	28.589650449663193
9434.06835937499999	-0.819276809692383	-6.078662408981472E-5	6.078662408981472E-5	28.589650449663193
9434.11035156249999	-0.758855819702148	-6.030006625223905E-5	6.030006625223905E-5	28.589650449663193
9434.15234374999999	-0.698131561279297	-5.977718683425337E-5	5.977718683425337E-5	28.589650449663193
9434.19433593749999	-0.637722015380859	-5.921171396039426E-5	5.921171396039426E-5	28.589650449663193
9434.23632812499999	-0.577041625976562	-5.858845543116331E-5	5.858845543116331E-5	28.589650449663193
9434.27832031249999	-0.515970230102539	-5.788741691503674E-5	5.788741691503674E-5	28.589650449663193
9434.32031249999999	-0.45555305480957	-5.71332493564114E-5	5.71332493564114E-5	28.589650449663193
9434.36230468749999	-0.394807815551758	-5.631442763842642E-5	5.631442763842642E-5	28.589650449663193
9434.40429687499999	-0.334436416625977	-5.541073915082961E-5	5.541073915082961E-5	28.589650449663193
9434.44628906249999	-0.273332595825195	-5.438856896944344E-5	5.438856896944344E-5	28.589650449663193
9434.48828124999999	-0.212575912475586	-5.325063830241561E-5	5.325063830241561E-5	28.589650449663193
9434.53027343749999	-0.152198791503906	-5.198889994062483E-5	5.198889994062483E-5	28.589650449663193
9434.57226562499999	-0.091436386108398	-5.057489033788443E-5	5.057489033788443E-5	28.589650449663193
9434.61425781249999	-0.031034469604492	-4.896897007711232E-5	4.896897007711232E-5	28.589650449663193
9434.65624999999999	0.030717849731445	-4.703665035776794E-5	4.703665035776794E-5	28.589650449663193
9434.69824218749999	0.091472625732422	-4.435390292201191E-5	4.435390292201191E-5	28.589650449663193
9434.74023437499999	0.151887893676758	-3.65293089998886E-5	3.65293089998886E-5	28.589650449663193
9434.78222656249999	0.212726593017578	1.549896842334419E-5	1.549896842334419E-5	28.589650449663193
9434.91796874999999	0.273168563842773	0.000430573069025	0.000430573069025	28.589650449663193
9435.05175781249999	0.334213256835937	0.002145140431821	0.002145140431821	28.589650449663193
9435.09374999999999	0.395000457763672	0.005246846470982	0.005246846470982	28.589650449663193
9435.13574218749999	0.455465316772461	0.009169768542051	0.009169768542051	28.589650449663193
9435.22460937499999	0.516071319580078	0.013633459806442	0.013633459806442	28.589650449663193
9435.26660156249999	0.577127456665039	0.018297806382179	0.018297806382179	28.589650449663193
9435.30859374999999	0.637451171875	0.023116156458855	0.023116156458855	28.589650449663193
9435.35058593749999	0.698230743408203	0.02811386436224	0.02811386436224	28.589650449663193
9435.39257812499999	0.758623123168945	0.033043496310711	0.033043496310711	28.589650449663193
9435.43457031249999	0.81938362121582	0.038299053907394	0.038299053907394	28.589650449663193
9435.47656249999999	0.880477905273437	0.043502487242222	0.043502487242222	28.589650449663193
9435.51855468749999	0.94087028503418	0.048901923000813	0.048901923000813	28.589650449663193
9435.56054687499999	1.001630783081055	0.054217085242271	0.054217085242271	28.589650449663193
9435.60156249999999	1.062032699584961	0.05948743224144	0.05948743224144	28.589650449663193
9435.64355468749999	1.122774124145508	0.064790889620781	0.064790889620781	28.589650449663193
9435.68554687499999	1.183860778808594	0.070000149309635	0.070000149309635	28.589650449663193
9435.72753906249999	1.244281768798828	0.075104124844074	0.075104124844074	28.589650449663193
9435.76953124999999	1.305028915405273	0.080487556755543	0.080487556755543	28.589650449663193
9435.81152343749999	1.36536979675293	0.085690870881081	0.085690870881081	28.589650449663193
9435.85351562499999	1.425975799560547	0.090849451720715	0.090849451720715	28.589650449663193
9435.89550781249999	1.486946105957031	0.09581932425499	0.09581932425499	28.589650449663193
9435.93749999999999	1.53413200378418	0.099997840821743	0.099997840821743	28.589650449663193
9435.97949218749999	1.537832260131836	0.100002773106098	0.100002773106098	28.589650449663193
9436.02246093749999	1.534236907958984	0.10000279545784	0.10000279545784	28.589650449663193
9436.06445312499999	1.532230377197266	0.100002758204937	0.100002758204937	28.589650449663193
9436.10644531249999	1.529607772827148	0.100002765655518	0.100002765655518	28.589650449663193
9436.14843749999999	1.529365539550781	0.100002743303776	0.100002743303776	28.589650449663193
9436.19140624999999	1.527204513549805	0.100002765655518	0.100002765655518	28.589650449663193
9436.23339843749999	1.526847839355469	0.100002698600292	0.100002698600292	28.589650449663193
9436.27539062499999	1.526176452636719	0.100002728402615	0.100002728402615	28.589650449663193
9436.31738281249999	1.527399063110352	0.100002743303776	0.100002743303776	28.589650449663193
9436.36035156249999	1.527521133422852	0.100002735853195	0.100002735853195	28.589650449663193
9436.40234374999999	1.525678634643555	0.100002758204937	0.100002758204937	28.589650449663193
9436.44433593749999	1.526491165161133	0.100002758204937	0.100002758204937	28.589650449663193
9436.48632812499999	1.526741027832031	0.100002720952034	0.100002720952034	28.589650449663193
9436.52929687499999	1.527133941650391	0.100002765655518	0.100002765655518	28.589650449663193
9436.57128906249999	1.52337646484375	0.100002735853195	0.100002735853195	28.589650449663193
9436.61328124999999	1.52113151550293	0.100002765655518	0.100002765655518	28.589650449663193
9436.65527343749999	1.52070426940918	0.100002735853195	0.100002735853195	28.589650449663193
9436.69824218749999	1.519412994384766	0.100002735853195	0.100002735853195	28.589650449663193
9436.74023437499999	1.520248413085937	0.100002743303776	0.100002743303776	28.589650449663193
9436.78222656249999	1.520900726318359	0.100002728402615	0.100002728402615	28.589650449663193
9436.82421874999999	1.520511627197266	0.100002735853195	0.100002735853195	28.589650449663193
9436.86718749999999	1.517915725708008	0.100002728402615	0.100002728402615	28.589650449663193
9436.90917968749999	1.515344619750977	0.100002743303776	0.100002743303776	28.589650449663193
9436.95117187499999	1.515823364257812	0.100002758204937	0.100002758204937	28.589650449663193
