[INFO]
Keithley 2400
Meas Time: 2021/1/19 14:57:09
Params: GPIB address = GPIB0::21::INSTR; DataFile = D:\工艺实验\刘金杨; Compliance  Level (0.1) = 0.100000000000000; Number of Points (5) = 333; Minimum Amplitude (1) = -3.000000000000000; Maximum Amplitude (2) = 3.000000000000000; Timeout (100000 ms) = 100000; Source Mode  (0: Voltage) = 0; 4-wire? = FALSE; delay(S) = 0.000000000000000; Start = ; 

[COMMENT]


[DATA]
time (s)	Voltage (V)	Current (A)	absCurrent (A)	Fitting Resistance (Ohms)

6934.20996093749999	-3.000673294067383	1.392663762089796E-10	1.392663762089796E-10	-486014.258837386965
6934.25195312499999	-2.982843399047852	3.44357431458775E-10	3.44357431458775E-10	-486014.258837386965
6934.29394531249999	-2.964666366577148	5.088622856419533E-10	5.088622856419533E-10	-486014.258837386965
6934.33593749999999	-2.946815490722656	1.363105184282176E-10	1.363105184282176E-10	-486014.258837386965
6934.37792968749999	-2.928279876708984	-7.548806024715304E-11	7.548806024715304E-11	-486014.258837386965
6934.41992187499999	-2.91008186340332	7.66249286243692E-11	7.66249286243692E-11	-486014.258837386965
6934.46093749999999	-2.892240524291992	1.224407242261805E-10	1.224407242261805E-10	-486014.258837386965
6934.50292968749999	-2.874063491821289	-7.537437340943143E-11	7.537437340943143E-11	-486014.258837386965
6934.54492187499999	-2.855861663818359	-2.63526089838706E-10	2.63526089838706E-10	-486014.258837386965
6934.58691406249999	-2.838014602661133	-2.237356966361403E-10	2.237356966361403E-10	-486014.258837386965
6934.62890624999999	-2.819816589355469	-1.33240973809734E-10	1.33240973809734E-10	-486014.258837386965
6934.67089843749999	-2.801300048828125	-2.562501322245225E-10	2.562501322245225E-10	-486014.258837386965
6934.71289062499999	-2.783464431762695	2.759179551503621E-10	2.759179551503621E-10	-486014.258837386965
6934.75488281249999	-2.765275955200195	1.693933882052079E-10	1.693933882052079E-10	-486014.258837386965
6934.79687499999999	-2.747411727905273	1.309672370553017E-10	1.309672370553017E-10	-486014.258837386965
6934.83886718749999	-2.729194641113281	3.31624505633954E-10	3.31624505633954E-10	-486014.258837386965
6934.88085937499999	-2.711400985717773	3.000195647473447E-10	3.000195647473447E-10	-486014.258837386965
6934.92285156249999	-2.693264007568359	7.389644451905042E-12	7.389644451905042E-12	-486014.258837386965
6934.96484374999999	-2.674760818481445	-1.396074367221445E-10	1.396074367221445E-10	-486014.258837386965
6935.00683593749999	-2.656974792480469	-3.319655661471188E-10	3.319655661471188E-10	-486014.258837386965
6935.04882812499999	-2.638839721679687	-3.919922164641321E-10	3.919922164641321E-10	-486014.258837386965
6935.09082031249999	-2.621036529541016	-1.730313670122996E-10	1.730313670122996E-10	-486014.258837386965
6935.13281249999999	-2.602888107299805	-2.802380549837835E-10	2.802380549837835E-10	-486014.258837386965
6935.17480468749999	-2.585088729858398	-3.514060153975151E-10	3.514060153975151E-10	-486014.258837386965
6935.21679687499999	-2.566944122314453	1.595026333234273E-10	1.595026333234273E-10	-486014.258837386965
6935.25878906249999	-2.548454284667969	5.909441824769601E-10	5.909441824769601E-10	-486014.258837386965
6935.30078124999999	-2.530654907226562	1.454282028134912E-9	1.454282028134912E-9	-486014.258837386965
6935.34277343749999	-2.512502670288086	1.901071300380863E-9	1.901071300380863E-9	-486014.258837386965
6935.38476562499999	-2.494684219360352	2.189722181356046E-9	2.189722181356046E-9	-486014.258837386965
6935.42675781249999	-2.476552963256836	2.530214260332286E-9	2.530214260332286E-9	-486014.258837386965
6935.46874999999999	-2.458772659301758	2.108890839735977E-9	2.108890839735977E-9	-486014.258837386965
6935.51074218749999	-2.440635681152344	2.303522705915384E-9	2.303522705915384E-9	-486014.258837386965
6935.55273437499999	-2.422128677368164	2.939941623480991E-9	2.939941623480991E-9	-486014.258837386965
6935.59472656249999	-2.404329299926758	2.47985099122161E-9	2.47985099122161E-9	-486014.258837386965
6935.63671874999999	-2.386180877685547	1.411876837664749E-9	1.411876837664749E-9	-486014.258837386965
6935.67871093749999	-2.368377685546875	-8.86757334228605E-11	8.86757334228605E-11	-486014.258837386965
6935.72070312499999	-2.350246429443359	-6.643858796451241E-10	6.643858796451241E-10	-486014.258837386965
6935.76269531249999	-2.332437515258789	-1.38027189677814E-9	1.38027189677814E-9	-486014.258837386965
6935.80468749999999	-2.314306259155273	-1.137095750891604E-9	1.137095750891604E-9	-486014.258837386965
6935.84570312499999	-2.295795440673828	6.714344635838643E-10	6.714344635838643E-10	-486014.258837386965
6935.88769531249999	-2.278026580810547	2.090246198349632E-9	2.090246198349632E-9	-486014.258837386965
6935.92968749999999	-2.259878158569336	3.625245881266892E-9	3.625245881266892E-9	-486014.258837386965
6935.97167968749999	-2.241710662841797	4.838398126594257E-9	4.838398126594257E-9	-486014.258837386965
6936.01367187499999	-2.223917007446289	3.406057658139616E-10	3.406057658139616E-10	-486014.258837386965
6936.05566406249999	-2.205759048461914	-3.065451892325655E-9	3.065451892325655E-9	-486014.258837386965
6936.09765624999999	-2.187273025512695	-4.087155502929818E-9	4.087155502929818E-9	-486014.258837386965
6936.13964843749999	-2.169473648071289	-3.727450348378625E-9	3.727450348378625E-9	-486014.258837386965
6936.18164062499999	-2.151329040527344	-9.996483640861697E-10	9.996483640861697E-10	-486014.258837386965
6936.22363281249999	-2.133520126342773	2.603428583825007E-9	2.603428583825007E-9	-486014.258837386965
6936.26562499999999	-2.115388870239258	3.876607479469385E-9	3.876607479469385E-9	-486014.258837386965
6936.30761718749999	-2.09759521484375	5.774381861556321E-9	5.774381861556321E-9	-486014.258837386965
6936.34960937499999	-2.079431533813477	9.275140655518044E-9	9.275140655518044E-9	-486014.258837386965
6936.39160156249999	-2.060920715332031	3.321360964037012E-9	3.321360964037012E-9	-486014.258837386965
6936.43359374999999	-2.043134689331055	-5.837136995978653E-9	5.837136995978653E-9	-486014.258837386965
6936.47558593749999	-2.025060653686523	-6.995605872361921E-9	6.995605872361921E-9	-486014.258837386965
6936.51757812499999	-2.007261276245117	-2.985075298056472E-9	2.985075298056472E-9	-486014.258837386965
6936.55957031249999	-1.989116668701172	-3.509398993628565E-9	3.509398993628565E-9	-486014.258837386965
6936.60156249999999	-1.971309661865234	-1.993953446799424E-9	1.993953446799424E-9	-486014.258837386965
6936.64355468749999	-1.953159332275391	4.434582479007076E-9	4.434582479007076E-9	-486014.258837386965
6936.68554687499999	-1.934690475463867	3.072045728913508E-9	3.072045728913508E-9	-486014.258837386965
6936.72753906249999	-1.916887283325195	5.220158527663443E-9	5.220158527663443E-9	-486014.258837386965
6936.76953124999999	-1.898727416992187	8.839947440719698E-9	8.839947440719698E-9	-486014.258837386965
6936.81152343749999	-1.880914688110352	5.437527761387173E-9	5.437527761387173E-9	-486014.258837386965
6936.85351562499999	-1.862775802612305	-5.195374797040131E-9	5.195374797040131E-9	-486014.258837386965
6936.89550781249999	-1.844978332519531	-1.033527041727211E-8	1.033527041727211E-8	-486014.258837386965
6936.93652343749999	-1.826839447021484	-3.451759766903706E-9	3.451759766903706E-9	-486014.258837386965
6936.97851562499999	-1.808322906494141	-5.240963218966499E-11	5.240963218966499E-11	-486014.258837386965
6937.02050781249999	-1.790534973144531	-3.451532393228263E-9	3.451532393228263E-9	-486014.258837386965
6937.06249999999999	-1.772392272949219	-5.690026227966882E-10	5.690026227966882E-10	-486014.258837386965
6937.10449218749999	-1.754587173461914	1.574903762957547E-9	1.574903762957547E-9	-486014.258837386965
6937.14648437499999	-1.736469268798828	-1.715193320706021E-9	1.715193320706021E-9	-486014.258837386965
6937.18847656249999	-1.718648910522461	8.692495612194762E-10	8.692495612194762E-10	-486014.258837386965
6937.23046874999999	-1.70050048828125	3.115587787760887E-9	3.115587787760887E-9	-486014.258837386965
6937.27246093749999	-1.6820068359375	3.935497261409182E-9	3.935497261409182E-9	-486014.258837386965
6937.31445312499999	-1.664215087890625	3.00110514217522E-9	3.00110514217522E-9	-486014.258837386965
6937.35644531249999	-1.646074295043945	2.098317963827867E-9	2.098317963827867E-9	-486014.258837386965
6937.39843749999999	-1.627912521362305	1.730313670122996E-10	1.730313670122996E-10	-486014.258837386965
6937.44042968749999	-1.610118865966797	-1.758280632202514E-9	1.758280632202514E-9	-486014.258837386965
6937.48242187499999	-1.59196662902832	-4.301000444684178E-9	4.301000444684178E-9	-486014.258837386965
6937.52441406249999	-1.574188232421875	1.432226781616919E-9	1.432226781616919E-9	-486014.258837386965
6937.56640624999999	-1.555702209472656	8.437268661509734E-9	8.437268661509734E-9	-486014.258837386965
6937.60839843749999	-1.537530899047852	1.257478743355023E-8	1.257478743355023E-8	-486014.258837386965
6937.65039062499999	-1.51972770690918	9.053565008798614E-9	9.053565008798614E-9	-486014.258837386965
6937.69238281249999	-1.501585006713867	3.681634552776813E-9	3.681634552776813E-9	-486014.258837386965
6937.73437499999999	-1.483789443969727	2.26805241254624E-10	2.26805241254624E-10	-486014.258837386965
6937.77636718749999	-1.465648651123047	-1.925855031004176E-10	1.925855031004176E-10	-486014.258837386965
6937.81835937499999	-1.447834014892578	-1.108446667785756E-10	1.108446667785756E-10	-486014.258837386965
6937.86035156249999	-1.429342269897461	-6.252776074688882E-10	6.252776074688882E-10	-486014.258837386965
6937.90234374999999	-1.411201477050781	-1.356738721369766E-9	1.356738721369766E-9	-486014.258837386965
6937.94433593749999	-1.393417358398437	-1.214402800542302E-9	1.214402800542302E-9	-486014.258837386965
6937.98632812499999	-1.375263214111328	-1.194393917103298E-9	1.194393917103298E-9	-486014.258837386965
6938.02832031249999	-1.357433319091797	-4.926050678477623E-10	4.926050678477623E-10	-486014.258837386965
6938.06933593749999	-1.339298248291016	-3.963123162975535E-10	3.963123162975535E-10	-486014.258837386965
6938.11132812499999	-1.321466445922852	1.17972831503721E-9	1.17972831503721E-9	-486014.258837386965
6938.15332031249999	-1.302949905395508	2.738261173362844E-9	2.738261173362844E-9	-486014.258837386965
6938.19531249999999	-1.284746170043945	3.356944944243878E-9	3.356944944243878E-9	-486014.258837386965
6938.23730468749999	-1.266908645629883	4.327148417360149E-9	4.327148417360149E-9	-486014.258837386965
6938.27929687499999	-1.248725891113281	5.284164217300713E-9	5.284164217300713E-9	-486014.258837386965
6938.32128906249999	-1.230890274047852	6.933873919479083E-9	6.933873919479083E-9	-486014.258837386965
6938.36328124999999	-1.212703704833984	7.339281182794366E-9	7.339281182794366E-9	-486014.258837386965
6938.40527343749999	-1.194845199584961	7.027551873761695E-9	7.027551873761695E-9	-486014.258837386965
6938.44726562499999	-1.176319122314453	6.948994268896058E-9	6.948994268896058E-9	-486014.258837386965
6938.48925781249999	-1.158124923706055	7.608605301356874E-9	7.608605301356874E-9	-486014.258837386965
6938.53124999999999	-1.140281677246094	6.313712219707668E-9	6.313712219707668E-9	-486014.258837386965
6938.57324218749999	-1.122108459472656	3.955392458010465E-9	3.955392458010465E-9	-486014.258837386965
6938.61523437499999	-1.104255676269531	5.297806637827307E-11	5.297806637827307E-11	-486014.258837386965
6938.65722656249999	-1.086069107055664	-2.371848495386075E-9	2.371848495386075E-9	-486014.258837386965
6938.69921874999999	-1.067873001098633	-5.285642146191094E-9	5.285642146191094E-9	-486014.258837386965
6938.74121093749999	-1.049367904663086	-6.214463610376697E-9	6.214463610376697E-9	-486014.258837386965
6938.78320312499999	-1.031509399414062	-2.603883331175894E-9	2.603883331175894E-9	-486014.258837386965
6938.82519531249999	-1.013309478759766	9.000586942420341E-10	9.000586942420341E-10	-486014.258837386965
6938.86718749999999	-0.995471954345703	3.660716174636036E-10	3.660716174636036E-10	-486014.258837386965
6938.90917968749999	-0.977264404296875	-3.16993009619182E-9	3.16993009619182E-9	-486014.258837386965
6938.95117187499999	-0.959434509277344	-6.692971510346979E-9	6.692971510346979E-9	-486014.258837386965
6938.99316406249999	-0.941261291503906	-7.771859600325115E-9	7.771859600325115E-9	-486014.258837386965
6939.03417968749999	-0.922725677490234	-8.536403584002983E-9	8.536403584002983E-9	-486014.258837386965
6939.07617187499999	-0.904890060424805	-4.182879820291419E-9	4.182879820291419E-9	-486014.258837386965
6939.11816406249999	-0.886695861816406	9.250697985407896E-10	9.250697985407896E-10	-486014.258837386965
6939.16015624999999	-0.868844985961914	1.14596332423389E-9	1.14596332423389E-9	-486014.258837386965
6939.20214843749999	-0.850652694702148	-7.727294359938242E-10	7.727294359938242E-10	-486014.258837386965
6939.24414062499999	-0.832809448242187	-3.227455636078957E-9	3.227455636078957E-9	-486014.258837386965
6939.28613281249999	-0.814638137817383	-3.860463948512916E-9	3.860463948512916E-9	-486014.258837386965
6939.32812499999999	-0.796089172363281	-7.629523679497652E-10	7.629523679497652E-10	-486014.258837386965
6939.37011718749999	-0.778238296508789	-7.047447070362978E-10	7.047447070362978E-10	-486014.258837386965
6939.41210937499999	-0.760065078735352	-1.115836312237661E-9	1.115836312237661E-9	-486014.258837386965
6939.45410156249999	-0.742216110229492	-1.864464138634503E-9	1.864464138634503E-9	-486014.258837386965
6939.49609374999999	-0.724014282226562	-5.424567461886909E-9	5.424567461886909E-9	-486014.258837386965
6939.53808593749999	-0.706193923950195	-9.995119398809038E-9	9.995119398809038E-9	-486014.258837386965
6939.58007812499999	-0.687654495239258	-1.098601387639064E-8	1.098601387639064E-8	-486014.258837386965
6939.62207031249999	-0.669469833374023	-1.183366293844301E-8	1.183366293844301E-8	-486014.258837386965
6939.66406249999999	-0.651613235473633	-4.996650204702746E-9	4.996650204702746E-9	-486014.258837386965
6939.70605468749999	-0.633424758911133	-1.193029675050639E-9	1.193029675050639E-9	-486014.258837386965
6939.74804687499999	-0.615657806396484	2.680735633475706E-9	2.680735633475706E-9	-486014.258837386965
6939.79003906249999	-0.59747314453125	7.224684850370977E-9	7.224684850370977E-9	-486014.258837386965
6939.83203124999999	-0.579607009887695	8.012762009457219E-9	8.012762009457219E-9	-486014.258837386965
6939.87402343749999	-0.561073303222656	5.225047061685473E-9	5.225047061685473E-9	-486014.258837386965
6939.91601562499999	-0.542890548706055	1.864577825472224E-9	1.864577825472224E-9	-486014.258837386965
6939.95800781249999	-0.525064468383789	-8.253664418589324E-11	8.253664418589324E-11	-486014.258837386965
6939.99999999999999	-0.506879806518555	3.376499080331996E-11	3.376499080331996E-11	-486014.258837386965
6940.04199218749999	-0.489019393920898	1.472244548494928E-9	1.472244548494928E-9	-486014.258837386965
6940.08398437499999	-0.470832824707031	3.788272806559689E-9	3.788272806559689E-9	-486014.258837386965
6940.12597656249999	-0.452632904052734	6.318941814242862E-9	6.318941814242862E-9	-486014.258837386965
6940.16796874999999	-0.434114456176758	5.710717232432216E-9	5.710717232432216E-9	-486014.258837386965
6940.20898437499999	-0.416271209716797	2.918341124313883E-9	2.918341124313883E-9	-486014.258837386965
6940.25097656249999	-0.398069381713867	-5.973106453893706E-10	5.973106453893706E-10	-486014.258837386965
6940.29296874999999	-0.380241394042969	-3.421746441745199E-9	3.421746441745199E-9	-486014.258837386965
6940.33496093749999	-0.362058639526367	-4.39194991486147E-9	4.39194991486147E-9	-486014.258837386965
6940.37695312499999	-0.344217300415039	-4.355115379439667E-9	4.355115379439667E-9	-486014.258837386965
6940.41894531249999	-0.326026916503906	-4.150365384703036E-9	4.150365384703036E-9	-486014.258837386965
6940.46093749999999	-0.307487487792969	-2.303750079590827E-9	2.303750079590827E-9	-486014.258837386965
6940.50292968749999	-0.289634704589844	2.937667886726558E-10	2.937667886726558E-10	-486014.258837386965
6940.54492187499999	-0.271442413330078	9.353016139357351E-10	9.353016139357351E-10	-486014.258837386965
6940.58691406249999	-0.253597259521484	-2.802153176162392E-9	2.802153176162392E-9	-486014.258837386965
6940.62890624999999	-0.235422134399414	-5.653532753058244E-9	5.653532753058244E-9	-486014.258837386965
6940.67089843749999	-0.217573165893555	-5.861124918737914E-9	5.861124918737914E-9	-486014.258837386965
6940.71289062499999	-0.199399948120117	-3.613649823819287E-9	3.613649823819287E-9	-486014.258837386965
6940.75488281249999	-0.180871963500977	-1.07843334262725E-9	1.07843334262725E-9	-486014.258837386965
6940.79687499999999	-0.16303825378418	1.148691808339208E-9	1.148691808339208E-9	-486014.258837386965
6940.83886718749999	-0.144821166992187	5.422066351457033E-9	5.422066351457033E-9	-486014.258837386965
6940.88085937499999	-0.126977920532227	8.076654012256768E-9	8.076654012256768E-9	-486014.258837386965
6940.92285156249999	-0.108781814575195	5.649326340062544E-9	5.649326340062544E-9	-486014.258837386965
6940.96484374999999	-0.090944290161133	6.759819370927289E-10	6.759819370927289E-10	-486014.258837386965
6941.00683593749999	-0.072771072387695	-2.133447196683846E-9	2.133447196683846E-9	-486014.258837386965
6941.04882812499999	-0.054231643676758	-1.697230800346006E-9	1.697230800346006E-9	-486014.258837386965
6941.09082031249999	-0.036375045776367	-4.788489604834467E-10	4.788489604834467E-10	-486014.258837386965
6941.13281249999999	-0.018186569213867	1.380840330966748E-9	1.380840330966748E-9	-486014.258837386965
6941.17480468749999	0.000316619873047	5.28746113559464E-9	5.28746113559464E-9	-486014.258837386965
6941.21679687499999	0.018470764160156	1.001819782686653E-8	1.001819782686653E-8	-486014.258837386965
6941.25878906249999	0.036333084106445	7.814037417119835E-9	7.814037417119835E-9	-486014.258837386965
6941.30078124999999	0.054525375366211	2.145270627806894E-9	2.145270627806894E-9	-486014.258837386965
6941.34277343749999	0.073040008544922	-2.520209818612784E-9	2.520209818612784E-9	-486014.258837386965
6941.38476562499999	0.090877532958984	-3.99302280129632E-9	3.99302280129632E-9	-486014.258837386965
6941.42675781249999	0.109054565429687	-4.368303052615374E-9	4.368303052615374E-9	-486014.258837386965
6941.46874999999999	0.126911163330078	-2.70142663794104E-9	2.70142663794104E-9	-486014.258837386965
6941.51074218749999	0.145095825195312	-3.090008249273524E-10	3.090008249273524E-10	-486014.258837386965
6941.55273437499999	0.1629638671875	5.376705303206108E-9	5.376705303206108E-9	-486014.258837386965
6941.59472656249999	0.181146621704102	8.184997568605468E-9	8.184997568605468E-9	-486014.258837386965
6941.63671874999999	0.199657440185547	4.704816092271358E-9	4.704816092271358E-9	-486014.258837386965
6941.67871093749999	0.217506408691406	1.392436388414353E-9	1.392436388414353E-9	-486014.258837386965
6941.72070312499999	0.235692977905273	-5.3198618843453E-9	5.3198618843453E-9	-486014.258837386965
6941.76269531249999	0.253543853759766	-5.48584466741886E-9	5.48584466741886E-9	-486014.258837386965
6941.80468749999999	0.271718978881836	-1.891862666525412E-9	1.891862666525412E-9	-486014.258837386965
6941.84667968749999	0.289554595947266	1.754187906044535E-9	1.754187906044535E-9	-486014.258837386965
6941.88867187499999	0.307746887207031	6.451500667026266E-9	6.451500667026266E-9	-486014.258837386965
6941.93066406249999	0.326290130615234	8.978531695902348E-9	8.978531695902348E-9	-486014.258837386965
6941.97265624999999	0.344160079956055	5.918195711274166E-9	5.918195711274166E-9	-486014.258837386965
6942.01464843749999	0.362327575683594	1.187800080515444E-9	1.187800080515444E-9	-486014.258837386965
6942.05566406249999	0.380144119262695	-3.485183697193861E-9	3.485183697193861E-9	-486014.258837386965
6942.09765624999999	0.398330688476562	-4.642288331524469E-9	4.642288331524469E-9	-486014.258837386965
6942.13964843749999	0.416179656982422	-1.970761331904214E-9	1.970761331904214E-9	-486014.258837386965
6942.18164062499999	0.434375762939453	3.509512680466287E-10	3.509512680466287E-10	-486014.258837386965
6942.22363281249999	0.452903747558594	4.137291398365051E-9	4.137291398365051E-9	-486014.258837386965
6942.26562499999999	0.470758438110352	7.676021596125793E-9	7.676021596125793E-9	-486014.258837386965
6942.30761718749999	0.488941192626953	6.032678356859833E-9	6.032678356859833E-9	-486014.258837386965
6942.34960937499999	0.506784439086914	1.047055775416084E-9	1.047055775416084E-9	-486014.258837386965
6942.39160156249999	0.524982452392578	-2.818751454469748E-9	2.818751454469748E-9	-486014.258837386965
6942.43359374999999	0.542810440063477	-7.661242307221983E-9	7.661242307221983E-9	-486014.258837386965
6942.47558593749999	0.560997009277344	-5.021092874812894E-9	5.021092874812894E-9	-486014.258837386965
6942.51757812499999	0.579511642456055	-2.880028660001699E-9	2.880028660001699E-9	-486014.258837386965
6942.55957031249999	0.597373962402344	6.192522050696425E-10	6.192522050696425E-10	-486014.258837386965
6942.60156249999999	0.61555290222168	5.400352165452205E-9	5.400352165452205E-9	-486014.258837386965
6942.64355468749999	0.633405685424805	7.02300440025283E-9	7.02300440025283E-9	-486014.258837386965
6942.68554687499999	0.651529312133789	3.763830136449542E-9	3.763830136449542E-9	-486014.258837386965
6942.72753906249999	0.669380187988281	-8.741380952415056E-10	8.741380952415056E-10	-486014.258837386965
6942.76953124999999	0.687559127807617	-5.036667971580755E-9	5.036667971580755E-9	-486014.258837386965
6942.81152343749999	0.706087112426758	-6.596451385121327E-9	6.596451385121327E-9	-486014.258837386965
6942.85351562499999	0.72392463684082	-5.302581485011615E-9	5.302581485011615E-9	-486014.258837386965
6942.89550781249999	0.742111206054687	-3.382865543244407E-9	3.382865543244407E-9	-486014.258837386965
6942.93749999999999	0.76030158996582	7.190692485892214E-10	7.190692485892214E-10	-486014.258837386965
6942.97949218749999	0.778160095214844	5.497668098541908E-9	5.497668098541908E-9	-486014.258837386965
6943.02148437499999	0.79633903503418	6.710138222842943E-9	6.710138222842943E-9	-486014.258837386965
6943.06347656249999	0.814874649047852	2.7985151973553E-9	2.7985151973553E-9	-486014.258837386965
6943.10546874999999	0.832717895507812	-1.353782863589004E-9	1.353782863589004E-9	-486014.258837386965
6943.14746093749999	0.850898742675781	-3.979039320256561E-9	3.979039320256561E-9	-486014.258837386965
6943.18847656249999	0.868745803833008	-5.418542059487663E-9	5.418542059487663E-9	-486014.258837386965
6943.23046874999999	0.886930465698242	-2.897081685659941E-9	2.897081685659941E-9	-486014.258837386965
6943.27246093749999	0.904760360717773	-1.808757588150911E-10	1.808757588150911E-10	-486014.258837386965
6943.31445312499999	0.922945022583008	2.11468886845978E-9	2.11468886845978E-9	-486014.258837386965
6943.35644531249999	0.941488265991211	6.183995537867304E-9	6.183995537867304E-9	-486014.258837386965
6943.39843749999999	0.959344863891602	5.330662133928854E-9	5.330662133928854E-9	-486014.258837386965
6943.44042968749999	0.977531433105469	2.015553945966531E-9	2.015553945966531E-9	-486014.258837386965
6943.48242187499999	0.995361328125	-2.238380147900898E-9	2.238380147900898E-9	-486014.258837386965
6943.52441406249999	1.013544082641602	-4.096591510460712E-9	4.096591510460712E-9	-486014.258837386965
6943.56640624999999	1.031398773193359	-4.01837496610824E-9	4.01837496610824E-9	-486014.258837386965
6943.60839843749999	1.049585342407227	-3.165382622682955E-9	3.165382622682955E-9	-486014.258837386965
6943.65039062499999	1.068124771118164	-1.640728441998363E-9	1.640728441998363E-9	-486014.258837386965
6943.69238281249999	1.085952758789062	1.093667378881946E-9	1.093667378881946E-9	-486014.258837386965
6943.73437499999999	1.104145050048828	6.072696123737842E-9	6.072696123737842E-9	-486014.258837386965
6943.77636718749999	1.121994018554687	5.18969045515405E-9	5.18969045515405E-9	-486014.258837386965
6943.81835937499999	1.14018440246582	3.351374289195519E-9	3.351374289195519E-9	-486014.258837386965
6943.86035156249999	1.158016204833984	-5.749143383582123E-10	5.749143383582123E-10	-486014.258837386965
6943.90234374999999	1.17622184753418	-2.553179001552053E-9	2.553179001552053E-9	-486014.258837386965
6943.94433593749999	1.194738388061523	-3.204036147508305E-9	3.204036147508305E-9	-486014.258837386965
6943.98632812499999	1.212591171264648	-2.82034307019785E-9	2.82034307019785E-9	-486014.258837386965
6944.02832031249999	1.230766296386719	-1.620378498046193E-9	1.620378498046193E-9	-486014.258837386965
6944.07031249999999	1.248611450195312	2.383330865995958E-9	2.383330865995958E-9	-486014.258837386965
6944.11230468749999	1.26679801940918	7.120547707017977E-9	7.120547707017977E-9	-486014.258837386965
6944.15429687499999	1.284639358520508	7.133508006518241E-9	7.133508006518241E-9	-486014.258837386965
6944.19628906249999	1.302831649780273	5.085894372314215E-9	5.085894372314215E-9	-486014.258837386965
6944.23730468749999	1.321361541748047	1.474290911573917E-9	1.474290911573917E-9	-486014.258837386965
6944.27929687499999	1.339202880859375	-1.726448317640461E-9	1.726448317640461E-9	-486014.258837386965
6944.32128906249999	1.357351303100586	-2.813749233609997E-9	2.813749233609997E-9	-486014.258837386965
6944.36328124999999	1.375160217285156	-2.508272700652014E-9	2.508272700652014E-9	-486014.258837386965
6944.40527343749999	1.393312454223633	-1.470425559091382E-9	1.470425559091382E-9	-486014.258837386965
6944.44726562499999	1.411109924316406	2.670276444405317E-9	2.670276444405317E-9	-486014.258837386965
6944.48925781249999	1.429244995117187	7.189328243839554E-9	7.189328243839554E-9	-486014.258837386965
6944.53124999999999	1.447744369506836	8.021061148610897E-9	8.021061148610897E-9	-486014.258837386965
6944.57324218749999	1.465543746948242	6.443428901548032E-9	6.443428901548032E-9	-486014.258837386965
6944.61523437499999	1.483711242675781	2.651972863532137E-9	2.651972863532137E-9	-486014.258837386965
6944.65722656249999	1.501485824584961	-2.720298653002828E-9	2.720298653002828E-9	-486014.258837386965
6944.69921874999999	1.519636154174805	-6.330537871690467E-9	6.330537871690467E-9	-486014.258837386965
6944.74121093749999	1.537775039672852	-9.452037375012878E-9	9.452037375012878E-9	-486014.258837386965
6944.78320312499999	1.555583953857422	-4.943558451486751E-9	4.943558451486751E-9	-486014.258837386965
6944.82519531249999	1.574087142944336	-6.365326044033281E-10	6.365326044033281E-10	-486014.258837386965
6944.86718749999999	1.592231750488281	6.664777174592018E-9	6.664777174592018E-9	-486014.258837386965
6944.90917968749999	1.610015869140625	1.136061200668337E-8	1.136061200668337E-8	-486014.258837386965
6944.95117187499999	1.628168106079102	9.242967280442826E-9	9.242967280442826E-9	-486014.258837386965
6944.99316406249999	1.645978927612305	5.026322469348088E-9	5.026322469348088E-9	-486014.258837386965
6945.03515624999999	1.664131164550781	-4.725961844087578E-10	4.725961844087578E-10	-486014.258837386965
6945.07714843749999	1.681921005249023	-5.760853127867449E-9	5.760853127867449E-9	-486014.258837386965
6945.11914062499999	1.700403213500977	-9.012865120894276E-9	9.012865120894276E-9	-486014.258837386965
6945.16113281249999	1.718540191650391	-5.0553126129671E-9	5.0553126129671E-9	-486014.258837386965
6945.20214843749999	1.736351013183594	-2.09570316656027E-9	2.09570316656027E-9	-486014.258837386965
6945.24414062499999	1.754497528076172	2.957904143841006E-9	2.957904143841006E-9	-486014.258837386965
6945.28613281249999	1.772306442260742	6.658183338004164E-9	6.658183338004164E-9	-486014.258837386965
6945.32812499999999	1.790435791015625	6.193772605911363E-9	6.193772605911363E-9	-486014.258837386965
6945.37011718749999	1.808242797851562	4.376488504931331E-9	4.376488504931331E-9	-486014.258837386965
6945.41210937499999	1.826744079589844	7.670450941077434E-10	7.670450941077434E-10	-486014.258837386965
6945.45410156249999	1.844882965087891	-4.754497240355704E-9	4.754497240355704E-9	-486014.258837386965
6945.49609374999999	1.862672805786133	-8.72194050316466E-9	8.72194050316466E-9	-486014.258837386965
6945.53808593749999	1.880825042724609	-6.096115612308495E-9	6.096115612308495E-9	-486014.258837386965
6945.58007812499999	1.898618698120117	-2.607976057333872E-9	2.607976057333872E-9	-486014.258837386965
6945.62207031249999	1.916769027709961	2.474052962497808E-9	2.474052962497808E-9	-486014.258837386965
6945.66406249999999	1.93458366394043	6.79222011967795E-9	6.79222011967795E-9	-486014.258837386965
6945.70605468749999	1.953048706054687	6.682171260763425E-9	6.682171260763425E-9	-486014.258837386965
6945.74804687499999	1.97120475769043	3.848413143714424E-9	3.848413143714424E-9	-486014.258837386965
6945.79003906249999	1.989006042480469	1.346052158623934E-9	1.346052158623934E-9	-486014.258837386965
6945.83203124999999	2.007148742675781	-1.337753019470256E-9	1.337753019470256E-9	-486014.258837386965
6945.87402343749999	2.024942398071289	-3.638206180767156E-9	3.638206180767156E-9	-486014.258837386965
6945.91601562499999	2.043018341064453	-3.659351932583377E-9	3.659351932583377E-9	-486014.258837386965
6945.95800781249999	2.060823440551758	-1.790340320440009E-9	1.790340320440009E-9	-486014.258837386965
6945.99999999999999	2.079311370849609	2.6943780540023E-10	2.6943780540023E-10	-486014.258837386965
6946.04199218749999	2.097478866577148	4.140474629821256E-9	4.140474629821256E-9	-486014.258837386965
6946.08398437499999	2.115272521972656	7.730477591394447E-9	7.730477591394447E-9	-486014.258837386965
6946.12597656249999	2.133396148681641	7.692051440244541E-9	7.692051440244541E-9	-486014.258837386965
6946.16796874999999	2.151208877563477	6.232085070223547E-9	6.232085070223547E-9	-486014.258837386965
6946.20898437499999	2.16935920715332	3.941636350646149E-9	3.941636350646149E-9	-486014.258837386965
6946.25097656249999	2.187164306640625	-2.153115019609686E-9	2.153115019609686E-9	-486014.258837386965
6946.29296874999999	2.205648422241211	-7.945004654175136E-9	7.945004654175136E-9	-486014.258837386965
6946.33496093749999	2.223773956298828	-9.756490726431366E-9	9.756490726431366E-9	-486014.258837386965
6946.37695312499999	2.2415771484375	-4.783260010299273E-9	4.783260010299273E-9	-486014.258837386965
6946.41894531249999	2.259733200073242	8.18658918433357E-10	8.18658918433357E-10	-486014.258837386965
6946.46093749999999	2.277902603149414	7.401126822514925E-9	7.401126822514925E-9	-486014.258837386965
6946.50292968749999	2.295692443847656	7.603830454172567E-9	7.603830454172567E-9	-486014.258837386965
6946.54492187499999	2.314174652099609	4.515982254815754E-9	4.515982254815754E-9	-486014.258837386965
6946.58691406249999	2.332304000854492	2.639126250869595E-9	2.639126250869595E-9	-486014.258837386965
6946.62890624999999	2.350124359130859	-2.253500497317873E-9	2.253500497317873E-9	-486014.258837386965
6946.67089843749999	2.368253707885742	-5.871015673619695E-9	5.871015673619695E-9	-486014.258837386965
6946.71289062499999	2.386053085327148	-5.970832717139274E-9	5.970832717139274E-9	-486014.258837386965
6946.75488281249999	2.404191970825195	-4.634785000234842E-9	4.634785000234842E-9	-486014.258837386965
6946.79687499999999	2.422012329101562	-1.906528268591501E-10	1.906528268591501E-10	-486014.258837386965
6946.83886718749999	2.440500259399414	4.97300334245665E-9	4.97300334245665E-9	-486014.258837386965
6946.88085937499999	2.458646774291992	6.811092134739738E-9	6.811092134739738E-9	-486014.258837386965
6946.92285156249999	2.476449966430664	5.617266651825048E-9	5.617266651825048E-9	-486014.258837386965
6946.96484374999999	2.494596481323242	3.677882887132E-9	3.677882887132E-9	-486014.258837386965
6947.00683593749999	2.512388229370117	-9.005134415929206E-10	9.005134415929206E-10	-486014.258837386965
6947.04882812499999	2.530532836914062	-5.27552401763387E-9	5.27552401763387E-9	-486014.258837386965
6947.09082031249999	2.548330307006836	-6.73242084303638E-9	6.73242084303638E-9	-486014.258837386965
6947.13183593749999	2.566806793212891	-4.947537490807008E-9	4.947537490807008E-9	-486014.258837386965
6947.17382812499999	2.5849609375	-1.747821443132125E-9	1.747821443132125E-9	-486014.258837386965
6947.21582031249999	2.602764129638672	3.600121090130415E-9	3.600121090130415E-9	-486014.258837386965
6947.25781249999999	2.620918273925781	6.818140718678478E-9	6.818140718678478E-9	-486014.258837386965
6947.29980468749999	2.638711929321289	5.272113412502222E-9	5.272113412502222E-9	-486014.258837386965
6947.34179687499999	2.65684700012207	3.310901774966624E-9	3.310901774966624E-9	-486014.258837386965
6947.38378906249999	2.674638748168945	7.491962605854496E-10	7.491962605854496E-10	-486014.258837386965
6947.42578124999999	2.693126678466797	-2.866613613150548E-9	2.866613613150548E-9	-486014.258837386965
6947.46777343749999	2.711271286010742	-4.677303877542727E-9	4.677303877542727E-9	-486014.258837386965
6947.50976562499999	2.729059219360352	-4.250864549248945E-9	4.250864549248945E-9	-486014.258837386965
6947.55175781249999	2.747251510620117	-2.935280463134404E-9	2.935280463134404E-9	-486014.258837386965
6947.59374999999999	2.765092849731445	1.646753844397608E-9	1.646753844397608E-9	-486014.258837386965
6947.63574218749999	2.783292770385742	5.341689757187851E-9	5.341689757187851E-9	-486014.258837386965
6947.67773437499999	2.801151275634766	5.519382284546737E-9	5.519382284546737E-9	-486014.258837386965
6947.71972656249999	2.819683074951172	4.283378984837327E-9	4.283378984837327E-9	-486014.258837386965
6947.76171874999999	2.837852478027344	1.862304088717792E-9	1.862304088717792E-9	-486014.258837386965
6947.80371093749999	2.855705261230469	-2.664023668330628E-9	2.664023668330628E-9	-486014.258837386965
6947.84570312499999	2.873889923095703	-6.616460268560331E-9	6.616460268560331E-9	-486014.258837386965
6947.88769531249999	2.891735076904297	-7.366793397522997E-9	7.366793397522997E-9	-486014.258837386965
6947.92968749999999	2.909908294677734	-5.710489858756773E-9	5.710489858756773E-9	-486014.258837386965
6947.97167968749999	2.927766799926758	-1.089915713237133E-9	1.089915713237133E-9	-486014.258837386965
6948.01269531249999	2.946296691894531	5.644665179715957E-9	5.644665179715957E-9	-486014.258837386965
6948.05468749999999	2.964509963989258	8.176812116289511E-9	8.176812116289511E-9	-486014.258837386965
6948.09667968749999	2.982343673706055	4.476760295801796E-9	4.476760295801796E-9	-486014.258837386965
6948.13867187499999	3.000526428222656	5.504716682480648E-10	5.504716682480648E-10	-486014.258837386965
6968.51562499999999	-3.000724792480469	-0.000186798977666	0.000186798977666	25.93040950705198
6968.55761718749999	-2.980838775634766	-0.00018673739396	0.00018673739396	25.93040950705198
6968.59960937499999	-2.960596084594727	-0.000186657998711	0.000186657998711	25.93040950705198
6968.64160156249999	-2.940689086914062	-0.000186546123587	0.000186546123587	25.93040950705198
6968.68359374999999	-2.920095443725586	-0.000186439603567	0.000186439603567	25.93040950705198
6968.72558593749999	-2.900178909301758	-0.000186341465451	0.000186341465451	25.93040950705198
6968.76757812499999	-2.879947662353516	-0.000186198274605	0.000186198274605	25.93040950705198
6968.80957031249999	-2.86003303527832	-0.000186028890312	0.000186028890312	25.93040950705198
6968.85156249999999	-2.840120315551758	-0.000185888726264	0.000185888726264	25.93040950705198
6968.89355468749999	-2.819864273071289	-0.00018574798014	0.00018574798014	25.93040950705198
6968.93554687499999	-2.799970626831055	-0.000185597571544	0.000185597571544	25.93040950705198
6968.97753906249999	-2.780080795288086	-0.000185416312888	0.000185416312888	25.93040950705198
6969.01953124999999	-2.759471893310547	-0.00018523435574	0.00018523435574	25.93040950705198
6969.06152343749999	-2.739566802978516	-0.000185083597898	0.000185083597898	25.93040950705198
6969.10351562499999	-2.719322204589844	-0.000184916425496	0.000184916425496	25.93040950705198
6969.14550781249999	-2.699481964111328	-0.000184720032848	0.000184720032848	25.93040950705198
6969.18749999999999	-2.679271697998047	-0.00018452887889	0.00018452887889	25.93040950705198
6969.22949218749999	-2.659420013427734	-0.000184344593436	0.000184344593436	25.93040950705198
6969.27148437499999	-2.639568328857422	-0.000184169155546	0.000184169155546	25.93040950705198
6969.31347656249999	-2.619041442871094	-0.000183961819857	0.000183961819857	25.93040950705198
6969.35546874999999	-2.599166870117187	-0.000183755881153	0.000183755881153	25.93040950705198
6969.39746093749999	-2.578971862792969	-0.000183529802598	0.000183529802598	25.93040950705198
6969.43945312499999	-2.559108734130859	-0.000183359254152	0.000183359254152	25.93040950705198
6969.48144531249999	-2.53925895690918	-0.000183151103556	0.000183151103556	25.93040950705198
6969.52343749999999	-2.519054412841797	-0.000182928633876	0.000182928633876	25.93040950705198
6969.56542968749999	-2.499191284179687	-0.000182691845112	0.000182691845112	25.93040950705198
6969.60742187499999	-2.478988647460937	-0.000182479852811	0.000182479852811	25.93040950705198
6969.64941406249999	-2.458810806274414	-0.000182266929187	0.000182266929187	25.93040950705198
6969.69140624999999	-2.438623428344727	-0.000182035961188	0.000182035961188	25.93040950705198
6969.73339843749999	-2.418756484985352	-0.000181784271263	0.000181784271263	25.93040950705198
6969.77539062499999	-2.398885726928711	-0.000181547948159	0.000181547948159	25.93040950705198
6969.81738281249999	-2.378681182861328	-0.00018130929675	0.00018130929675	25.93040950705198
6969.85937499999999	-2.35883903503418	-0.000181098934263	0.000181098934263	25.93040950705198
6969.90136718749999	-2.338640213012695	-0.000180846662261	0.000180846662261	25.93040950705198
6969.94335937499999	-2.318441390991211	-0.00018056598492	0.00018056598492	25.93040950705198
6969.98535156249999	-2.298242568969727	-0.000180314527825	0.000180314527825	25.93040950705198
6970.02734374999999	-2.278390884399414	-0.000180091592483	0.000180091592483	25.93040950705198
6970.06933593749999	-2.258543014526367	-0.000179831171408	0.000179831171408	25.93040950705198
6970.11132812499999	-2.238330841064453	-0.00017954071518	0.00017954071518	25.93040950705198
6970.15332031249999	-2.218481063842773	-0.000179251888767	0.000179251888767	25.93040950705198
6970.19531249999999	-2.19862174987793	-0.000178989721462	0.000178989721462	25.93040950705198
6970.23730468749999	-2.178430557250977	-0.000178729533218	0.000178729533218	25.93040950705198
6970.27832031249999	-2.157876968383789	-0.000178445712663	0.000178445712663	25.93040950705198
6970.32031249999999	-2.138029098510742	-0.000178150134161	0.000178150134161	25.93040950705198
6970.36230468749999	-2.1181640625	-0.000177852576599	0.000177852576599	25.93040950705198
6970.40429687499999	-2.097978591918945	-0.00017756735906	0.00017756735906	25.93040950705198
6970.44628906249999	-2.078125	-0.000177291105501	0.000177291105501	25.93040950705198
6970.48828124999999	-2.058242797851562	-0.000176977948286	0.000176977948286	25.93040950705198
6970.53027343749999	-2.038045883178711	-0.000176642788574	0.000176642788574	25.93040950705198
6970.57226562499999	-2.017560958862305	-0.000176333356649	0.000176333356649	25.93040950705198
6970.61425781249999	-1.997730255126953	-0.000176043482497	0.000176043482497	25.93040950705198
6970.65624999999999	-1.977851867675781	-0.000175718567334	0.000175718567334	25.93040950705198
6970.69824218749999	-1.957666397094727	-0.000175383524038	0.000175383524038	25.93040950705198
6970.74023437499999	-1.937820434570312	-0.000175049062818	0.000175049062818	25.93040950705198
6970.78222656249999	-1.917972564697266	-0.000174743589014	0.000174743589014	25.93040950705198
6970.82421874999999	-1.897764205932617	-0.000174410524778	0.000174410524778	25.93040950705198
6970.86621093749999	-1.877904891967773	-0.000174065120518	0.000174065120518	25.93040950705198
6970.90820312499999	-1.857349395751953	-0.000173695501871	0.000173695501871	25.93040950705198
6970.95019531249999	-1.837497711181641	-0.000173349282704	0.000173349282704	25.93040950705198
6970.99218749999999	-1.817300796508789	-0.000172993983142	0.000172993983142	25.93040950705198
6971.03417968749999	-1.797443389892578	-0.000172647414729	0.000172647414729	25.93040950705198
6971.07617187499999	-1.777576446533203	-0.000172269181348	0.000172269181348	25.93040950705198
6971.11816406249999	-1.757394790649414	-0.000171880470589	0.000171880470589	25.93040950705198
6971.16015624999999	-1.737541198730469	-0.00017152086366	0.00017152086366	25.93040950705198
6971.20214843749999	-1.716991424560547	-0.000171160907485	0.000171160907485	25.93040950705198
6971.24414062499999	-1.697122573852539	-0.000170754501596	0.000170754501596	25.93040950705198
6971.28613281249999	-1.676929473876953	-0.000170338898897	0.000170338898897	25.93040950705198
6971.32812499999999	-1.657083511352539	-0.000169939477928	0.000169939477928	25.93040950705198
6971.37011718749999	-1.637224197387695	-0.000169559149072	0.000169559149072	25.93040950705198
6971.41210937499999	-1.617025375366211	-0.000169147737324	0.000169147737324	25.93040950705198
6971.45410156249999	-1.59715461730957	-0.000168717699125	0.000168717699125	25.93040950705198
6971.49609374999999	-1.576625823974609	-0.00016827788204	0.00016827788204	25.93040950705198
6971.53808593749999	-1.556766510009766	-0.000167872291058	0.000167872291058	25.93040950705198
6971.58007812499999	-1.53656005859375	-0.000167452963069	0.000167452963069	25.93040950705198
6971.62207031249999	-1.51671028137207	-0.000167016172782	0.000167016172782	25.93040950705198
6971.66406249999999	-1.496847152709961	-0.000166559009813	0.000166559009813	25.93040950705198
6971.70605468749999	-1.476659774780273	-0.00016611488536	0.00016611488536	25.93040950705198
6971.74804687499999	-1.456787109375	-0.000165681121871	0.000165681121871	25.93040950705198
6971.79003906249999	-1.436935424804687	-0.000165232457221	0.000165232457221	25.93040950705198
6971.83203124999999	-1.416374206542969	-0.000164726516232	0.000164726516232	25.93040950705198
6971.87402343749999	-1.396541595458984	-0.000164233963005	0.000164233963005	25.93040950705198
6971.91601562499999	-1.376344680786133	-0.000163774937391	0.000163774937391	25.93040950705198
6971.95800781249999	-1.356470108032227	-0.000163293792866	0.000163293792866	25.93040950705198
6971.99999999999999	-1.336261749267578	-0.000162788550369	0.000162788550369	25.93040950705198
6972.04199218749999	-1.316377639770508	-0.000162280281074	0.000162280281074	25.93040950705198
6972.08398437499999	-1.296485900878906	-0.000161766540259	0.000161766540259	25.93040950705198
6972.12597656249999	-1.275882720947266	-0.000161249074154	0.000161249074154	25.93040950705198
6972.16796874999999	-1.255979537963867	-0.000160747324117	0.000160747324117	25.93040950705198
6972.20996093749999	-1.235736846923828	-0.000160193769261	0.000160193769261	25.93040950705198
6972.25195312499999	-1.215848922729492	-0.000159633462317	0.000159633462317	25.93040950705198
6972.29394531249999	-1.195587158203125	-0.00015910260845	0.00015910260845	25.93040950705198
6972.33593749999999	-1.175687789916992	-0.000158571754582	0.000158571754582	25.93040950705198
6972.37792968749999	-1.155767440795898	-0.000157995615155	0.000157995615155	25.93040950705198
6972.41992187499999	-1.135538101196289	-0.000157416332513	0.000157416332513	25.93040950705198
6972.46191406249999	-1.115285873413086	-0.000156825757585	0.000156825757585	25.93040950705198
6972.50390624999999	-1.095027923583984	-0.000156241701916	0.000156241701916	25.93040950705198
6972.54589843749999	-1.075124740600586	-0.000155645422637	0.000155645422637	25.93040950705198
6972.58789062499999	-1.055242538452148	-0.000155029818416	0.000155029818416	25.93040950705198
6972.62988281249999	-1.035003662109375	-0.00015438196715	0.00015438196715	25.93040950705198
6972.67089843749999	-1.015083312988281	-0.000153787434101	0.000153787434101	25.93040950705198
6972.71289062499999	-0.994844436645508	-0.00015316833742	0.00015316833742	25.93040950705198
6972.75488281249999	-0.974586486816406	-0.00015250663273	0.00015250663273	25.93040950705198
6972.79687499999999	-0.954347610473633	-0.000151839107275	0.000151839107275	25.93040950705198
6972.83886718749999	-0.934444427490234	-0.000151194282807	0.000151194282807	25.93040950705198
6972.88085937499999	-0.914524078369141	-0.000150542706251	0.000150542706251	25.93040950705198
6972.92285156249999	-0.894268035888672	-0.000149831874296	0.000149831874296	25.93040950705198
6972.96484374999999	-0.874395370483398	-0.000149129540659	0.000149129540659	25.93040950705198
6973.00683593749999	-0.854480743408203	-0.000148433377035	0.000148433377035	25.93040950705198
6973.04882812499999	-0.834230422973633	-0.000147726386786	0.000147726386786	25.93040950705198
6973.09082031249999	-0.81364631652832	-0.00014698994346	0.00014698994346	25.93040950705198
6973.13281249999999	-0.793739318847656	-0.000146237900481	0.000146237900481	25.93040950705198
6973.17480468749999	-0.773836135864258	-0.000145485042594	0.000145485042594	25.93040950705198
6973.21679687499999	-0.753583908081055	-0.00014473462943	0.00014473462943	25.93040950705198
6973.25878906249999	-0.733676910400391	-0.00014397862833	0.00014397862833	25.93040950705198
6973.30078124999999	-0.713747024536133	-0.000143189448863	0.000143189448863	25.93040950705198
6973.34277343749999	-0.693540573120117	-0.000142367905937	0.000142367905937	25.93040950705198
6973.38476562499999	-0.672941207885742	-0.000141524593346	0.000141524593346	25.93040950705198
6973.42675781249999	-0.653030395507812	-0.000140727963299	0.000140727963299	25.93040950705198
6973.46874999999999	-0.633123397827148	-0.000139919691719	0.000139919691719	25.93040950705198
6973.51074218749999	-0.612934112548828	-0.000139051349834	0.000139051349834	25.93040950705198
6973.55273437499999	-0.593051910400391	-0.000138174975291	0.000138174975291	25.93040950705198
6973.59472656249999	-0.573131561279297	-0.000137302675284	0.000137302675284	25.93040950705198
6973.63671874999999	-0.552883148193359	-0.000136396032758	0.000136396032758	25.93040950705198
6973.67871093749999	-0.533000946044922	-0.000135494628921	0.000135494628921	25.93040950705198
6973.72070312499999	-0.512416839599609	-0.000134528498165	0.000134528498165	25.93040950705198
6973.76269531249999	-0.492500305175781	-0.000133578316309	0.000133578316309	25.93040950705198
6973.80468749999999	-0.47224235534668	-0.000132617657073	0.000132617657073	25.93040950705198
6973.84667968749999	-0.452339172363281	-0.000131656415761	0.000131656415761	25.93040950705198
6973.88867187499999	-0.432441711425781	-0.000130663625896	0.000130663625896	25.93040950705198
6973.93066406249999	-0.412202835083008	-0.000129618449137	0.000129618449137	25.93040950705198
6973.97265624999999	-0.392269134521484	-0.000128598418087	0.000128598418087	25.93040950705198
6974.01464843749999	-0.371688842773437	-0.000127523206174	0.000127523206174	25.93040950705198
6974.05664062499999	-0.351808547973633	-0.000126458937302	0.000126458937302	25.93040950705198
6974.09863281249999	-0.331562042236328	-0.000125320977531	0.000125320977531	25.93040950705198
6974.14062499999999	-0.311639785766602	-0.00012419896666	0.00012419896666	25.93040950705198
6974.18261718749999	-0.291732788085937	-0.000123076490127	0.000123076490127	25.93040950705198
6974.22460937499999	-0.271484375	-0.000121922697872	0.000121922697872	25.93040950705198
6974.26660156249999	-0.251590728759766	-0.000120732234791	0.000120732234791	25.93040950705198
6974.30859374999999	-0.231687545776367	-0.000119510455988	0.000119510455988	25.93040950705198
6974.35058593749999	-0.211093902587891	-0.000118242111057	0.000118242111057	25.93040950705198
6974.39257812499999	-0.190828323364258	-0.00011696817819	0.00011696817819	25.93040950705198
6974.43457031249999	-0.17094612121582	-0.000115688308142	0.000115688308142	25.93040950705198
6974.47656249999999	-0.151031494140625	-0.000114353024401	0.000114353024401	25.93040950705198
6974.51855468749999	-0.130769729614258	-0.000112960464321	0.000112960464321	25.93040950705198
6974.56054687499999	-0.110879898071289	-0.000111586297862	0.000111586297862	25.93040950705198
6974.60253906249999	-0.090959548950195	-0.000110182911158	0.000110182911158	25.93040950705198
6974.64453124999999	-0.07038688659668	-0.00010868604295	0.00010868604295	25.93040950705198
6974.68652343749999	-0.050464630126953	-0.000107177998871	0.000107177998871	25.93040950705198
6974.72851562499999	-0.030223846435547	-0.000105626531877	0.000105626531877	25.93040950705198
6974.77050781249999	-0.010322570800781	-0.000104058883153	0.000104058883153	25.93040950705198
6974.81249999999999	0.010234832763672	-0.000102384830825	0.000102384830825	25.93040950705198
6974.85449218749999	0.030471801757812	-0.000100659555756	0.000100659555756	25.93040950705198
6974.94726562499999	0.050188064575195	-9.885855251923203E-5	9.885855251923203E-5	25.93040950705198
6974.98925781249999	0.070100784301758	-9.691945160739124E-5	9.691945160739124E-5	25.93040950705198
6975.03124999999999	0.0906982421875	-9.46732034208253E-5	9.46732034208253E-5	25.93040950705198
6975.07324218749999	0.110601425170898	-9.204918751493096E-5	9.204918751493096E-5	25.93040950705198
6975.11523437499999	0.130842208862305	-8.844542026054114E-5	8.844542026054114E-5	25.93040950705198
6975.15722656249999	0.150775909423828	-8.304270158987492E-5	8.304270158987492E-5	25.93040950705198
6975.19921874999999	0.170705795288086	-7.389909296762198E-5	7.389909296762198E-5	25.93040950705198
6975.24121093749999	0.190977096557617	-5.684199277311563E-5	5.684199277311563E-5	25.93040950705198
6975.28320312499999	0.210939407348633	-2.473015047144145E-5	2.473015047144145E-5	25.93040950705198
6975.32519531249999	0.231657028198242	3.730448224814609E-5	3.730448224814609E-5	25.93040950705198
6975.46093749999999	0.251523971557617	0.000174039974809	0.000174039974809	25.93040950705198
6975.50292968749999	0.271797180175781	0.000411728455219	0.000411728455219	25.93040950705198
6975.54492187499999	0.291778564453125	0.000814149505459	0.000814149505459	25.93040950705198
6975.67968749999999	0.311546325683594	0.001473597250879	0.001473597250879	25.93040950705198
6975.72167968749999	0.331825256347656	0.002371510490775	0.002371510490775	25.93040950705198
6975.76367187499999	0.351747512817383	0.003493939526379	0.003493939526379	25.93040950705198
6975.80468749999999	0.371660232543945	0.00481163803488	0.00481163803488	25.93040950705198
6975.84667968749999	0.392280578613281	0.006349232047796	0.006349232047796	25.93040950705198
6975.88867187499999	0.412559509277344	0.007995416410267	0.007995416410267	25.93040950705198
6975.93066406249999	0.43250846862793	0.009717203676701	0.009717203676701	25.93040950705198
6976.01953124999999	0.452226638793945	0.011548936367035	0.011548936367035	25.93040950705198
6976.06152343749999	0.472482681274414	0.013442061841488	0.013442061841488	25.93040950705198
6976.10351562499999	0.492389678955078	0.015363492071629	0.015363492071629	25.93040950705198
6976.14550781249999	0.512300491333008	0.01732661575079	0.01732661575079	25.93040950705198
6976.18749999999999	0.532892227172852	0.019395560026169	0.019395560026169	25.93040950705198
6976.22949218749999	0.553125381469727	0.021461375057697	0.021461375057697	25.93040950705198
6976.27050781249999	0.573032379150391	0.023513615131378	0.023513615131378	25.93040950705198
6976.31249999999999	0.592950820922852	0.025591172277927	0.025591172277927	25.93040950705198
6976.35449218749999	0.613201141357422	0.027720384299755	0.027720384299755	25.93040950705198
6976.39648437499999	0.633096694946289	0.029830612242222	0.029830612242222	25.93040950705198
6976.43847656249999	0.652944564819336	0.03194722533226	0.03194722533226	25.93040950705198
6976.48046874999999	0.67320442199707	0.034118227660656	0.034118227660656	25.93040950705198
6976.52246093749999	0.69346809387207	0.036302492022514	0.036302492022514	25.93040950705198
6976.56445312499999	0.713712692260742	0.038492426276207	0.038492426276207	25.93040950705198
6976.60644531249999	0.733602523803711	0.040649756789207	0.040649756789207	25.93040950705198
6976.64843749999999	0.753849029541016	0.042853161692619	0.042853161692619	25.93040950705198
6976.69042968749999	0.773769378662109	0.045025497674942	0.045025497674942	25.93040950705198
6976.73242187499999	0.793674468994141	0.047199375927448	0.047199375927448	25.93040950705198
6976.77441406249999	0.813919067382812	0.049415200948715	0.049415200948715	25.93040950705198
6976.81640624999999	0.83418083190918	0.051633834838867	0.051633834838867	25.93040950705198
6976.85839843749999	0.854429244995117	0.053854897618294	0.053854897618294	25.93040950705198
6976.90039062499999	0.874353408813477	0.0560407564044	0.0560407564044	25.93040950705198
6976.94238281249999	0.894258499145508	0.05822491645813	0.05822491645813	25.93040950705198
6976.98437499999999	0.914493560791016	0.060446970164776	0.060446970164776	25.93040950705198
6977.02636718749999	0.934402465820312	0.06263342499733	0.06263342499733	25.93040950705198
6977.06835937499999	0.954662322998047	0.064855463802814	0.064855463802814	25.93040950705198
6977.11035156249999	0.974552154541016	0.067037411034107	0.067037411034107	25.93040950705198
6977.15234374999999	0.995143890380859	0.069292038679123	0.069292038679123	25.93040950705198
6977.19433593749999	1.015054702758789	0.07146829366684	0.07146829366684	25.93040950705198
6977.23632812499999	1.03497314453125	0.073645517230034	0.073645517230034	25.93040950705198
6977.27832031249999	1.055225372314453	0.075857505202293	0.075857505202293	25.93040950705198
6977.31933593749999	1.075111389160156	0.078018829226494	0.078018829226494	25.93040950705198
6977.36132812499999	1.095024108886719	0.080182068049908	0.080182068049908	25.93040950705198
6977.40332031249999	1.115276336669922	0.082380004227161	0.082380004227161	25.93040950705198
6977.44531249999999	1.135881423950195	0.084617912769318	0.084617912769318	25.93040950705198
6977.48730468749999	1.155782699584961	0.086765818297863	0.086765818297863	25.93040950705198
6977.52929687499999	1.175699234008789	0.088908158242702	0.088908158242702	25.93040950705198
6977.57128906249999	1.195949554443359	0.091077134013176	0.091077134013176	25.93040950705198
6977.61328124999999	1.21586799621582	0.093200273811817	0.093200273811817	25.93040950705198
6977.65527343749999	1.235769271850586	0.095314249396324	0.095314249396324	25.93040950705198
6977.69726562499999	1.256006240844727	0.097454994916916	0.097454994916916	25.93040950705198
6977.73925781249999	1.276592254638672	0.099626243114471	0.099626243114471	25.93040950705198
6977.78124999999999	1.280057907104492	0.100003242492676	0.100003242492676	25.93040950705198
6977.82324218749999	1.28004264831543	0.100002802908421	0.100002802908421	25.93040950705198
6977.86523437499999	1.279989242553711	0.100002802908421	0.100002802908421	25.93040950705198
6977.90820312499999	1.279962539672852	0.100002817809582	0.100002817809582	25.93040950705198
6977.95019531249999	1.279932022094727	0.100002810359001	0.100002810359001	25.93040950705198
6977.99218749999999	1.279928207397461	0.100002832710743	0.100002832710743	25.93040950705198
6978.03417968749999	1.27989387512207	0.100002817809582	0.100002817809582	25.93040950705198
6978.07714843749999	1.279874801635742	0.100002847611904	0.100002847611904	25.93040950705198
6978.11914062499999	1.279880523681641	0.100002869963646	0.100002869963646	25.93040950705198
6978.16113281249999	1.279844284057617	0.100002847611904	0.100002847611904	25.93040950705198
6978.20312499999999	1.279836654663086	0.100002817809582	0.100002817809582	25.93040950705198
6978.24609374999999	1.279817581176758	0.100002840161324	0.100002840161324	25.93040950705198
6978.28808593749999	1.27979850769043	0.100002802908421	0.100002802908421	25.93040950705198
6978.33007812499999	1.279787063598633	0.100002758204937	0.100002758204937	25.93040950705198
6978.37207031249999	1.279775619506836	0.100002802908421	0.100002802908421	25.93040950705198
6978.41503906249999	1.279790878295898	0.100002802908421	0.100002802908421	25.93040950705198
6978.45703124999999	1.27978515625	0.100002869963646	0.100002869963646	25.93040950705198
6978.49902343749999	1.279777526855469	0.100002840161324	0.100002840161324	25.93040950705198
6978.54101562499999	1.279750823974609	0.100002825260162	0.100002825260162	25.93040950705198
6978.58300781249999	1.279743194580078	0.100002847611904	0.100002847611904	25.93040950705198
6978.62597656249999	1.279720306396484	0.10000279545784	0.10000279545784	25.93040950705198
6978.66796874999999	1.279701232910156	0.100002855062485	0.100002855062485	25.93040950705198
6978.70996093749999	1.279706954956055	0.100002788007259	0.100002788007259	25.93040950705198
6978.75195312499999	1.279680252075195	0.100002847611904	0.100002847611904	25.93040950705198
6978.79492187499999	1.279687881469727	0.100002780556679	0.100002780556679	25.93040950705198
6978.83691406249999	1.279674530029297	0.100002802908421	0.100002802908421	25.93040950705198
6978.87890624999999	1.2796630859375	0.100002750754356	0.100002750754356	25.93040950705198
6978.92089843749999	1.279634475708008	0.100002788007259	0.100002788007259	25.93040950705198
6978.96386718749999	1.279636383056641	0.100002810359001	0.100002810359001	25.93040950705198
6979.00585937499999	1.27961540222168	0.100002765655518	0.100002765655518	25.93040950705198
6979.04785156249999	1.279617309570312	0.100002817809582	0.100002817809582	25.93040950705198
6979.08984374999999	1.279605865478516	0.100002773106098	0.100002773106098	25.93040950705198
6979.13281249999999	1.279577255249023	0.10000279545784	0.10000279545784	25.93040950705198
6979.17480468749999	1.279552459716797	0.100002780556679	0.100002780556679	25.93040950705198
6979.21679687499999	1.279565811157227	0.100002810359001	0.100002810359001	25.93040950705198
6979.25878906249999	1.279573440551758	0.100002817809582	0.100002817809582	25.93040950705198
6979.30175781249999	1.279556274414062	0.100002765655518	0.100002765655518	25.93040950705198
6979.34374999999999	1.279561996459961	0.100002780556679	0.100002780556679	25.93040950705198
6979.38574218749999	1.279525756835937	0.100002765655518	0.100002765655518	25.93040950705198
6979.42773437499999	1.279512405395508	0.100002817809582	0.100002817809582	25.93040950705198
6979.47070312499999	1.279506683349609	0.100002780556679	0.100002780556679	25.93040950705198
6979.51269531249999	1.279508590698242	0.100002802908421	0.100002802908421	25.93040950705198
6979.55468749999999	1.279514312744141	0.10000279545784	0.10000279545784	25.93040950705198
6979.59667968749999	1.279499053955078	0.100002802908421	0.100002802908421	25.93040950705198
6979.63964843749999	1.279499053955078	0.100002802908421	0.100002802908421	25.93040950705198
6979.68164062499999	1.279487609863281	0.100002765655518	0.100002765655518	25.93040950705198
6979.72363281249999	1.279481887817383	0.100002780556679	0.100002780556679	25.93040950705198
6979.76562499999999	1.279485702514648	0.100002765655518	0.100002765655518	25.93040950705198
6979.80859374999999	1.279464721679687	0.100002810359001	0.100002810359001	25.93040950705198
6979.85058593749999	1.279455184936523	0.100002802908421	0.100002802908421	25.93040950705198
6979.89257812499999	1.27946662902832	0.100002773106098	0.100002773106098	25.93040950705198
6979.93457031249999	1.279478073120117	0.100002773106098	0.100002773106098	25.93040950705198
6979.97753906249999	1.279462814331055	0.100002810359001	0.100002810359001	25.93040950705198
6980.01953124999999	1.279462814331055	0.100002773106098	0.100002773106098	25.93040950705198
6980.06152343749999	1.279455184936523	0.100002765655518	0.100002765655518	25.93040950705198
6980.10351562499999	1.279447555541992	0.100002780556679	0.100002780556679	25.93040950705198
6980.14648437499999	1.279453277587891	0.100002788007259	0.100002788007259	25.93040950705198
6980.18847656249999	1.279453277587891	0.10000279545784	0.10000279545784	25.93040950705198
6980.23046874999999	1.279441833496094	0.100002788007259	0.100002788007259	25.93040950705198
6980.27246093749999	1.279422760009766	0.100002765655518	0.100002765655518	25.93040950705198
6980.31542968749999	1.279415130615234	0.100002780556679	0.100002780556679	25.93040950705198
6980.35742187499999	1.279422760009766	0.100002788007259	0.100002788007259	25.93040950705198
6980.39941406249999	1.279422760009766	0.100002840161324	0.100002840161324	25.93040950705198
6980.44140624999999	1.279415130615234	0.100002802908421	0.100002802908421	25.93040950705198
6980.48437499999999	1.279415130615234	0.100002817809582	0.100002817809582	25.93040950705198
6980.52636718749999	1.279407501220703	0.100002765655518	0.100002765655518	25.93040950705198
6980.56835937499999	1.279388427734375	0.100002788007259	0.100002788007259	25.93040950705198
6980.61035156249999	1.279388427734375	0.100002817809582	0.100002817809582	25.93040950705198
6980.65234374999999	1.27937126159668	0.100002780556679	0.100002780556679	25.93040950705198
6980.69531249999999	1.279363632202148	0.100002780556679	0.100002780556679	25.93040950705198
6980.73730468749999	1.27935791015625	0.100002817809582	0.100002817809582	25.93040950705198
6980.77929687499999	1.279356002807617	0.10000279545784	0.10000279545784	25.93040950705198
6980.82128906249999	1.279369354248047	0.100002780556679	0.100002780556679	25.93040950705198
6980.86425781249999	1.279342651367187	0.100002825260162	0.100002825260162	25.93040950705198
6980.90624999999999	1.279331207275391	0.10000279545784	0.10000279545784	25.93040950705198
6980.94824218749999	1.279329299926758	0.100002810359001	0.100002810359001	25.93040950705198
6980.99023437499999	1.279327392578125	0.100002765655518	0.100002765655518	25.93040950705198
6981.03320312499999	1.27931022644043	0.100002750754356	0.100002750754356	25.93040950705198
6981.07519531249999	1.279293060302734	0.100002765655518	0.100002765655518	25.93040950705198
6981.11718749999999	1.279304504394531	0.100002750754356	0.100002750754356	25.93040950705198
6981.15917968749999	1.279304504394531	0.100002780556679	0.100002780556679	25.93040950705198
6981.20214843749999	1.279285430908203	0.100002802908421	0.100002802908421	25.93040950705198
6981.24414062499999	1.279302597045898	0.100002728402615	0.100002728402615	25.93040950705198
6981.28613281249999	1.27931022644043	0.100002802908421	0.100002802908421	25.93040950705198
6981.32812499999999	1.279289245605469	0.10000279545784	0.10000279545784	25.93040950705198
6981.37109374999999	1.279298782348633	0.100002780556679	0.100002780556679	25.93040950705198
