[INFO]
Keithley 2400
Meas Time: 2021/1/19 15:57:46
Params: GPIB address = GPIB0::21::INSTR; DataFile = D:\工艺实验\卡木然・艾热提; Compliance  Level (0.1) = 0.100000000000000; Number of Points (5) = 400; Minimum Amplitude (1) = -4.000000000000000; Maximum Amplitude (2) = 4.000000000000000; Timeout (100000 ms) = 100000; Source Mode  (0: Voltage) = 0; 4-wire? = FALSE; delay(S) = 0.000000000000000; Start = ; 

[COMMENT]


[DATA]
time (s)	Voltage (V)	Current (A)	absCurrent (A)	Fitting Resistance (Ohms)

10567.39453125	-4.002103805541992	-4.600227111950517E-5	4.600227111950517E-5	29.882553027577948
10567.4375	-3.982192993164062	-4.617421654984355E-5	4.617421654984355E-5	29.882553027577948
10567.4794921875	-3.961938858032227	-4.625767178367823E-5	4.625767178367823E-5	29.882553027577948
10567.521484375	-3.942047119140625	-4.631532647181302E-5	4.631532647181302E-5	29.882553027577948
10567.5634765625	-3.921810150146484	-4.635608638636768E-5	4.635608638636768E-5	29.882553027577948
10567.60546875	-3.90155029296875	-4.638830432668328E-5	4.638830432668328E-5	29.882553027577948
10567.6474609375	-3.881292343139648	-4.641694249585271E-5	4.641694249585271E-5	29.882553027577948
10567.689453125	-3.861398696899414	-4.644707951229066E-5	4.644707951229066E-5	29.882553027577948
10567.7314453125	-3.841512680053711	-4.647555761039257E-5	4.647555761039257E-5	29.882553027577948
10567.7734375	-3.821256637573242	-4.649453330785036E-5	4.649453330785036E-5	29.882553027577948
10567.8154296875	-3.801353454589844	-4.650608752854168E-5	4.650608752854168E-5	29.882553027577948
10567.857421875	-3.781431198120117	-4.652468487620354E-5	4.652468487620354E-5	29.882553027577948
10567.8994140625	-3.761198043823242	-4.654876829590648E-5	4.654876829590648E-5	29.882553027577948
10567.94140625	-3.741298675537109	-4.656346573028713E-5	4.656346573028713E-5	29.882553027577948
10567.9833984375	-3.721050262451172	-4.656794772017747E-5	4.656794772017747E-5	29.882553027577948
10568.025390625	-3.70079231262207	-4.658050602301955E-5	4.658050602301955E-5	29.882553027577948
10568.0673828125	-3.680566787719727	-4.659700789488852E-5	4.659700789488852E-5	29.882553027577948
10568.109375	-3.660665512084961	-4.66124911326915E-5	4.66124911326915E-5	29.882553027577948
10568.1513671875	-3.640752792358398	-4.661978164222091E-5	4.661978164222091E-5	29.882553027577948
10568.193359375	-3.620494842529297	-4.662436549551785E-5	4.662436549551785E-5	29.882553027577948
10568.2353515625	-3.600587844848633	-4.663210711441934E-5	4.663210711441934E-5	29.882553027577948
10568.27734375	-3.58070182800293	-4.665047163143754E-5	4.665047163143754E-5	29.882553027577948
10568.3193359375	-3.56043815612793	-4.666110908146948E-5	4.666110908146948E-5	29.882553027577948
10568.361328125	-3.540538787841797	-4.666068707592785E-5	4.666068707592785E-5	29.882553027577948
10568.4033203125	-3.520298004150391	-4.666433960665017E-5	4.666433960665017E-5	29.882553027577948
10568.4453125	-3.500041961669922	-4.667371104005724E-5	4.667371104005724E-5	29.882553027577948
10568.4873046875	-3.479793548583984	-4.668514884542674E-5	4.668514884542674E-5	29.882553027577948
10568.5283203125	-3.45988655090332	-4.669028567150235E-5	4.669028567150235E-5	29.882553027577948
10568.5703125	-3.439966201782227	-4.668514884542674E-5	4.668514884542674E-5	29.882553027577948
10568.6123046875	-3.419801712036133	-4.669585905503482E-5	4.669585905503482E-5	29.882553027577948
10568.654296875	-3.399894714355469	-4.670742782764137E-5	4.670742782764137E-5	29.882553027577948
10568.6962890625	-3.379650115966797	-4.671028000302613E-5	4.671028000302613E-5	29.882553027577948
10568.73828125	-3.359739303588867	-4.670806811191142E-5	4.670806811191142E-5	29.882553027577948
10568.7802734375	-3.339845657348633	-4.670786438509822E-5	4.670786438509822E-5	29.882553027577948
10568.822265625	-3.319608688354492	-4.671703209169209E-5	4.671703209169209E-5	29.882553027577948
10568.8642578125	-3.299352645874023	-4.67264762846753E-5	4.67264762846753E-5	29.882553027577948
10568.90625	-3.279108047485352	-4.672698560170829E-5	4.672698560170829E-5	29.882553027577948
10568.9482421875	-3.259191513061523	-4.672096110880375E-5	4.672096110880375E-5	29.882553027577948
10568.990234375	-3.239294052124023	-4.672676732297987E-5	4.672676732297987E-5	29.882553027577948
10569.0322265625	-3.219049453735352	-4.673123476095498E-5	4.673123476095498E-5	29.882553027577948
10569.07421875	-3.199138641357422	-4.673619696404785E-5	4.673619696404785E-5	29.882553027577948
10569.1162109375	-3.178886413574219	-4.673312650993466E-5	4.673312650993466E-5	29.882553027577948
10569.158203125	-3.158992767333984	-4.672892100643367E-5	4.672892100643367E-5	29.882553027577948
10569.2001953125	-3.139102935791016	-4.673696821555495E-5	4.673696821555495E-5	29.882553027577948
10569.2421875	-3.118844985961914	-4.674217780120671E-5	4.674217780120671E-5	29.882553027577948
10569.2841796875	-3.098600387573242	-4.674003866966814E-5	4.674003866966814E-5	29.882553027577948
10569.326171875	-3.078334808349609	-4.673379589803517E-5	4.673379589803517E-5	29.882553027577948
10569.3681640625	-3.058441162109375	-4.673407238442451E-5	4.673407238442451E-5	29.882553027577948
10569.41015625	-3.038534164428711	-4.67384816147387E-5	4.67384816147387E-5	29.882553027577948
10569.4521484375	-3.018289566040039	-4.674210504163057E-5	4.674210504163057E-5	29.882553027577948
10569.494140625	-2.998373031616211	-4.673942748922855E-5	4.673942748922855E-5	29.882553027577948
10569.5361328125	-2.978151321411133	-4.673276271205395E-5	4.673276271205395E-5	29.882553027577948
10569.578125	-2.958248138427734	-4.673209332395345E-5	4.673209332395345E-5	29.882553027577948
10569.6201171875	-2.938344955444336	-4.673829243984073E-5	4.673829243984073E-5	29.882553027577948
10569.662109375	-2.918096542358398	-4.673650255426764E-5	4.673650255426764E-5	29.882553027577948
10569.7041015625	-2.897844314575195	-4.672928480431437E-5	4.672928480431437E-5	29.882553027577948
10569.74609375	-2.877597808837891	-4.671746864914894E-5	4.671746864914894E-5	29.882553027577948
10569.7880859375	-2.857681274414062	-4.672796058002859E-5	4.672796058002859E-5	29.882553027577948
10569.830078125	-2.837444305419922	-4.673104558605701E-5	4.673104558605701E-5	29.882553027577948
10569.8720703125	-2.817543029785156	-4.672068462241441E-5	4.672068462241441E-5	29.882553027577948
10569.9140625	-2.797626495361328	-4.671097849495709E-5	4.671097849495709E-5	29.882553027577948
10569.9560546875	-2.777387619018555	-4.671164788305759E-5	4.671164788305759E-5	29.882553027577948
10569.998046875	-2.757474899291992	-4.671450005844235E-5	4.671450005844235E-5	29.882553027577948
10570.0400390625	-2.737573623657227	-4.671110946219414E-5	4.671110946219414E-5	29.882553027577948
10570.08203125	-2.717323303222656	-4.670169437304139E-5	4.670169437304139E-5	29.882553027577948
10570.1240234375	-2.697128295898437	-4.669437475968152E-5	4.669437475968152E-5	29.882553027577948
10570.166015625	-2.676925659179687	-4.669649933930486E-5	4.669649933930486E-5	29.882553027577948
10570.2080078125	-2.657075881958008	-4.669606278184801E-5	4.669606278184801E-5	29.882553027577948
10570.25	-2.636894226074219	-4.668784094974399E-5	4.668784094974399E-5	29.882553027577948
10570.2919921875	-2.617038726806641	-4.667477332986891E-5	4.667477332986891E-5	29.882553027577948
10570.333984375	-2.59716796875	-4.667285247705877E-5	4.667285247705877E-5	29.882553027577948
10570.3759765625	-2.576984405517578	-4.667055327445269E-5	4.667055327445269E-5	29.882553027577948
10570.41796875	-2.557121276855469	-4.666551831178367E-5	4.666551831178367E-5	29.882553027577948
10570.4599609375	-2.537250518798828	-4.665848973672837E-5	4.665848973672837E-5	29.882553027577948
10570.501953125	-2.517063140869141	-4.664721200242639E-5	4.664721200242639E-5	29.882553027577948
10570.5439453125	-2.496854782104492	-4.66450146632269E-5	4.66450146632269E-5	29.882553027577948
10570.5859375	-2.476665496826172	-4.664601874537766E-5	4.664601874537766E-5	29.882553027577948
10570.6279296875	-2.456823348999023	-4.663792788051069E-5	4.663792788051069E-5	29.882553027577948
10570.669921875	-2.436624526977539	-4.662346327677369E-5	4.662346327677369E-5	29.882553027577948
10570.7119140625	-2.416753768920898	-4.661486309487373E-5	4.661486309487373E-5	29.882553027577948
10570.75390625	-2.396903991699219	-4.661527054850012E-5	4.661527054850012E-5	29.882553027577948
10570.7958984375	-2.376707077026367	-4.660931881517172E-5	4.660931881517172E-5	29.882553027577948
10570.837890625	-2.356863021850586	-4.659546539187431E-5	4.659546539187431E-5	29.882553027577948
10570.8798828125	-2.336994171142578	-4.658140824176371E-5	4.658140824176371E-5	29.882553027577948
10570.921875	-2.316787719726562	-4.65781195089221E-5	4.65781195089221E-5	29.882553027577948
10570.9638671875	-2.296249389648437	-4.657451063394547E-5	4.657451063394547E-5	29.882553027577948
10571.005859375	-2.276416778564453	-4.656400415115058E-5	4.656400415115058E-5	29.882553027577948
10571.0478515625	-2.256551742553711	-4.65469784103334E-5	4.65469784103334E-5	29.882553027577948
10571.08984375	-2.236333847045898	-4.653344512917101E-5	4.653344512917101E-5	29.882553027577948
10571.1318359375	-2.216487884521484	-4.653024370782077E-5	4.653024370782077E-5	29.882553027577948
10571.173828125	-2.196626663208008	-4.652391362469643E-5	4.652391362469643E-5	29.882553027577948
10571.2158203125	-2.176443099975586	-4.650770279113203E-5	4.650770279113203E-5	29.882553027577948
10571.2578125	-2.156566619873047	-4.649072070606053E-5	4.649072070606053E-5	29.882553027577948
10571.2998046875	-2.136709213256836	-4.648423055186868E-5	4.648423055186868E-5	29.882553027577948
10571.341796875	-2.116525650024414	-4.647462628781796E-5	4.647462628781796E-5	29.882553027577948
10571.3837890625	-2.095985412597656	-4.646157321985811E-5	4.646157321985811E-5	29.882553027577948
10571.42578125	-2.076114654541016	-4.644219006877393E-5	4.644219006877393E-5	29.882553027577948
10571.4677734375	-2.056245803833008	-4.642512067221105E-5	4.642512067221105E-5	29.882553027577948
10571.509765625	-2.036048889160156	-4.641985287889838E-5	4.641985287889838E-5	29.882553027577948
10571.55078125	-2.016260147094727	-4.641359555535018E-5	4.641359555535018E-5	29.882553027577948
10571.59375	-1.996414184570312	-4.639341204892844E-5	4.639341204892844E-5	29.882553027577948
10571.634765625	-1.976213455200195	-4.637338861357421E-5	4.637338861357421E-5	29.882553027577948
10571.6767578125	-1.956361770629883	-4.635874938685447E-5	4.635874938685447E-5	29.882553027577948
10571.71875	-1.936513900756836	-4.634856304619461E-5	4.634856304619461E-5	29.882553027577948
10571.7607421875	-1.916332244873047	-4.633452044799924E-5	4.633452044799924E-5	29.882553027577948
10571.802734375	-1.895769119262695	-4.631279443856329E-5	4.631279443856329E-5	29.882553027577948
10571.8447265625	-1.875904083251953	-4.629127215594053E-5	4.629127215594053E-5	29.882553027577948
10571.88671875	-1.856046676635742	-4.628133319783956E-5	4.628133319783956E-5	29.882553027577948
10571.9287109375	-1.835857391357422	-4.626582085620612E-5	4.626582085620612E-5	29.882553027577948
10571.970703125	-1.815999984741211	-4.62438038084656E-5	4.62438038084656E-5	29.882553027577948
10572.0126953125	-1.796127319335937	-4.622085543815047E-5	4.622085543815047E-5	29.882553027577948
10572.0546875	-1.775924682617187	-4.620350955519825E-5	4.620350955519825E-5	29.882553027577948
10572.0966796875	-1.756099700927734	-4.619082028511912E-5	4.619082028511912E-5	29.882553027577948
10572.138671875	-1.736246109008789	-4.616760998032987E-5	4.616760998032987E-5	29.882553027577948
10572.1806640625	-1.716028213500977	-4.614127101376653E-5	4.614127101376653E-5	29.882553027577948
10572.22265625	-1.69548225402832	-4.612012708093971E-5	4.612012708093971E-5	29.882553027577948
10572.2646484375	-1.675617218017578	-4.610270843841136E-5	4.610270843841136E-5	29.882553027577948
10572.306640625	-1.65577507019043	-4.608558083418757E-5	4.608558083418757E-5	29.882553027577948
10572.3486328125	-1.635566711425781	-4.605772846844047E-5	4.605772846844047E-5	29.882553027577948
10572.390625	-1.61570930480957	-4.60280425613746E-5	4.60280425613746E-5	29.882553027577948
10572.4326171875	-1.595832824707031	-4.600809188559651E-5	4.600809188559651E-5	29.882553027577948
10572.474609375	-1.575668334960937	-4.598476516548544E-5	4.598476516548544E-5	29.882553027577948
10572.5166015625	-1.555805206298828	-4.595922655425966E-5	4.595922655425966E-5	29.882553027577948
10572.55859375	-1.535942077636719	-4.593176709022373E-5	4.593176709022373E-5	29.882553027577948
10572.6005859375	-1.5157470703125	-4.590049502439797E-5	4.590049502439797E-5	29.882553027577948
10572.642578125	-1.495201110839844	-4.587718285620213E-5	4.587718285620213E-5	29.882553027577948
10572.6845703125	-1.475351333618164	-4.58556751254946E-5	4.58556751254946E-5	29.882553027577948
10572.7265625	-1.455474853515625	-4.581977555062622E-5	4.581977555062622E-5	29.882553027577948
10572.7685546875	-1.435279846191406	-4.578495281748474E-5	4.578495281748474E-5	29.882553027577948
10572.810546875	-1.415431976318359	-4.575536877382547E-5	4.575536877382547E-5	29.882553027577948
10572.8525390625	-1.395572662353516	-4.572690522763878E-5	4.572690522763878E-5	29.882553027577948
10572.89453125	-1.375373840332031	-4.569545853883028E-5	4.569545853883028E-5	29.882553027577948
10572.9365234375	-1.355514526367187	-4.566133429761976E-5	4.566133429761976E-5	29.882553027577948
10572.978515625	-1.33564567565918	-4.561926471069455E-5	4.561926471069455E-5	29.882553027577948
10573.0205078125	-1.315402984619141	-4.55893314210698E-5	4.55893314210698E-5	29.882553027577948
10573.0625	-1.294826507568359	-4.555586201604456E-5	4.555586201604456E-5	29.882553027577948
10573.1044921875	-1.274919509887695	-4.551677557174116E-5	4.551677557174116E-5	29.882553027577948
10573.146484375	-1.255016326904297	-4.546900163404644E-5	4.546900163404644E-5	29.882553027577948
10573.1884765625	-1.234771728515625	-4.543442628346384E-5	4.543442628346384E-5	29.882553027577948
10573.23046875	-1.214887619018555	-4.539816291071475E-5	4.539816291071475E-5	29.882553027577948
10573.2724609375	-1.194957733154297	-4.535687912721187E-5	4.535687912721187E-5	29.882553027577948
10573.314453125	-1.174718856811523	-4.530952719505876E-5	4.530952719505876E-5	29.882553027577948
10573.3564453125	-1.154800415039062	-4.525788244791329E-5	4.525788244791329E-5	29.882553027577948
10573.3984375	-1.134904861450195	-4.521720984485E-5	4.521720984485E-5	29.882553027577948
10573.4404296875	-1.114656448364258	-4.517460183706135E-5	4.517460183706135E-5	29.882553027577948
10573.482421875	-1.094058990478516	-4.512372834142298E-5	4.512372834142298E-5	29.882553027577948
10573.5244140625	-1.074151992797852	-4.506956611294299E-5	4.506956611294299E-5	29.882553027577948
10573.56640625	-1.054269790649414	-4.501758667174727E-5	4.501758667174727E-5	29.882553027577948
10573.6083984375	-1.034029006958008	-4.496893961913884E-5	4.496893961913884E-5	29.882553027577948
10573.6494140625	-1.014116287231445	-4.491886647883803E-5	4.491886647883803E-5	29.882553027577948
10573.69140625	-0.99421501159668	-4.48565260739997E-5	4.48565260739997E-5	29.882553027577948
10573.7333984375	-0.973957061767578	-4.479277413338423E-5	4.479277413338423E-5	29.882553027577948
10573.775390625	-0.954055786132812	-4.474080924410373E-5	4.474080924410373E-5	29.882553027577948
10573.8173828125	-0.933807373046875	-4.468442057259381E-5	4.468442057259381E-5	29.882553027577948
10573.859375	-0.913894653320312	-4.46206540800631E-5	4.46206540800631E-5	29.882553027577948
10573.9013671875	-0.893304824829102	-4.454646841622889E-5	4.454646841622889E-5	29.882553027577948
10573.943359375	-0.8734130859375	-4.447995161172003E-5	4.447995161172003E-5	29.882553027577948
10573.9853515625	-0.853517532348633	-4.441554483491927E-5	4.441554483491927E-5	29.882553027577948
10574.02734375	-0.833263397216797	-4.434859147295356E-5	4.434859147295356E-5	29.882553027577948
10574.0693359375	-0.813365936279297	-4.426798841450363E-5	4.426798841450363E-5	29.882553027577948
10574.111328125	-0.793436050415039	-4.418697790242732E-5	4.418697790242732E-5	29.882553027577948
10574.1533203125	-0.773208618164062	-4.410820838529617E-5	4.410820838529617E-5	29.882553027577948
10574.1953125	-0.753293991088867	-4.403614730108529E-5	4.403614730108529E-5	29.882553027577948
10574.2373046875	-0.733043670654297	-4.395056748762727E-5	4.395056748762727E-5	29.882553027577948
10574.279296875	-0.713151931762695	-4.385822103358805E-5	4.385822103358805E-5	29.882553027577948
10574.3212890625	-0.692560195922852	-4.376388096716255E-5	4.376388096716255E-5	29.882553027577948
10574.36328125	-0.67265510559082	-4.367789370007813E-5	4.367789370007813E-5	29.882553027577948
10574.4052734375	-0.652744293212891	-4.358780279289931E-5	4.358780279289931E-5	29.882553027577948
10574.447265625	-0.632492065429687	-4.348193760961294E-5	4.348193760961294E-5	29.882553027577948
10574.4892578125	-0.612651824951172	-4.337720747571439E-5	4.337720747571439E-5	29.882553027577948
10574.53125	-0.592746734619141	-4.327161877881736E-5	4.327161877881736E-5	29.882553027577948
10574.5732421875	-0.572500228881836	-4.31671942351386E-5	4.31671942351386E-5	29.882553027577948
10574.615234375	-0.552604675292969	-4.305264155846089E-5	4.305264155846089E-5	29.882553027577948
10574.6572265625	-0.532365798950195	-4.29292704211548E-5	4.29292704211548E-5	29.882553027577948
10574.69921875	-0.512472152709961	-4.280509892851114E-5	4.280509892851114E-5	29.882553027577948
10574.7412109375	-0.491859436035156	-4.268228076398373E-5	4.268228076398373E-5	29.882553027577948
10574.783203125	-0.471967697143555	-4.255372914485633E-5	4.255372914485633E-5	29.882553027577948
10574.8251953125	-0.452032089233398	-4.241650458425283E-5	4.241650458425283E-5	29.882553027577948
10574.8671875	-0.431806564331055	-4.226506280247122E-5	4.226506280247122E-5	29.882553027577948
10574.9091796875	-0.411895751953125	-4.212139174342155E-5	4.212139174342155E-5	29.882553027577948
10574.951171875	-0.391645431518555	-4.197230737190694E-5	4.197230737190694E-5	29.882553027577948
10574.9931640625	-0.371753692626953	-4.181494296062738E-5	4.181494296062738E-5	29.882553027577948
10575.03515625	-0.351861953735352	-4.164564597886056E-5	4.164564597886056E-5	29.882553027577948
10575.0771484375	-0.331619262695312	-4.146651190239936E-5	4.146651190239936E-5	29.882553027577948
10575.119140625	-0.311695098876953	-4.129520675633103E-5	4.129520675633103E-5	29.882553027577948
10575.1611328125	-0.291109085083008	-4.110632289666682E-5	4.110632289666682E-5	29.882553027577948
10575.203125	-0.271196365356445	-4.091048322152346E-5	4.091048322152346E-5	29.882553027577948
10575.2451171875	-0.251293182373047	-4.070173599757254E-5	4.070173599757254E-5	29.882553027577948
10575.287109375	-0.231042861938477	-4.048430128023028E-5	4.048430128023028E-5	29.882553027577948
10575.3291015625	-0.21113395690918	-4.027063550893217E-5	4.027063550893217E-5	29.882553027577948
10575.37109375	-0.190885543823242	-4.004086076747626E-5	4.004086076747626E-5	29.882553027577948
10575.4130859375	-0.170997619628906	-3.979454049840569E-5	3.979454049840569E-5	29.882553027577948
10575.455078125	-0.151098251342773	-3.953570558223873E-5	3.953570558223873E-5	29.882553027577948
10575.4970703125	-0.130836486816406	-3.92670335713774E-5	3.92670335713774E-5	29.882553027577948
10575.5390625	-0.110935211181641	-3.899390867445618E-5	3.899390867445618E-5	29.882553027577948
10575.5810546875	-0.09034538269043	-3.869368811137974E-5	3.869368811137974E-5	29.882553027577948
10575.623046875	-0.070446014404297	-3.837975964415818E-5	3.837975964415818E-5	29.882553027577948
10575.6650390625	-0.050525665283203	-3.805116284638643E-5	3.805116284638643E-5	29.882553027577948
10575.70703125	-0.030277252197266	-3.77037504222244E-5	3.77037504222244E-5	29.882553027577948
10575.748046875	-0.010379791259766	-3.734194615390152E-5	3.734194615390152E-5	29.882553027577948
10575.791015625	0.010162353515625	-3.692966129165143E-5	3.692966129165143E-5	29.882553027577948
10575.8330078125	0.030393600463867	-3.648352867458016E-5	3.648352867458016E-5	29.882553027577948
10575.875	0.050308227539062	-3.597700560931116E-5	3.597700560931116E-5	29.882553027577948
10575.9169921875	0.070222854614258	-3.536690201144665E-5	3.536690201144665E-5	29.882553027577948
10575.958984375	0.090463638305664	-3.453399403952062E-5	3.453399403952062E-5	29.882553027577948
10576.0009765625	0.11070442199707	-3.325000579934567E-5	3.325000579934567E-5	29.882553027577948
10576.04296875	0.130962371826172	-3.106577787548304E-5	3.106577787548304E-5	29.882553027577948
10576.0849609375	0.150869369506836	-2.709474938455969E-5	2.709474938455969E-5	29.882553027577948
10576.126953125	0.170803070068359	-1.935068576131016E-5	1.935068576131016E-5	29.882553027577948
10576.2236328125	0.191019058227539	-3.017794369952753E-6	3.017794369952753E-6	29.882553027577948
10576.36328125	0.211042404174805	2.929925540229306E-5	2.929925540229306E-5	29.882553027577948
10576.4052734375	0.231418609619141	9.12618706934154E-5	9.12618706934154E-5	29.882553027577948
10576.5400390625	0.251192092895508	0.000227668322623	0.000227668322623	29.882553027577948
10576.58203125	0.271121978759766	0.000466098019388	0.000466098019388	29.882553027577948
10576.6240234375	0.291444778442383	0.000887481321115	0.000887481321115	29.882553027577948
10576.7587890625	0.311550140380859	0.001590902917087	0.001590902917087	29.882553027577948
10576.80078125	0.33183479309082	0.002539147622883	0.002539147622883	29.882553027577948
10576.8427734375	0.35175895690918	0.003733171150088	0.003733171150088	29.882553027577948
10576.884765625	0.371664047241211	0.005144075024873	0.005144075024873	29.882553027577948
10576.9267578125	0.39195442199707	0.006766065023839	0.006766065023839	29.882553027577948
10576.96875	0.411891937255859	0.008505259640515	0.008505259640515	29.882553027577948
10577.0107421875	0.43218994140625	0.01039151661098	0.01039151661098	29.882553027577948
10577.0986328125	0.451892852783203	0.012372903525829	0.012372903525829	29.882553027577948
10577.140625	0.471803665161133	0.014386534690857	0.014386534690857	29.882553027577948
10577.1826171875	0.492050170898437	0.016503505408764	0.016503505408764	29.882553027577948
10577.224609375	0.512308120727539	0.018672317266464	0.018672317266464	29.882553027577948
10577.2666015625	0.532552719116211	0.020881921052933	0.020881921052933	29.882553027577948
10577.30859375	0.552444458007812	0.023087397217751	0.023087397217751	29.882553027577948
10577.3505859375	0.572349548339844	0.025323927402496	0.025323927402496	29.882553027577948
10577.392578125	0.592615127563477	0.027626447379589	0.027626447379589	29.882553027577948
10577.4345703125	0.612518310546875	0.029910609126091	0.029910609126091	29.882553027577948
10577.4765625	0.632757186889648	0.032252632081509	0.032252632081509	29.882553027577948
10577.5185546875	0.652608871459961	0.034566484391689	0.034566484391689	29.882553027577948
10577.560546875	0.672521591186523	0.036901123821735	0.036901123821735	29.882553027577948
10577.6025390625	0.692781448364258	0.039291813969612	0.039291813969612	29.882553027577948
10577.64453125	0.713035583496094	0.041692115366459	0.041692115366459	29.882553027577948
10577.6865234375	0.733268737792969	0.044099912047386	0.044099912047386	29.882553027577948
10577.728515625	0.753185272216797	0.046480260789394	0.046480260789394	29.882553027577948
10577.7705078125	0.773094177246094	0.048869729042053	0.048869729042053	29.882553027577948
10577.8125	0.793340682983398	0.05130597949028	0.05130597949028	29.882553027577948
10577.8544921875	0.813234329223633	0.053707301616669	0.053707301616669	29.882553027577948
10577.896484375	0.833152770996094	0.056116864085197	0.056116864085197	29.882553027577948
10577.9384765625	0.853408813476562	0.058572292327881	0.058572292327881	29.882553027577948
10577.98046875	0.873331069946289	0.060993671417236	0.060993671417236	29.882553027577948
10578.0224609375	0.893581390380859	0.063458658754826	0.063458658754826	29.882553027577948
10578.064453125	0.913818359375	0.065926603972912	0.065926603972912	29.882553027577948
10578.1064453125	0.934070587158203	0.068398997187614	0.068398997187614	29.882553027577948
10578.1484375	0.95399284362793	0.070836164057255	0.070836164057255	29.882553027577948
10578.1904296875	0.973880767822266	0.073271960020065	0.073271960020065	29.882553027577948
10578.232421875	0.994132995605469	0.075756020843983	0.075756020843983	29.882553027577948
10578.2734375	1.014043807983398	0.078197546303272	0.078197546303272	29.882553027577948
10578.3154296875	1.033969879150391	0.080643616616726	0.080643616616726	29.882553027577948
10578.357421875	1.05421257019043	0.083133302628994	0.083133302628994	29.882553027577948
10578.3994140625	1.074098587036133	0.08557865768671	0.08557865768671	29.882553027577948
10578.44140625	1.094367980957031	0.088072888553143	0.088072888553143	29.882553027577948
10578.4833984375	1.114618301391602	0.090566769242287	0.090566769242287	29.882553027577948
10578.525390625	1.134880065917969	0.093063540756702	0.093063540756702	29.882553027577948
10578.5673828125	1.154777526855469	0.09551690518856	0.09551690518856	29.882553027577948
10578.609375	1.174692153930664	0.097970932722092	0.097970932722092	29.882553027577948
10578.6513671875	1.191120147705078	0.099998712539673	0.099998712539673	29.882553027577948
10578.693359375	1.19111442565918	0.100002802908421	0.100002802908421	29.882553027577948
10578.736328125	1.191129684448242	0.100002869963646	0.100002869963646	29.882553027577948
10578.7783203125	1.191127777099609	0.100002869963646	0.100002869963646	29.882553027577948
10578.8203125	1.191139221191406	0.100002825260162	0.100002825260162	29.882553027577948
10578.8623046875	1.191141128540039	0.100002847611904	0.100002847611904	29.882553027577948
10578.9052734375	1.191137313842773	0.100002877414227	0.100002877414227	29.882553027577948
10578.947265625	1.191141128540039	0.100002840161324	0.100002840161324	29.882553027577948
10578.9892578125	1.191152572631836	0.100002825260162	0.100002825260162	29.882553027577948
10579.03125	1.19114875793457	0.100002832710743	0.100002832710743	29.882553027577948
10579.07421875	1.191152572631836	0.100002840161324	0.100002840161324	29.882553027577948
10579.1162109375	1.191152572631836	0.100002869963646	0.100002869963646	29.882553027577948
10579.158203125	1.191162109375	0.100002862513065	0.100002862513065	29.882553027577948
10579.2001953125	1.191160202026367	0.100002862513065	0.100002862513065	29.882553027577948
10579.2431640625	1.191158294677734	0.100002832710743	0.100002832710743	29.882553027577948
10579.28515625	1.191162109375	0.100002825260162	0.100002825260162	29.882553027577948
10579.3271484375	1.191165924072266	0.100002817809582	0.100002817809582	29.882553027577948
10579.369140625	1.191169738769531	0.100002832710743	0.100002832710743	29.882553027577948
10579.412109375	1.191181182861328	0.100002847611904	0.100002847611904	29.882553027577948
10579.4541015625	1.191173553466797	0.100002832710743	0.100002832710743	29.882553027577948
10579.49609375	1.191177368164062	0.100002832710743	0.100002832710743	29.882553027577948
10579.5380859375	1.191179275512695	0.100002832710743	0.100002832710743	29.882553027577948
10579.5810546875	1.191177368164062	0.100002832710743	0.100002832710743	29.882553027577948
10579.623046875	1.191179275512695	0.100002825260162	0.100002825260162	29.882553027577948
10579.6650390625	1.191184997558594	0.100002825260162	0.100002825260162	29.882553027577948
10579.70703125	1.191192626953125	0.100002825260162	0.100002825260162	29.882553027577948
10579.75	1.191184997558594	0.100002810359001	0.100002810359001	29.882553027577948
10579.7919921875	1.191194534301758	0.100002825260162	0.100002825260162	29.882553027577948
10579.833984375	1.191198348999023	0.100002788007259	0.100002788007259	29.882553027577948
10579.876953125	1.191200256347656	0.100002802908421	0.100002802908421	29.882553027577948
10579.9189453125	1.191196441650391	0.100002802908421	0.100002802908421	29.882553027577948
10579.9609375	1.191192626953125	0.100002847611904	0.100002847611904	29.882553027577948
10580.0029296875	1.191198348999023	0.100002832710743	0.100002832710743	29.882553027577948
10580.0458984375	1.191207885742187	0.100002825260162	0.100002825260162	29.882553027577948
10580.087890625	1.191198348999023	0.100002802908421	0.100002802908421	29.882553027577948
10580.1298828125	1.191200256347656	0.100002825260162	0.100002825260162	29.882553027577948
10580.171875	1.191205978393555	0.100002810359001	0.100002810359001	29.882553027577948
10580.21484375	1.191205978393555	0.100002877414227	0.100002877414227	29.882553027577948
10580.2568359375	1.191202163696289	0.100002855062485	0.100002855062485	29.882553027577948
10580.298828125	1.191202163696289	0.100002862513065	0.100002862513065	29.882553027577948
10580.3408203125	1.191198348999023	0.100002869963646	0.100002869963646	29.882553027577948
10580.3837890625	1.191205978393555	0.100002840161324	0.100002840161324	29.882553027577948
10580.42578125	1.191207885742187	0.100002840161324	0.100002840161324	29.882553027577948
10580.4677734375	1.19120979309082	0.100002832710743	0.100002832710743	29.882553027577948
10580.509765625	1.191205978393555	0.100002825260162	0.100002825260162	29.882553027577948
10580.552734375	1.191207885742187	0.100002832710743	0.100002832710743	29.882553027577948
10580.5947265625	1.191202163696289	0.100002832710743	0.100002832710743	29.882553027577948
10580.63671875	1.191202163696289	0.100002825260162	0.100002825260162	29.882553027577948
10580.6787109375	1.191205978393555	0.100002840161324	0.100002840161324	29.882553027577948
10580.7216796875	1.191202163696289	0.100002810359001	0.100002810359001	29.882553027577948
10580.763671875	1.191200256347656	0.100002862513065	0.100002862513065	29.882553027577948
10580.8056640625	1.191202163696289	0.100002832710743	0.100002832710743	29.882553027577948
10580.84765625	1.191202163696289	0.100002862513065	0.100002862513065	29.882553027577948
10580.890625	1.191207885742187	0.100002855062485	0.100002855062485	29.882553027577948
10580.9326171875	1.191205978393555	0.100002840161324	0.100002840161324	29.882553027577948
10580.974609375	1.191207885742187	0.100002840161324	0.100002840161324	29.882553027577948
10581.0166015625	1.191202163696289	0.100002810359001	0.100002810359001	29.882553027577948
10581.0595703125	1.191207885742187	0.100002825260162	0.100002825260162	29.882553027577948
10581.1015625	1.191207885742187	0.100002810359001	0.100002810359001	29.882553027577948
10581.1435546875	1.191204071044922	0.100002817809582	0.100002817809582	29.882553027577948
10581.185546875	1.191202163696289	0.100002825260162	0.100002825260162	29.882553027577948
10581.228515625	1.191204071044922	0.100002832710743	0.100002832710743	29.882553027577948
10581.2705078125	1.191215515136719	0.100002832710743	0.100002832710743	29.882553027577948
10581.3125	1.191207885742187	0.100002847611904	0.100002847611904	29.882553027577948
10581.3544921875	1.191205978393555	0.100002840161324	0.100002840161324	29.882553027577948
10581.3974609375	1.191205978393555	0.100002840161324	0.100002840161324	29.882553027577948
10581.439453125	1.191207885742187	0.100002847611904	0.100002847611904	29.882553027577948
10581.4814453125	1.191202163696289	0.100002855062485	0.100002855062485	29.882553027577948
10581.5234375	1.191205978393555	0.100002847611904	0.100002847611904	29.882553027577948
10581.56640625	1.191202163696289	0.100002825260162	0.100002825260162	29.882553027577948
10581.6083984375	1.191200256347656	0.100002840161324	0.100002840161324	29.882553027577948
10581.650390625	1.191202163696289	0.100002855062485	0.100002855062485	29.882553027577948
10581.6923828125	1.191207885742187	0.100002847611904	0.100002847611904	29.882553027577948
10581.7353515625	1.191198348999023	0.100002862513065	0.100002862513065	29.882553027577948
10581.77734375	1.191205978393555	0.100002840161324	0.100002840161324	29.882553027577948
10581.8193359375	1.191204071044922	0.100002840161324	0.100002840161324	29.882553027577948
10581.861328125	1.191204071044922	0.100002847611904	0.100002847611904	29.882553027577948
10581.904296875	1.191205978393555	0.100002869963646	0.100002869963646	29.882553027577948
10581.9462890625	1.19120979309082	0.100002832710743	0.100002832710743	29.882553027577948
10581.98828125	1.191213607788086	0.100002862513065	0.100002862513065	29.882553027577948
10582.0302734375	1.191207885742187	0.100002840161324	0.100002840161324	29.882553027577948
10582.0732421875	1.191205978393555	0.100002832710743	0.100002832710743	29.882553027577948
10582.115234375	1.19120979309082	0.100002832710743	0.100002832710743	29.882553027577948
10582.1572265625	1.191211700439453	0.100002877414227	0.100002877414227	29.882553027577948
10582.19921875	1.191202163696289	0.100002884864807	0.100002884864807	29.882553027577948
10582.2421875	1.191202163696289	0.100002869963646	0.100002869963646	29.882553027577948
10582.2841796875	1.191205978393555	0.100002840161324	0.100002840161324	29.882553027577948
10582.326171875	1.191205978393555	0.100002840161324	0.100002840161324	29.882553027577948
10582.3681640625	1.191202163696289	0.100002832710743	0.100002832710743	29.882553027577948
10582.4111328125	1.191207885742187	0.100002847611904	0.100002847611904	29.882553027577948
10582.453125	1.191204071044922	0.100002847611904	0.100002847611904	29.882553027577948
10582.4951171875	1.191207885742187	0.100002877414227	0.100002877414227	29.882553027577948
10582.537109375	1.191204071044922	0.100002840161324	0.100002840161324	29.882553027577948
10582.580078125	1.19120979309082	0.100002825260162	0.100002825260162	29.882553027577948
10582.6220703125	1.191207885742187	0.100002817809582	0.100002817809582	29.882553027577948
10582.6640625	1.191205978393555	0.100002832710743	0.100002832710743	29.882553027577948
10582.7060546875	1.191211700439453	0.100002817809582	0.100002817809582	29.882553027577948
10582.7490234375	1.191211700439453	0.100002810359001	0.100002810359001	29.882553027577948
10582.791015625	1.19120979309082	0.100002810359001	0.100002810359001	29.882553027577948
10582.8330078125	1.191217422485352	0.100002810359001	0.100002810359001	29.882553027577948
10582.875	1.191211700439453	0.100002802908421	0.100002802908421	29.882553027577948
10582.91796875	1.191211700439453	0.100002810359001	0.100002810359001	29.882553027577948
10582.9599609375	1.191207885742187	0.100002802908421	0.100002802908421	29.882553027577948
10583.001953125	1.191215515136719	0.100002825260162	0.100002825260162	29.882553027577948
10583.0439453125	1.191219329833984	0.100002832710743	0.100002832710743	29.882553027577948
10583.0869140625	1.191221237182617	0.100002788007259	0.100002788007259	29.882553027577948
10583.12890625	1.191221237182617	0.100002788007259	0.100002788007259	29.882553027577948
10583.1708984375	1.191221237182617	0.100002810359001	0.100002810359001	29.882553027577948
10583.212890625	1.191215515136719	0.100002802908421	0.100002802908421	29.882553027577948
10583.255859375	1.191221237182617	0.100002780556679	0.100002780556679	29.882553027577948
10583.2978515625	1.191221237182617	0.100002810359001	0.100002810359001	29.882553027577948
10583.33984375	1.191215515136719	0.100002765655518	0.100002765655518	29.882553027577948
10583.3818359375	1.191215515136719	0.100002810359001	0.100002810359001	29.882553027577948
10583.4248046875	1.191219329833984	0.100002810359001	0.100002810359001	29.882553027577948
10583.466796875	1.191225051879883	0.100002802908421	0.100002802908421	29.882553027577948
10583.5087890625	1.191221237182617	0.100002810359001	0.100002810359001	29.882553027577948
10583.55078125	1.191221237182617	0.100002840161324	0.100002840161324	29.882553027577948
10583.59375	1.19122314453125	0.100002802908421	0.100002802908421	29.882553027577948
10583.6357421875	1.191217422485352	0.100002802908421	0.100002802908421	29.882553027577948
10583.677734375	1.191217422485352	0.100002788007259	0.100002788007259	29.882553027577948
10583.7197265625	1.191219329833984	0.100002810359001	0.100002810359001	29.882553027577948
10583.7626953125	1.19122314453125	0.10000279545784	0.10000279545784	29.882553027577948
10583.8046875	1.191215515136719	0.100002773106098	0.100002773106098	29.882553027577948
10583.8466796875	1.191221237182617	0.100002773106098	0.100002773106098	29.882553027577948
10583.888671875	1.191219329833984	0.10000279545784	0.10000279545784	29.882553027577948
10583.931640625	1.191221237182617	0.100002802908421	0.100002802908421	29.882553027577948
10583.9736328125	1.191215515136719	0.100002758204937	0.100002758204937	29.882553027577948
10584.015625	1.191221237182617	0.100002840161324	0.100002840161324	29.882553027577948
10584.0576171875	1.191221237182617	0.100002788007259	0.100002788007259	29.882553027577948
10584.1005859375	1.191221237182617	0.100002773106098	0.100002773106098	29.882553027577948
10584.142578125	1.191221237182617	0.100002750754356	0.100002750754356	29.882553027577948
10584.1845703125	1.191221237182617	0.100002765655518	0.100002765655518	29.882553027577948
10584.2265625	1.191219329833984	0.100002743303776	0.100002743303776	29.882553027577948
10584.26953125	1.191219329833984	0.100002773106098	0.100002773106098	29.882553027577948
10584.3115234375	1.19122314453125	0.100002773106098	0.100002773106098	29.882553027577948
10584.353515625	1.191221237182617	0.100002765655518	0.100002765655518	29.882553027577948
10584.3955078125	1.191221237182617	0.100002780556679	0.100002780556679	29.882553027577948
10584.4384765625	1.191221237182617	0.100002780556679	0.100002780556679	29.882553027577948
10584.48046875	1.191219329833984	0.100002788007259	0.100002788007259	29.882553027577948
10584.5224609375	1.191215515136719	0.100002765655518	0.100002765655518	29.882553027577948
10584.564453125	1.191219329833984	0.100002758204937	0.100002758204937	29.882553027577948
