[INFO]
Keithley 2400
Meas Time: 2021/1/19 10:19:16
Params: GPIB address = GPIB0::21::INSTR; DataFile = D:\工艺实验\卢启明; Compliance  Level (0.1) = 0.100000000000000; Number of Points (5) = 100; Minimum Amplitude (1) = -3.000000000000000; Maximum Amplitude (2) = 3.000000000000000; Timeout (100000 ms) = 100000; Source Mode  (0: Voltage) = 0; 4-wire? = FALSE; delay(S) = 0.000000000000000; Start = ; 

[COMMENT]


[DATA]
time (s)	Voltage (V)	Current (A)	absCurrent (A)	Fitting Resistance (Ohms)

8523.31249999999999	-3.000968933105469	-0.00100226898212	0.00100226898212	83.789236835529621
8523.35449218749999	-2.940582275390625	-0.001002461998723	0.001002461998723	83.789236835529621
8523.39648437499999	-2.879833221435547	-0.001002213102765	0.001002213102765	83.789236835529621
8523.43847656249999	-2.818735122680664	-0.001002423116006	0.001002423116006	83.789236835529621
8523.48046874999999	-2.758338928222656	-0.001002570497803	0.001002570497803	83.789236835529621
8523.52246093749999	-2.697658538818359	-0.001002461300232	0.001002461300232	83.789236835529621
8523.56445312499999	-2.637073516845703	-0.001002268749289	0.001002268749289	83.789236835529621
8523.60644531249999	-2.576803207397461	-0.001001944881864	0.001001944881864	83.789236835529621
8523.64843749999999	-2.515871047973633	-0.001001957221888	0.001001957221888	83.789236835529621
8523.69042968749999	-2.455287933349609	-0.001001937431283	0.001001937431283	83.789236835529621
8523.73242187499999	-2.395025253295898	-0.001001478056423	0.001001478056423	83.789236835529621
8523.77441406249999	-2.334409713745117	-0.001000966993161	0.001000966993161	83.789236835529621
8523.81640624999999	-2.273488998413086	-0.00100068829488	0.00100068829488	83.789236835529621
8523.85839843749999	-2.213226318359375	-0.001000488526188	0.001000488526188	83.789236835529621
8523.90039062499999	-2.15263557434082	-0.001000321353786	0.001000321353786	83.789236835529621
8523.94238281249999	-2.092380523681641	-0.00099971157033	0.00099971157033	83.789236835529621
8523.98437499999999	-2.031755447387695	-0.000999130657874	0.000999130657874	83.789236835529621
8524.02636718749999	-1.970890045166016	-0.000998736475594	0.000998736475594	83.789236835529621
8524.06835937499999	-1.910675048828125	-0.000998428207822	0.000998428207822	83.789236835529621
8524.11035156249999	-1.850048065185547	-0.00099774741102	0.00099774741102	83.789236835529621
8524.15234374999999	-1.789785385131836	-0.000996990711428	0.000996990711428	83.789236835529621
8524.19433593749999	-1.729202270507812	-0.00099625706207	0.00099625706207	83.789236835529621
8524.23632812499999	-1.668249130249023	-0.000995824695565	0.000995824695565	83.789236835529621
8524.27832031249999	-1.608013153076172	-0.000995263573714	0.000995263573714	83.789236835529621
8524.31933593749999	-1.547407150268555	-0.000994218396954	0.000994218396954	83.789236835529621
8524.36132812499999	-1.487133026123047	-0.000993204419501	0.000993204419501	83.789236835529621
8524.40332031249999	-1.426179885864258	-0.000992340384983	0.000992340384983	83.789236835529621
8524.44531249999999	-1.365598678588867	-0.000991601147689	0.000991601147689	83.789236835529621
8524.48730468749999	-1.305278778076172	-0.00099034619052	0.00099034619052	83.789236835529621
8524.52929687499999	-1.244522094726562	-0.000989080523141	0.000989080523141	83.789236835529621
8524.57128906249999	-1.183782577514648	-0.000987737090327	0.000987737090327	83.789236835529621
8524.61328124999999	-1.122718811035156	-0.000986472819932	0.000986472819932	83.789236835529621
8524.65527343749999	-1.062326431274414	-0.000984997604974	0.000984997604974	83.789236835529621
8524.69726562499999	-1.001571655273437	-0.00098328536842	0.00098328536842	83.789236835529621
8524.73925781249999	-0.94117546081543	-0.000981183839031	0.000981183839031	83.789236835529621
8524.78124999999999	-0.880439758300781	-0.000979336095043	0.000979336095043	83.789236835529621
8524.82324218749999	-0.819360733032227	-0.000977350748144	0.000977350748144	83.789236835529621
8524.86523437499999	-0.758956909179687	-0.000974928378128	0.000974928378128	83.789236835529621
8524.90722656249999	-0.698221206665039	-0.000972019392066	0.000972019392066	83.789236835529621
8524.94921874999999	-0.637811660766602	-0.000969043117948	0.000969043117948	83.789236835529621
8524.99121093749999	-0.577131271362305	-0.000965975341387	0.000965975341387	83.789236835529621
8525.03320312499999	-0.516075134277344	-0.000962460064329	0.000962460064329	83.789236835529621
8525.07519531249999	-0.455654144287109	-0.000958182034083	0.000958182034083	83.789236835529621
8525.11718749999999	-0.394905090332031	-0.000953503302298	0.000953503302298	83.789236835529621
8525.15917968749999	-0.334529876708984	-0.000948287430219	0.000948287430219	83.789236835529621
8525.20117187499999	-0.273422241210937	-0.000942527200095	0.000942527200095	83.789236835529621
8525.24316406249999	-0.212673187255859	-0.000935548101552	0.000935548101552	83.789236835529621
8525.28515624999999	-0.152309417724609	-0.000926144304685	0.000926144304685	83.789236835529621
8525.32714843749999	-0.091533660888672	-0.000905825407244	0.000905825407244	83.789236835529621
8525.36914062499999	-0.031110763549805	-0.000841107568704	0.000841107568704	83.789236835529621
8525.41113281249999	0.030683517456055	-0.000697874347679	0.000697874347679	83.789236835529621
8525.45312499999999	0.091461181640625	-0.000505046686158	0.000505046686158	83.789236835529621
8525.49511718749999	0.151912689208984	-0.000283036613837	0.000283036613837	83.789236835529621
8525.58886718749999	0.212625503540039	-3.785932494793087E-5	3.785932494793087E-5	83.789236835529621
8525.72363281249999	0.273126602172852	0.000227002077736	0.000227002077736	83.789236835529621
8525.76562499999999	0.334281921386719	0.000555642298423	0.000555642298423	83.789236835529621
8525.90039062499999	0.394908905029297	0.001074730418622	0.001074730418622	83.789236835529621
8525.94238281249999	0.455324172973633	0.001847749575973	0.001847749575973	83.789236835529621
8525.98437499999999	0.516094207763672	0.002824485301971	0.002824485301971	83.789236835529621
8526.02636718749999	0.577171325683594	0.003920680843294	0.003920680843294	83.789236835529621
8526.06835937499999	0.637519836425781	0.005070357583463	0.005070357583463	83.789236835529621
8526.11035156249999	0.69830322265625	0.006269692908973	0.006269692908973	83.789236835529621
8526.15234374999999	0.758720397949219	0.007489641662687	0.007489641662687	83.789236835529621
8526.19433593749999	0.819478988647461	0.008736936375499	0.008736936375499	83.789236835529621
8526.23632812499999	0.880598068237305	0.010006348602474	0.010006348602474	83.789236835529621
8526.32421874999999	0.940788269042969	0.011277131736279	0.011277131736279	83.789236835529621
8526.36621093749999	1.001533508300781	0.012557566165924	0.012557566165924	83.789236835529621
8526.40820312499999	1.061939239501953	0.013839669525623	0.013839669525623	83.789236835529621
8526.45019531249999	1.122671127319336	0.01513510197401	0.01513510197401	83.789236835529621
8526.49218749999999	1.183748245239258	0.016442507505417	0.016442507505417	83.789236835529621
8526.53417968749999	1.244159698486328	0.017739422619343	0.017739422619343	83.789236835529621
8526.57617187499999	1.304889678955078	0.0190464630723	0.0190464630723	83.789236835529621
8526.61816406249999	1.365222930908203	0.020347513258457	0.020347513258457	83.789236835529621
8526.66015624999999	1.425823211669922	0.021656893193722	0.021656893193722	83.789236835529621
8526.70214843749999	1.486791610717773	0.022975713014603	0.022975713014603	83.789236835529621
8526.74414062499999	1.547048568725586	0.024281486868858	0.024281486868858	83.789236835529621
8526.78613281249999	1.607631683349609	0.025595620274544	0.025595620274544	83.789236835529621
8526.82812499999999	1.667892456054687	0.02690339833498	0.02690339833498	83.789236835529621
8526.87011718749999	1.728837966918945	0.028226315975189	0.028226315975189	83.789236835529621
8526.91210937499999	1.789434432983398	0.029542349278927	0.029542349278927	83.789236835529621
8526.95410156249999	1.849691390991211	0.030854150652885	0.030854150652885	83.789236835529621
8526.99609374999999	1.910305023193359	0.032175108790398	0.032175108790398	83.789236835529621
8527.03808593749999	1.970542907714844	0.033486135303974	0.033486135303974	83.789236835529621
8527.08007812499999	2.031484603881836	0.034811869263649	0.034811869263649	83.789236835529621
8527.12207031249999	2.092031478881836	0.036131039261818	0.036131039261818	83.789236835529621
8527.16406249999999	2.152271270751953	0.037447713315487	0.037447713315487	83.789236835529621
8527.20605468749999	2.212879180908203	0.03876781463623	0.03876781463623	83.789236835529621
8527.24804687499999	2.273151397705078	0.040088728070259	0.040088728070259	83.789236835529621
8527.29003906249999	2.334054946899414	0.041422702372074	0.041422702372074	83.789236835529621
8527.33203124999999	2.394655227661133	0.042740352451801	0.042740352451801	83.789236835529621
8527.37402343749999	2.454927444458008	0.044060751795769	0.044060751795769	83.789236835529621
8527.41503906249999	2.515510559082031	0.045389570295811	0.045389570295811	83.789236835529621
8527.45703124999999	2.576454162597656	0.046716570854187	0.046716570854187	83.789236835529621
8527.49902343749999	2.636713027954102	0.048065185546875	0.048065185546875	83.789236835529621
8527.54101562499999	2.697301864624023	0.049468167126179	0.049468167126179	83.789236835529621
8527.58300781249999	2.757625579833984	0.050899125635624	0.050899125635624	83.789236835529621
8527.62499999999999	2.818382263183594	0.052356250584126	0.052356250584126	83.789236835529621
8527.66699218749999	2.87946891784668	0.053761839866638	0.053761839866638	83.789236835529621
8527.70898437499999	2.93986701965332	0.055144339799881	0.055144339799881	83.789236835529621
8527.75097656249999	3.000616073608398	0.056520752608776	0.056520752608776	83.789236835529621
