[INFO]
Keithley 2400
Meas Time: 2021/1/19 10:09:45
Params: GPIB address = GPIB0::21::INSTR; DataFile = D:\工艺实验\卢梓豪; Compliance  Level (0.1) = 0.100000000000000; Number of Points (5) = 100; Minimum Amplitude (1) = -3.000000000000000; Maximum Amplitude (2) = 3.000000000000000; Timeout (100000 ms) = 100000; Source Mode  (0: Voltage) = 0; 4-wire? = FALSE; delay(S) = 0.000000000000000; Start = ; 

[COMMENT]


[DATA]
time (s)	Voltage (V)	Current (A)	absCurrent (A)	Fitting Resistance (Ohms)

7952.32324218749999	-3.000711441040039	8.492406777804717E-11	8.492406777804717E-11	-55016133.6451809928
7952.36523437499999	-2.940309524536133	1.22270193969598E-9	1.22270193969598E-9	-55016133.6451809928
7952.40722656249999	-2.879573822021484	1.29375621327199E-9	1.29375621327199E-9	-55016133.6451809928
7952.44921874999999	-2.818492889404297	1.369244273519143E-9	1.369244273519143E-9	-55016133.6451809928
7952.49121093749999	-2.758085250854492	1.200078258989379E-9	1.200078258989379E-9	-55016133.6451809928
7952.53320312499999	-2.697397232055664	1.026478457788471E-9	1.026478457788471E-9	-55016133.6451809928
7952.57519531249999	-2.636808395385742	8.658389560878277E-10	8.658389560878277E-10	-55016133.6451809928
7952.61718749999999	-2.57655143737793	7.047447070362978E-10	7.047447070362978E-10	-55016133.6451809928
7952.65917968749999	-2.515625	7.437392923748121E-10	7.437392923748121E-10	-55016133.6451809928
7952.70117187499999	-2.455026626586914	1.004991645459086E-9	1.004991645459086E-9	-55016133.6451809928
7952.74316406249999	-2.394760131835937	1.239754965354223E-9	1.239754965354223E-9	-55016133.6451809928
7952.78515624999999	-2.334157943725586	1.460875864722766E-9	1.460875864722766E-9	-55016133.6451809928
7952.82714843749999	-2.273223876953125	1.521925696579274E-9	1.521925696579274E-9	-55016133.6451809928
7952.86914062499999	-2.212961196899414	1.543753569421824E-9	1.543753569421824E-9	-55016133.6451809928
7952.91113281249999	-2.152374267578125	1.713374331302475E-9	1.713374331302475E-9	-55016133.6451809928
7952.95312499999999	-2.09211540222168	1.845364749897271E-9	1.845364749897271E-9	-55016133.6451809928
7952.99414062499999	-2.031505584716797	1.60184754349757E-9	1.60184754349757E-9	-55016133.6451809928
7953.03613281249999	-1.970638275146484	1.278863237530459E-9	1.278863237530459E-9	-55016133.6451809928
7953.07812499999999	-1.910409927368164	1.220087142428383E-9	1.220087142428383E-9	-55016133.6451809928
7953.12011718749999	-1.849802017211914	1.158241502707824E-9	1.158241502707824E-9	-55016133.6451809928
7953.16210937499999	-1.78953742980957	8.62200977280736E-10	8.62200977280736E-10	-55016133.6451809928
7953.20410156249999	-1.72895622253418	4.323510438553058E-10	4.323510438553058E-10	-55016133.6451809928
7953.24609374999999	-1.667978286743164	1.481794242863543E-9	1.481794242863543E-9	-55016133.6451809928
7953.28808593749999	-1.607732772827148	1.617195266589988E-9	1.617195266589988E-9	-55016133.6451809928
7953.33007812499999	-1.547134399414062	1.170064933830872E-9	1.170064933830872E-9	-55016133.6451809928
7953.37207031249999	-1.486873626708984	6.041318556526676E-10	6.041318556526676E-10	-55016133.6451809928
7953.41406249999999	-1.425933837890625	5.028368832427077E-10	5.028368832427077E-10	-55016133.6451809928
7953.45605468749999	-1.36534309387207	3.039986040676013E-10	3.039986040676013E-10	-55016133.6451809928
7953.49804687499999	-1.305015563964844	3.068407750106417E-10	3.068407750106417E-10	-55016133.6451809928
7953.54003906249999	-1.244272232055664	5.073843567515723E-10	5.073843567515723E-10	-55016133.6451809928
7953.58203124999999	-1.183542251586914	8.451479516224936E-10	8.451479516224936E-10	-55016133.6451809928
7953.62402343749999	-1.122468948364258	1.132207216869574E-9	1.132207216869574E-9	-55016133.6451809928
7953.66601562499999	-1.062074661254883	1.539547156426124E-9	1.539547156426124E-9	-55016133.6451809928
7953.70800781249999	-1.001312255859375	1.435751073586289E-9	1.435751073586289E-9	-55016133.6451809928
7953.74999999999999	-0.940923690795898	1.417902240063995E-9	1.417902240063995E-9	-55016133.6451809928
7953.79199218749999	-0.88020133972168	7.812559488229454E-10	7.812559488229454E-10	-55016133.6451809928
7953.83398437499999	-0.819118499755859	1.209627953357995E-9	1.209627953357995E-9	-55016133.6451809928
7953.87597656249999	-0.758724212646484	1.623448042664677E-9	1.623448042664677E-9	-55016133.6451809928
7953.91796874999999	-0.697956085205078	5.256083568383474E-9	5.256083568383474E-9	-55016133.6451809928
7953.95996093749999	-0.637569427490234	1.893909029604401E-9	1.893909029604401E-9	-55016133.6451809928
7954.00195312499999	-0.576904296875	-2.634806151036173E-9	2.634806151036173E-9	-55016133.6451809928
7954.04296874999999	-0.515813827514648	1.705643626337405E-9	1.705643626337405E-9	-55016133.6451809928
7954.08496093749999	-0.455411911010742	4.910134521196596E-10	4.910134521196596E-10	-55016133.6451809928
7954.12695312499999	-0.394662857055664	4.605453796102665E-10	4.605453796102665E-10	-55016133.6451809928
7954.16894531249999	-0.334285736083984	2.734168447204866E-10	2.734168447204866E-10	-55016133.6451809928
7954.21093749999999	-0.273178100585937	1.330136001342908E-10	1.330136001342908E-10	-55016133.6451809928
7954.25292968749999	-0.21245002746582	-1.073772182280663E-9	1.073772182280663E-9	-55016133.6451809928
7954.29492187499999	-0.152069091796875	-2.75133515970083E-9	2.75133515970083E-9	-55016133.6451809928
7954.33691406249999	-0.091327667236328	-3.597619979700539E-9	3.597619979700539E-9	-55016133.6451809928
7954.37890624999999	-0.030910491943359	-4.004959919257089E-9	4.004959919257089E-9	-55016133.6451809928
7954.42187499999999	0.030830383300781	-2.838532964233309E-9	2.838532964233309E-9	-55016133.6451809928
7954.46386718749999	0.091575622558594	-9.939640222000889E-10	9.939640222000889E-10	-55016133.6451809928
7954.50585937499999	0.151981353759766	1.512034941697493E-11	1.512034941697493E-11	-55016133.6451809928
7954.54785156249999	0.212713241577148	1.146418071584776E-9	1.146418071584776E-9	-55016133.6451809928
7954.58984374999999	0.27313232421875	3.173227014485747E-9	3.173227014485747E-9	-55016133.6451809928
7954.63183593749999	0.334192276000977	-1.939724825206213E-9	1.939724825206213E-9	-55016133.6451809928
7954.67382812499999	0.394912719726562	-1.742705535434652E-9	1.742705535434652E-9	-55016133.6451809928
7954.71582031249999	0.455305099487305	2.967226464534178E-11	2.967226464534178E-11	-55016133.6451809928
7954.75781249999999	0.516057968139648	1.307171260123141E-9	1.307171260123141E-9	-55016133.6451809928
7954.79882812499999	0.577136993408203	5.140122993907426E-9	5.140122993907426E-9	-55016133.6451809928
7954.84082031249999	0.63743782043457	1.000671545625664E-9	1.000671545625664E-9	-55016133.6451809928
7954.88281249999999	0.698204040527344	1.543526195746381E-9	1.543526195746381E-9	-55016133.6451809928
7954.92480468749999	0.75859260559082	1.78124537342228E-9	1.78124537342228E-9	-55016133.6451809928
7954.96679687499999	0.819326400756836	1.867419996415265E-9	1.867419996415265E-9	-55016133.6451809928
7955.00878906249999	0.880426406860352	1.878902367025148E-9	1.878902367025148E-9	-55016133.6451809928
7955.05078124999999	0.940801620483398	1.731336851662491E-9	1.731336851662491E-9	-55016133.6451809928
7955.09277343749999	1.001535415649414	1.746229827404022E-9	1.746229827404022E-9	-55016133.6451809928
7955.13476562499999	1.061927795410156	1.573880581418052E-9	1.573880581418052E-9	-55016133.6451809928
7955.17675781249999	1.12266731262207	1.285229700442869E-9	1.285229700442869E-9	-55016133.6451809928
7955.21874999999999	1.183727264404297	7.822791303624399E-10	7.822791303624399E-10	-55016133.6451809928
7955.26074218749999	1.244144439697266	8.833467290969565E-11	8.833467290969565E-11	-55016133.6451809928
7955.30273437499999	1.30488395690918	3.888089850079268E-10	3.888089850079268E-10	-55016133.6451809928
7955.34472656249999	1.365232467651367	3.027480488526635E-10	3.027480488526635E-10	-55016133.6451809928
7955.38671874999999	1.425800323486328	-2.808064891723916E-11	2.808064891723916E-11	-55016133.6451809928
7955.42871093749999	1.486783981323242	1.789430825738236E-9	1.789430825738236E-9	-55016133.6451809928
7955.47070312499999	1.547029495239258	2.700176082726102E-9	2.700176082726102E-9	-55016133.6451809928
7955.51269531249999	1.60761833190918	3.498371370369568E-9	3.498371370369568E-9	-55016133.6451809928
7955.55468749999999	1.667863845825195	2.999968273798004E-9	2.999968273798004E-9	-55016133.6451809928
7955.59667968749999	1.728803634643555	3.951072358177043E-9	3.951072358177043E-9	-55016133.6451809928
7955.63867187499999	1.789400100708008	2.708929969230667E-9	2.708929969230667E-9	-55016133.6451809928
7955.68066406249999	1.849658966064453	2.80908807326341E-9	2.80908807326341E-9	-55016133.6451809928
7955.72265624999999	1.910270690917969	2.553179001552053E-9	2.553179001552053E-9	-55016133.6451809928
7955.76464843749999	1.970516204833984	1.489411260990892E-9	1.489411260990892E-9	-55016133.6451809928
7955.80664062499999	2.031442642211914	7.219114195322618E-10	7.219114195322618E-10	-55016133.6451809928
7955.84765624999999	2.092004776000977	4.243929652147926E-10	4.243929652147926E-10	-55016133.6451809928
7955.88964843749999	2.152227401733398	-4.058620106661692E-11	4.058620106661692E-11	-55016133.6451809928
7955.93164062499999	2.212810516357422	-2.560227585490793E-10	2.560227585490793E-10	-55016133.6451809928
7955.97363281249999	2.273099899291992	-3.064997144974768E-10	3.064997144974768E-10	-55016133.6451809928
7956.01562499999999	2.334007263183594	1.56319401867222E-10	1.56319401867222E-10	-55016133.6451809928
7956.05761718749999	2.39460563659668	-2.773958840407431E-10	2.773958840407431E-10	-55016133.6451809928
7956.09960937499999	2.454860687255859	-5.934452929068357E-11	5.934452929068357E-11	-55016133.6451809928
7956.14160156249999	2.515457153320312	3.637978807091713E-11	3.637978807091713E-11	-55016133.6451809928
7956.18359374999999	2.576393127441406	7.146354619180784E-10	7.146354619180784E-10	-55016133.6451809928
7956.22558593749999	2.636669158935547	9.875975592876784E-10	9.875975592876784E-10	-55016133.6451809928
7956.26757812499999	2.697233200073242	3.796003511524759E-10	3.796003511524759E-10	-55016133.6451809928
7956.30957031249999	2.757568359375	3.486775312921964E-10	3.486775312921964E-10	-55016133.6451809928
7956.35156249999999	2.81831169128418	3.21847437589895E-10	3.21847437589895E-10	-55016133.6451809928
7956.39355468749999	2.879392623901367	3.697095962706953E-10	3.697095962706953E-10	-55016133.6451809928
7956.43554687499999	2.939773559570312	1.745092959026806E-10	1.745092959026806E-10	-55016133.6451809928
7956.47753906249999	3.000528335571289	3.726654540514573E-10	3.726654540514573E-10	-55016133.6451809928
8079.78124999999999	-3.000768661499023	-0.001815319992602	0.001815319992602	85.074838284431792
8079.82324218749999	-2.940385818481445	-0.001811376772821	0.001811376772821	85.074838284431792
8079.86523437499999	-2.879646301269531	-0.001806682907045	0.001806682907045	85.074838284431792
8079.90722656249999	-2.818557739257812	-0.001802058890462	0.001802058890462	85.074838284431792
8079.94824218749999	-2.758148193359375	-0.001797603443265	0.001797603443265	85.074838284431792
8079.99023437499999	-2.697465896606445	-0.001792828552425	0.001792828552425	85.074838284431792
8080.03222656249999	-2.636877059936523	-0.001787565648556	0.001787565648556	85.074838284431792
8080.07421874999999	-2.576616287231445	-0.001781745813787	0.001781745813787	85.074838284431792
8080.11621093749999	-2.51568603515625	-0.001776532270014	0.001776532270014	85.074838284431792
8080.15820312499999	-2.455085754394531	-0.001770955510437	0.001770955510437	85.074838284431792
8080.20019531249999	-2.394828796386719	-0.001764950342476	0.001764950342476	85.074838284431792
8080.24218749999999	-2.334239959716797	-0.001758597791195	0.001758597791195	85.074838284431792
8080.28417968749999	-2.273319244384766	-0.001751965843141	0.001751965843141	85.074838284431792
8080.32617187499999	-2.213043212890625	-0.001745691522956	0.001745691522956	85.074838284431792
8080.36816406249999	-2.152450561523437	-0.001739155501127	0.001739155501127	85.074838284431792
8080.41015624999999	-2.092205047607422	-0.001731907017529	0.001731907017529	85.074838284431792
8080.45214843749999	-2.031585693359375	-0.001724357716739	0.001724357716739	85.074838284431792
8080.49414062499999	-1.970705032348633	-0.00171672552824	0.00171672552824	85.074838284431792
8080.53613281249999	-1.910484313964844	-0.001709413714707	0.001709413714707	85.074838284431792
8080.57812499999999	-1.849864959716797	-0.001701164990664	0.001701164990664	85.074838284431792
8080.62011718749999	-1.789604187011719	-0.001692594960332	0.001692594960332	85.074838284431792
8080.66210937499999	-1.729021072387695	-0.001683913171291	0.001683913171291	85.074838284431792
8080.70410156249999	-1.668058395385742	-0.001675095409155	0.001675095409155	85.074838284431792
8080.74609374999999	-1.607814788818359	-0.001666041091084	0.001666041091084	85.074838284431792
8080.78808593749999	-1.547212600708008	-0.001656175591052	0.001656175591052	85.074838284431792
8080.83007812499999	-1.486953735351562	-0.001645863056183	0.001645863056183	85.074838284431792
8080.87207031249999	-1.426002502441406	-0.001635451801121	0.001635451801121	85.074838284431792
8080.91406249999999	-1.365411758422852	-0.001624900847673	0.001624900847673	85.074838284431792
8080.95605468749999	-1.305086135864258	-0.001613551750779	0.001613551750779	85.074838284431792
8080.99804687499999	-1.24433708190918	-0.001601674593985	0.001601674593985	85.074838284431792
8081.04003906249999	-1.183595657348633	-0.001589351333678	0.001589351333678	85.074838284431792
8081.08203124999999	-1.122535705566406	-0.001576710492373	0.001576710492373	85.074838284431792
8081.12402343749999	-1.062129974365234	-0.001563766039908	0.001563766039908	85.074838284431792
8081.16601562499999	-1.001384735107422	-0.001549801789224	0.001549801789224	85.074838284431792
8081.20800781249999	-0.94099235534668	-0.001535353250802	0.001535353250802	85.074838284431792
8081.24999999999999	-0.880245208740234	-0.001520521007478	0.001520521007478	85.074838284431792
8081.29199218749999	-0.819169998168945	-0.001504874788225	0.001504874788225	85.074838284431792
8081.33398437499999	-0.758768081665039	-0.001488452777267	0.001488452777267	85.074838284431792
8081.37597656249999	-0.698034286499023	-0.0014708340168	0.0014708340168	85.074838284431792
8081.41796874999999	-0.637630462646484	-0.001452685333788	0.001452685333788	85.074838284431792
8081.45996093749999	-0.576950073242187	-0.001433648169041	0.001433648169041	85.074838284431792
8081.50195312499999	-0.515884399414062	-0.001413304358721	0.001413304358721	85.074838284431792
8081.54394531249999	-0.455459594726562	-0.001391689293087	0.001391689293087	85.074838284431792
8081.58593749999999	-0.394729614257812	-0.0013686735183	0.0013686735183	85.074838284431792
8081.62792968749999	-0.334348678588867	-0.001344612799585	0.001344612799585	85.074838284431792
8081.66992187499999	-0.273244857788086	-0.001318356953561	0.001318356953561	85.074838284431792
8081.71191406249999	-0.21251106262207	-0.001288413070142	0.001288413070142	85.074838284431792
8081.75390624999999	-0.152130126953125	-0.001246133819222	0.001246133819222	85.074838284431792
8081.79589843749999	-0.091360092163086	-0.001160083338618	0.001160083338618	85.074838284431792
8081.83789062499999	-0.030963897705078	-0.001007509417832	0.001007509417832	85.074838284431792
8081.92675781249999	0.030689239501953	-0.000800522975624	0.000800522975624	85.074838284431792
8081.96874999999999	0.091464996337891	-0.000569379073568	0.000569379073568	85.074838284431792
8082.01074218749999	0.151914596557617	-0.000319527229294	0.000319527229294	85.074838284431792
8082.10449218749999	0.212610244750977	-5.091038474347442E-5	5.091038474347442E-5	85.074838284431792
8082.23925781249999	0.273157119750977	0.000234399340115	0.000234399340115	85.074838284431792
8082.28124999999999	0.334312438964844	0.000577835948206	0.000577835948206	85.074838284431792
8082.41601562499999	0.394941329956055	0.001092539168894	0.001092539168894	85.074838284431792
8082.45800781249999	0.455348968505859	0.001830322667956	0.001830322667956	85.074838284431792
8082.49999999999999	0.51612663269043	0.00275007635355	0.00275007635355	85.074838284431792
8082.54199218749999	0.57719612121582	0.003777947276831	0.003777947276831	85.074838284431792
8082.58398437499999	0.637540817260742	0.004853281192482	0.004853281192482	85.074838284431792
8082.62597656249999	0.698324203491211	0.0059730168432	0.0059730168432	85.074838284431792
8082.66796874999999	0.758731842041016	0.007110298145562	0.007110298145562	85.074838284431792
8082.70996093749999	0.819494247436523	0.008270512335002	0.008270512335002	85.074838284431792
8082.75195312499999	0.880609512329102	0.009449517354369	0.009449517354369	85.074838284431792
8082.83984374999999	0.940811157226562	0.010775558650494	0.010775558650494	85.074838284431792
8082.88183593749999	1.001567840576172	0.011978812515736	0.011978812515736	85.074838284431792
8082.92382812499999	1.061954498291016	0.013181388378143	0.013181388378143	85.074838284431792
8082.96582031249999	1.122695922851562	0.014392159879208	0.014392159879208	85.074838284431792
8083.00781249999999	1.183767318725586	0.015612296760082	0.015612296760082	85.074838284431792
8083.04980468749999	1.244174957275391	0.016821011900902	0.016821011900902	85.074838284431792
8083.09179687499999	1.304912567138672	0.018039859831333	0.018039859831333	85.074838284431792
8083.13378906249999	1.365255355834961	0.019250944256783	0.019250944256783	85.074838284431792
8083.17578124999999	1.425836563110352	0.020470678806305	0.020470678806305	85.074838284431792
8083.21777343749999	1.486801147460937	0.021706260740757	0.021706260740757	85.074838284431792
8083.25976562499999	1.547061920166016	0.022965840995312	0.022965840995312	85.074838284431792
8083.30175781249999	1.607650756835937	0.024245835840702	0.024245835840702	85.074838284431792
8083.34374999999999	1.667911529541016	0.025533065199852	0.025533065199852	85.074838284431792
8083.38574218749999	1.728851318359375	0.026805117726326	0.026805117726326	85.074838284431792
8083.42773437499999	1.789451599121094	0.028154745697975	0.028154745697975	85.074838284431792
8083.46972656249999	1.849706649780273	0.029520072042942	0.029520072042942	85.074838284431792
8083.51171874999999	1.910322189331055	0.031070783734322	0.031070783734322	85.074838284431792
8083.55371093749999	1.97056770324707	0.032429873943329	0.032429873943329	85.074838284431792
8083.59570312499999	2.03150749206543	0.033815801143646	0.033815801143646	85.074838284431792
8083.63769531249999	2.092048645019531	0.035214811563492	0.035214811563492	85.074838284431792
8083.67968749999999	2.152299880981445	0.036621563136578	0.036621563136578	85.074838284431792
8083.72167968749999	2.212888717651367	0.038015425205231	0.038015425205231	85.074838284431792
8083.76367187499999	2.273170471191406	0.039414823055267	0.039414823055267	85.074838284431792
8083.80566406249999	2.334075927734375	0.040755316615105	0.040755316615105	85.074838284431792
8083.84667968749999	2.394687652587891	0.042106203734875	0.042106203734875	85.074838284431792
8083.88867187499999	2.454952239990234	0.043418601155281	0.043418601155281	85.074838284431792
8083.93066406249999	2.515537261962891	0.04475212097168	0.04475212097168	85.074838284431792
8083.97265624999999	2.576484680175781	0.046096660196781	0.046096660196781	85.074838284431792
8084.01464843749999	2.636743545532227	0.047390423715115	0.047390423715115	85.074838284431792
8084.05664062499999	2.697324752807617	0.048675410449505	0.048675410449505	85.074838284431792
8084.09863281249999	2.757650375366211	0.049964100122452	0.049964100122452	85.074838284431792
8084.14062499999999	2.818410873413086	0.05127564817667	0.05127564817667	85.074838284431792
8084.18261718749999	2.879487991333008	0.052587516605854	0.052587516605854	85.074838284431792
8084.22460937499999	2.939886093139648	0.053858689963818	0.053858689963818	85.074838284431792
8084.26660156249999	3.000631332397461	0.055132560431957	0.055132560431957	85.074838284431792
