[INFO]
Keithley 2400
Meas Time: 2021/1/19 9:24:01
Params: GPIB address = GPIB0::21::INSTR; DataFile = D:\工艺实验\吕政阳; Compliance  Level (0.1) = 0.100000000000000; Number of Points (5) = 100; Minimum Amplitude (1) = -3.000000000000000; Maximum Amplitude (2) = 3.000000000000000; Timeout (100000 ms) = 100000; Source Mode  (0: Voltage) = 0; 4-wire? = FALSE; delay(S) = 0.000000000000000; Start = ; 

[COMMENT]


[DATA]
time (s)	Voltage (V)	Current (A)	absCurrent (A)	Fitting Resistance (Ohms)

5208.35449218749999	-3.000789642333984	-0.001520200632513	0.001520200632513	27.193466006452937
5208.39648437499999	-2.940412521362305	-0.001520194113255	0.001520194113255	27.193466006452937
5208.43847656249999	-2.879669189453125	-0.001519380137324	0.001519380137324	27.193466006452937
5208.48046874999999	-2.818580627441406	-0.001518304459751	0.001518304459751	27.193466006452937
5208.52246093749999	-2.758176803588867	-0.001517379656434	0.001517379656434	27.193466006452937
5208.56445312499999	-2.697490692138672	-0.001516503281891	0.001516503281891	27.193466006452937
5208.60644531249999	-2.636909484863281	-0.001515087671578	0.001515087671578	27.193466006452937
5208.64843749999999	-2.576652526855469	-0.001513474620879	0.001513474620879	27.193466006452937
5208.69042968749999	-2.515707015991211	-0.001511977054179	0.001511977054179	27.193466006452937
5208.73242187499999	-2.455116271972656	-0.001510784029961	0.001510784029961	27.193466006452937
5208.77441406249999	-2.394851684570312	-0.001509224995971	0.001509224995971	27.193466006452937
5208.81640624999999	-2.334259033203125	-0.001507182605565	0.001507182605565	27.193466006452937
5208.85839843749999	-2.27332878112793	-0.001505247317255	0.001505247317255	27.193466006452937
5208.90039062499999	-2.213058471679687	-0.001503436826169	0.001503436826169	27.193466006452937
5208.94238281249999	-2.152456283569336	-0.001501597464085	0.001501597464085	27.193466006452937
5208.98437499999999	-2.092212677001953	-0.001499605365098	0.001499605365098	27.193466006452937
5209.02636718749999	-2.031585693359375	-0.001497071236372	0.001497071236372	27.193466006452937
5209.06835937499999	-1.970718383789062	-0.001494456082582	0.001494456082582	27.193466006452937
5209.11035156249999	-1.910486221313477	-0.001492545939982	0.001492545939982	27.193466006452937
5209.15234374999999	-1.849876403808594	-0.001489913091063	0.001489913091063	27.193466006452937
5209.19433593749999	-1.789613723754883	-0.001487222500145	0.001487222500145	27.193466006452937
5209.23632812499999	-1.729026794433594	-0.001483995467424	0.001483995467424	27.193466006452937
5209.27832031249999	-1.668064117431641	-0.001481107436121	0.001481107436121	27.193466006452937
5209.32031249999999	-1.607824325561523	-0.001478223130107	0.001478223130107	27.193466006452937
5209.36230468749999	-1.547222137451172	-0.001475056633353	0.001475056633353	27.193466006452937
5209.40429687499999	-1.486959457397461	-0.001471361145377	0.001471361145377	27.193466006452937
5209.44628906249999	-1.426004409790039	-0.001467481255531	0.001467481255531	27.193466006452937
5209.48828124999999	-1.365409851074219	-0.001463900320232	0.001463900320232	27.193466006452937
5209.53027343749999	-1.305091857910156	-0.001460117287934	0.001460117287934	27.193466006452937
5209.57226562499999	-1.244344711303711	-0.00145573168993	0.00145573168993	27.193466006452937
5209.61425781249999	-1.183612823486328	-0.001450859941542	0.001450859941542	27.193466006452937
5209.65624999999999	-1.122531890869141	-0.001446193084121	0.001446193084121	27.193466006452937
5209.69824218749999	-1.062135696411133	-0.001441203989089	0.001441203989089	27.193466006452937
5209.74023437499999	-1.001388549804687	-0.001435908488929	0.001435908488929	27.193466006452937
5209.78222656249999	-0.941005706787109	-0.001430012285709	0.001430012285709	27.193466006452937
5209.82421874999999	-0.880271911621094	-0.001423657871783	0.001423657871783	27.193466006452937
5209.86621093749999	-0.819187164306641	-0.001417434774339	0.001417434774339	27.193466006452937
5209.90820312499999	-0.758794784545898	-0.00141082610935	0.00141082610935	27.193466006452937
5209.95019531249999	-0.698057174682617	-0.001403372734785	0.001403372734785	27.193466006452937
5209.99218749999999	-0.637649536132812	-0.00139519944787	0.00139519944787	27.193466006452937
5210.03417968749999	-0.576969146728516	-0.001386730931699	0.001386730931699	27.193466006452937
5210.07617187499999	-0.515903472900391	-0.001377861015499	0.001377861015499	27.193466006452937
5210.11718749999999	-0.455482482910156	-0.001368211582303	0.001368211582303	27.193466006452937
5210.15917968749999	-0.394744873046875	-0.001357244327664	0.001357244327664	27.193466006452937
5210.20117187499999	-0.334365844726562	-0.001345696859062	0.001345696859062	27.193466006452937
5210.24316406249999	-0.273258209228516	-0.001333341002464	0.001333341002464	27.193466006452937
5210.28515624999999	-0.212532043457031	-0.001319704577327	0.001319704577327	27.193466006452937
5210.32714843749999	-0.152153015136719	-0.001304632052779	0.001304632052779	27.193466006452937
5210.36914062499999	-0.091394424438477	-0.001287523657084	0.001287523657084	27.193466006452937
5210.41113281249999	-0.030996322631836	-0.00126769579947	0.00126769579947	27.193466006452937
5210.45410156249999	0.030788421630859	-0.001233453862369	0.001233453862369	27.193466006452937
5210.49609374999999	0.091524124145508	-0.001120572909713	0.001120572909713	27.193466006452937
5210.58496093749999	0.151792526245117	-0.000791426980868	0.000791426980868	27.193466006452937
5210.62695312499999	0.212648391723633	-0.000187479308806	0.000187479308806	27.193466006452937
5210.66894531249999	0.273252487182617	0.000891147297807	0.000891147297807	27.193466006452937
5210.80371093749999	0.334217071533203	0.003304468467832	0.003304468467832	27.193466006452937
5210.84570312499999	0.395013809204102	0.006954456679523	0.006954456679523	27.193466006452937
5210.93359374999999	0.455291748046875	0.011514745652676	0.011514745652676	27.193466006452937
5210.97558593749999	0.516056060791016	0.016486681997776	0.016486681997776	27.193466006452937
5211.01757812499999	0.577114105224609	0.021759107708931	0.021759107708931	27.193466006452937
5211.05957031249999	0.637453079223633	0.027132011950016	0.027132011950016	27.193466006452937
5211.10156249999999	0.698219299316406	0.032655201852322	0.032655201852322	27.193466006452937
5211.14355468749999	0.758617401123047	0.038220837712288	0.038220837712288	27.193466006452937
5211.18554687499999	0.819366455078125	0.043875448405743	0.043875448405743	27.193466006452937
5211.22753906249999	0.880466461181641	0.049605369567871	0.049605369567871	27.193466006452937
5211.26953124999999	0.940858840942383	0.055299513041973	0.055299513041973	27.193466006452937
5211.31152343749999	1.001605987548828	0.0610506311059	0.0610506311059	27.193466006452937
5211.35351562499999	1.062019348144531	0.066787764430046	0.066787764430046	27.193466006452937
5211.39550781249999	1.122770309448242	0.072573401033878	0.072573401033878	27.193466006452937
5211.43749999999999	1.183841705322266	0.078400351107121	0.078400351107121	27.193466006452937
5211.47949218749999	1.244266510009766	0.084170587360859	0.084170587360859	27.193466006452937
5211.52148437499999	1.30500602722168	0.08997431397438	0.08997431397438	27.193466006452937
5211.56347656249999	1.365352630615234	0.095741271972656	0.095741271972656	27.193466006452937
5211.60546874999999	1.409671783447266	0.099998615682125	0.099998615682125	27.193466006452937
5211.64746093749999	1.409502029418945	0.100002512335777	0.100002512335777	27.193466006452937
5211.68945312499999	1.40943717956543	0.100002527236938	0.100002527236938	27.193466006452937
5211.73144531249999	1.409399032592773	0.100002504885197	0.100002504885197	27.193466006452937
5211.77441406249999	1.409330368041992	0.100002489984035	0.100002489984035	27.193466006452937
5211.81640624999999	1.409204483032227	0.100002519786358	0.100002519786358	27.193466006452937
5211.85839843749999	1.409143447875977	0.100002519786358	0.100002519786358	27.193466006452937
5211.90039062499999	1.409101486206055	0.100002512335777	0.100002512335777	27.193466006452937
5211.94335937499999	1.409040451049805	0.100002512335777	0.100002512335777	27.193466006452937
5211.98535156249999	1.409029006958008	0.100002497434616	0.100002497434616	27.193466006452937
5212.02734374999999	1.409011840820312	0.100002534687519	0.100002534687519	27.193466006452937
5212.06933593749999	1.408987045288086	0.100002504885197	0.100002504885197	27.193466006452937
5212.11230468749999	1.408956527709961	0.100002519786358	0.100002519786358	27.193466006452937
5212.15429687499999	1.408895492553711	0.100002512335777	0.100002512335777	27.193466006452937
5212.19628906249999	1.408836364746094	0.100002482533455	0.100002482533455	27.193466006452937
5212.23925781249999	1.408803939819336	0.100002482533455	0.100002482533455	27.193466006452937
5212.28124999999999	1.408756256103516	0.100002489984035	0.100002489984035	27.193466006452937
5212.32324218749999	1.408723831176758	0.100002489984035	0.100002489984035	27.193466006452937
5212.36523437499999	1.408702850341797	0.100002519786358	0.100002519786358	27.193466006452937
5212.40722656249999	1.408689498901367	0.100002475082874	0.100002475082874	27.193466006452937
5212.45019531249999	1.408639907836914	0.100002467632294	0.100002467632294	27.193466006452937
5212.49218749999999	1.408632278442383	0.100002467632294	0.100002467632294	27.193466006452937
5212.53417968749999	1.408626556396484	0.100002482533455	0.100002482533455	27.193466006452937
5212.57617187499999	1.408603668212891	0.100002489984035	0.100002489984035	27.193466006452937
5212.61914062499999	1.408592224121094	0.100002497434616	0.100002497434616	27.193466006452937
5212.66113281249999	1.408586502075195	0.100002512335777	0.100002512335777	27.193466006452937
5212.70312499999999	1.40855598449707	0.100002489984035	0.100002489984035	27.193466006452937
