[INFO]
Keithley 2400
Meas Time: 2021/1/19 13:48:56
Params: GPIB address = GPIB0::21::INSTR; DataFile = D:\工艺实验\吴彪; Compliance  Level (0.1) = 0.100000000000000; Number of Points (5) = 150; Minimum Amplitude (1) = -3.000000000000000; Maximum Amplitude (2) = 3.000000000000000; Timeout (100000 ms) = 100000; Source Mode  (0: Voltage) = 0; 4-wire? = FALSE; delay(S) = 0.000000000000000; Start = ; 

[COMMENT]


[DATA]
time (s)	Voltage (V)	Current (A)	absCurrent (A)	Fitting Resistance (Ohms)

2848.373046875	-3.000724792480469	-0.001518754288554	0.001518754288554	129.924054097439153
2848.4150390625	-2.960254669189453	-0.001517050899565	0.001517050899565	129.924054097439153
2848.45703125	-2.92010498046875	-0.001515194773674	0.001515194773674	129.924054097439153
2848.4990234375	-2.879619598388672	-0.001513050869107	0.001513050869107	129.924054097439153
2848.541015625	-2.839460372924805	-0.001510662958026	0.001510662958026	129.924054097439153
2848.5830078125	-2.798974990844727	-0.001508380286396	0.001508380286396	129.924054097439153
2848.625	-2.758811950683594	-0.001506078056991	0.001506078056991	129.924054097439153
2848.6669921875	-2.718303680419922	-0.00150381308049	0.00150381308049	129.924054097439153
2848.708984375	-2.678600311279297	-0.001501138322055	0.001501138322055	129.924054097439153
2848.7509765625	-2.637876510620117	-0.001498240977526	0.001498240977526	129.924054097439153
2848.79296875	-2.598150253295898	-0.001495660282671	0.001495660282671	129.924054097439153
2848.8349609375	-2.557403564453125	-0.001493146643043	0.001493146643043	129.924054097439153
2848.876953125	-2.517696380615234	-0.00149046164006	0.00149046164006	129.924054097439153
2848.91796875	-2.477285385131836	-0.001487171277404	0.001487171277404	129.924054097439153
2848.9599609375	-2.436561584472656	-0.001483983360231	0.001483983360231	129.924054097439153
2849.001953125	-2.396841049194336	-0.001481221057475	0.001481221057475	129.924054097439153
2849.0439453125	-2.356447219848633	-0.001478150486946	0.001478150486946	129.924054097439153
2849.0859375	-2.316373825073242	-0.001474697142839	0.001474697142839	129.924054097439153
2849.1279296875	-2.275979995727539	-0.001471011899412	0.001471011899412	129.924054097439153
2849.169921875	-2.235923767089844	-0.001467671245337	0.001467671245337	129.924054097439153
2849.2119140625	-2.195533752441406	-0.001464297994971	0.001464297994971	129.924054097439153
2849.25390625	-2.155464172363281	-0.001460619270802	0.001460619270802	129.924054097439153
2849.2958984375	-2.115074157714844	-0.001456506550312	0.001456506550312	129.924054097439153
2849.337890625	-2.075008392333984	-0.00145255215466	0.00145255215466	129.924054097439153
2849.3798828125	-2.034595489501953	-0.001448759809136	0.001448759809136	129.924054097439153
2849.421875	-1.994617462158203	-0.001444834284484	0.001444834284484	129.924054097439153
2849.4638671875	-1.954214096069336	-0.001440393738449	0.001440393738449	129.924054097439153
2849.505859375	-1.914175033569336	-0.001435817219317	0.001435817219317	129.924054097439153
2849.5478515625	-1.873756408691406	-0.001431362703443	0.001431362703443	129.924054097439153
2849.58984375	-1.833358764648437	-0.001426834613085	0.001426834613085	129.924054097439153
2849.6318359375	-1.793289184570312	-0.001422013156116	0.001422013156116	129.924054097439153
2849.673828125	-1.752895355224609	-0.001416786573827	0.001416786573827	129.924054097439153
2849.7158203125	-1.712835311889648	-0.001411681994796	0.001411681994796	129.924054097439153
2849.7578125	-1.672431945800781	-0.001406565308571	0.001406565308571	129.924054097439153
2849.7998046875	-1.632707595825195	-0.001401303336024	0.001401303336024	129.924054097439153
2849.841796875	-1.591947555541992	-0.001395612955093	0.001395612955093	129.924054097439153
2849.8837890625	-1.552263259887695	-0.00138970091939	0.00138970091939	129.924054097439153
2849.92578125	-1.511846542358398	-0.001383899711072	0.001383899711072	129.924054097439153
2849.9677734375	-1.471786499023437	-0.001377965323627	0.001377965323627	129.924054097439153
2850.009765625	-1.431377410888672	-0.001371526159346	0.001371526159346	129.924054097439153
2850.0517578125	-1.391324996948242	-0.001364911906421	0.001364911906421	129.924054097439153
2850.09375	-1.350914001464844	-0.001358020119369	0.001358020119369	129.924054097439153
2850.1357421875	-1.310464859008789	-0.001351208426058	0.001351208426058	129.924054097439153
2850.177734375	-1.270318984985352	-0.001344169490039	0.001344169490039	129.924054097439153
2850.2197265625	-1.229839324951172	-0.001336613669991	0.001336613669991	129.924054097439153
2850.26171875	-1.189691543579102	-0.001328743994236	0.001328743994236	129.924054097439153
2850.3037109375	-1.149192810058594	-0.001320713199675	0.001320713199675	129.924054097439153
2850.345703125	-1.109046936035156	-0.00131269544363	0.00131269544363	129.924054097439153
2850.3876953125	-1.068553924560547	-0.001304208301008	0.001304208301008	129.924054097439153
2850.4296875	-1.028427124023437	-0.001295247115195	0.001295247115195	129.924054097439153
2850.4716796875	-0.987913131713867	-0.001285876147449	0.001285876147449	129.924054097439153
2850.513671875	-0.947788238525391	-0.001276660710573	0.001276660710573	129.924054097439153
2850.5556640625	-0.907293319702148	-0.001266900449991	0.001266900449991	129.924054097439153
2850.59765625	-0.867160797119141	-0.001256641931832	0.001256641931832	129.924054097439153
2850.6396484375	-0.826644897460937	-0.00124576035887	0.00124576035887	129.924054097439153
2850.681640625	-0.786163330078125	-0.001234537921846	0.001234537921846	129.924054097439153
2850.7236328125	-0.746004104614258	-0.001223298721015	0.001223298721015	129.924054097439153
2850.765625	-0.705530166625977	-0.001211068592966	0.001211068592966	129.924054097439153
2850.806640625	-0.665718078613281	-0.001198001205921	0.001198001205921	129.924054097439153
2850.8486328125	-0.624931335449219	-0.001182840205729	0.001182840205729	129.924054097439153
2850.890625	-0.585145950317383	-0.001164754852653	0.001164754852653	129.924054097439153
2850.9326171875	-0.544303894042969	-0.00113966409117	0.00113966409117	129.924054097439153
2850.974609375	-0.504518508911133	-0.001107236370444	0.001107236370444	129.924054097439153
2851.0166015625	-0.464008331298828	-0.001066783443093	0.001066783443093	129.924054097439153
2851.05859375	-0.423879623413086	-0.001021227799356	0.001021227799356	129.924054097439153
2851.1474609375	-0.383581161499023	-0.000971525558271	0.000971525558271	129.924054097439153
2851.189453125	-0.343435287475586	-0.000919242273085	0.000919242273085	129.924054097439153
2851.2314453125	-0.302919387817383	-0.000864279107191	0.000864279107191	129.924054097439153
2851.2734375	-0.262420654296875	-0.000807564356364	0.000807564356364	129.924054097439153
2851.3154296875	-0.222251892089844	-0.000749762286432	0.000749762286432	129.924054097439153
2851.357421875	-0.181760787963867	-0.000690111541189	0.000690111541189	129.924054097439153
2851.3994140625	-0.141584396362305	-0.00062965718098	0.00062965718098	129.924054097439153
2851.44140625	-0.101070404052734	-0.00056734692771	0.00056734692771	129.924054097439153
2851.4833984375	-0.060916900634766	-0.000504155526869	0.000504155526869	129.924054097439153
2851.525390625	-0.020404815673828	-0.000438799499534	0.000438799499534	129.924054097439153
2851.568359375	0.020023345947266	-0.000371567322873	0.000371567322873	129.924054097439153
2851.6103515625	0.060894012451172	-0.000302203698084	0.000302203698084	129.924054097439153
2851.65234375	0.100709915161133	-0.000232202582993	0.000232202582993	129.924054097439153
2851.6943359375	0.141218185424805	-0.000158748589456	0.000158748589456	129.924054097439153
2851.787109375	0.181238174438477	-8.317163155879825E-5	8.317163155879825E-5	129.924054097439153
2851.8837890625	0.221839904785156	-3.628544618550222E-6	3.628544618550222E-6	129.924054097439153
2852.0234375	0.262187957763672	7.883209036663175E-5	7.883209036663175E-5	129.924054097439153
2852.1591796875	0.302558898925781	0.000173247535713	0.000173247535713	129.924054097439153
2852.201171875	0.343082427978516	0.000295616569929	0.000295616569929	129.924054097439153
2852.2421875	0.383251190185547	0.000477122433949	0.000477122433949	129.924054097439153
2852.2841796875	0.423793792724609	0.000748625257984	0.000748625257984	129.924054097439153
2852.4189453125	0.463809967041016	0.001110181212425	0.001110181212425	129.924054097439153
2852.4609375	0.504316329956055	0.00153533834964	0.00153533834964	129.924054097439153
2852.5029296875	0.544467926025391	0.002001576125622	0.002001576125622	129.924054097439153
2852.544921875	0.584957122802734	0.002501274459064	0.002501274459064	129.924054097439153
2852.5869140625	0.625116348266602	0.003016996197402	0.003016996197402	129.924054097439153
2852.62890625	0.665544509887695	0.003550620749593	0.003550620749593	129.924054097439153
2852.6708984375	0.70536994934082	0.00408685579896	0.00408685579896	129.924054097439153
2852.712890625	0.746194839477539	0.004644421860576	0.004644421860576	129.924054097439153
2852.7548828125	0.786022186279297	0.005194051191211	0.005194051191211	129.924054097439153
2852.796875	0.826864242553711	0.00576268741861	0.00576268741861	129.924054097439153
2852.8388671875	0.867385864257812	0.006330229807645	0.006330229807645	129.924054097439153
2852.880859375	0.907171249389648	0.006890383549035	0.006890383549035	129.924054097439153
2852.9228515625	0.948034286499023	0.007467244751751	0.007467244751751	129.924054097439153
2852.96484375	0.987827301025391	0.008030550554395	0.008030550554395	129.924054097439153
2853.0068359375	1.028331756591797	0.008604985661805	0.008604985661805	129.924054097439153
2853.048828125	1.068496704101562	0.009175532497466	0.009175532497466	129.924054097439153
2853.0908203125	1.108991622924805	0.009750011377037	0.009750011377037	129.924054097439153
2853.1328125	1.149147033691406	0.010320181958377	0.010320181958377	129.924054097439153
2853.220703125	1.189447402954102	0.010895796120167	0.010895796120167	129.924054097439153
2853.2626953125	1.229598999023437	0.011464074254036	0.011464074254036	129.924054097439153
2853.3046875	1.270076751708984	0.012036681175232	0.012036681175232	129.924054097439153
2853.3466796875	1.310230255126953	0.012603975832462	0.012603975832462	129.924054097439153
2853.388671875	1.350696563720703	0.013173878192902	0.013173878192902	129.924054097439153
2853.4306640625	1.391111373901367	0.013742491602898	0.013742491602898	129.924054097439153
2853.47265625	1.431159973144531	0.014304257929325	0.014304257929325	129.924054097439153
2853.5146484375	1.471567153930664	0.014869853854179	0.014869853854179	129.924054097439153
2853.556640625	1.511627197265625	0.015427581965923	0.015427581965923	129.924054097439153
2853.5986328125	1.552042007446289	0.015989139676094	0.015989139676094	129.924054097439153
2853.640625	1.592107772827148	0.016544684767723	0.016544684767723	129.924054097439153
2853.6826171875	1.632488250732422	0.01710245013237	0.01710245013237	129.924054097439153
2853.724609375	1.672206878662109	0.017649739980698	0.017649739980698	129.924054097439153
2853.7666015625	1.712959289550781	0.018209278583527	0.018209278583527	129.924054097439153
2853.80859375	1.752683639526367	0.018753662705421	0.018753662705421	129.924054097439153
2853.8505859375	1.793071746826172	0.019305095076561	0.019305095076561	129.924054097439153
2853.892578125	1.833148956298828	0.019849613308907	0.019849613308907	129.924054097439153
2853.9345703125	1.873529434204102	0.02039784938097	0.02039784938097	129.924054097439153
2853.9765625	1.913602828979492	0.020943403244019	0.020943403244019	129.924054097439153
2854.0185546875	1.953983306884766	0.021489687263966	0.021489687263966	129.924054097439153
2854.060546875	1.994392395019531	0.022035859525204	0.022035859525204	129.924054097439153
2854.1025390625	2.034448623657227	0.022575788199902	0.022575788199902	129.924054097439153
2854.1435546875	2.074789047241211	0.023121997714043	0.023121997714043	129.924054097439153
2854.185546875	2.114852905273437	0.023665204644203	0.023665204644203	129.924054097439153
2854.2275390625	2.155242919921875	0.024211704730988	0.024211704730988	129.924054097439153
2854.26953125	2.195310592651367	0.024762831628323	0.024762831628323	129.924054097439153
2854.3115234375	2.235708236694336	0.025317877531052	0.025317877531052	129.924054097439153
2854.353515625	2.275791168212891	0.025864280760288	0.025864280760288	129.924054097439153
2854.3955078125	2.316171646118164	0.026417508721352	0.026417508721352	129.924054097439153
2854.4375	2.356241226196289	0.026970066130161	0.026970066130161	129.924054097439153
2854.4794921875	2.396617889404297	0.027524493634701	0.027524493634701	129.924054097439153
2854.521484375	2.436344146728516	0.028070613741875	0.028070613741875	129.924054097439153
2854.5634765625	2.477073669433594	0.028626963496208	0.028626963496208	129.924054097439153
2854.60546875	2.517478942871094	0.029186241328716	0.029186241328716	129.924054097439153
2854.6474609375	2.557193756103516	0.029724396765232	0.029724396765232	129.924054097439153
2854.689453125	2.597942352294922	0.030270949006081	0.030270949006081	129.924054097439153
2854.7314453125	2.637668609619141	0.030810602009296	0.030810602009296	129.924054097439153
2854.7734375	2.678043365478516	0.031317077577114	0.031317077577114	129.924054097439153
2854.8154296875	2.718105316162109	0.031792744994164	0.031792744994164	129.924054097439153
2854.857421875	2.758590698242187	0.032264821231365	0.032264821231365	129.924054097439153
2854.8994140625	2.798738479614258	0.032647699117661	0.032647699117661	129.924054097439153
2854.94140625	2.839193344116211	0.033070251345634	0.033070251345634	129.924054097439153
2854.9833984375	2.879367828369141	0.034163810312748	0.034163810312748	129.924054097439153
2855.025390625	2.919849395751953	0.034713506698608	0.034713506698608	129.924054097439153
2855.0673828125	2.960018157958984	0.035548262298107	0.035548262298107	129.924054097439153
2855.109375	3.000505447387695	0.036139912903309	0.036139912903309	129.924054097439153
