[INFO]
Keithley 2400
Meas Time: 2021/1/19 10:52:29
Params: GPIB address = GPIB0::21::INSTR; DataFile = D:\工艺实验\吴杰; Compliance  Level (0.1) = 0.100000000000000; Number of Points (5) = 100; Minimum Amplitude (1) = -3.000000000000000; Maximum Amplitude (2) = 3.000000000000000; Timeout (100000 ms) = 100000; Source Mode  (0: Voltage) = 0; 4-wire? = FALSE; delay(S) = 0.000000000000000; Start = ; 

[COMMENT]


[DATA]
time (s)	Voltage (V)	Current (A)	absCurrent (A)	Fitting Resistance (Ohms)

10516.068359375	-3.000732421875	-0.00011601310689	0.00011601310689	31.730613834729652
10516.1103515625	-2.940349578857422	-0.000115956412628	0.000115956412628	31.730613834729652
10516.15234375	-2.879610061645508	-0.000115881557576	0.000115881557576	31.730613834729652
10516.1943359375	-2.818523406982422	-0.000115766539238	0.000115766539238	31.730613834729652
10516.236328125	-2.758108139038086	-0.00011562241707	0.00011562241707	31.730613834729652
10516.2783203125	-2.697420120239258	-0.00011543778237	0.00011543778237	31.730613834729652
10516.3203125	-2.636838912963867	-0.000115245231427	0.000115245231427	31.730613834729652
10516.3623046875	-2.576574325561523	-0.000115060829557	0.000115060829557	31.730613834729652
10516.404296875	-2.515647888183594	-0.000114847556688	0.000114847556688	31.730613834729652
10516.4462890625	-2.455049514770508	-0.000114602735266	0.000114602735266	31.730613834729652
10516.48828125	-2.394779205322266	-0.000114332651719	0.000114332651719	31.730613834729652
10516.5302734375	-2.334192276000977	-0.000114062451757	0.000114062451757	31.730613834729652
10516.572265625	-2.273273468017578	-0.000113792251796	0.000113792251796	31.730613834729652
10516.6142578125	-2.212985992431641	-0.000113505288027	0.000113505288027	31.730613834729652
10516.65625	-2.152395248413086	-0.000113165122457	0.000113165122457	31.730613834729652
10516.6982421875	-2.092155456542969	-0.000112828332931	0.000112828332931	31.730613834729652
10516.740234375	-2.031538009643555	-0.000112475361675	0.000112475361675	31.730613834729652
10516.7822265625	-1.970670700073242	-0.000112105975859	0.000112105975859	31.730613834729652
10516.82421875	-1.910434722900391	-0.000111721688882	0.000111721688882	31.730613834729652
10516.8662109375	-1.849809646606445	-0.000111288274638	0.000111288274638	31.730613834729652
10516.908203125	-1.789566040039062	-0.000110833905637	0.000110833905637	31.730613834729652
10516.9501953125	-1.728981018066406	-0.000110372668132	0.000110372668132	31.730613834729652
10516.9921875	-1.668014526367187	-0.000109891174361	0.000109891174361	31.730613834729652
10517.0341796875	-1.607767105102539	-0.000109359389171	0.000109359389171	31.730613834729652
10517.076171875	-1.547170639038086	-0.000108810258098	0.000108810258098	31.730613834729652
10517.1181640625	-1.486902236938477	-0.00010823959019	0.00010823959019	31.730613834729652
10517.16015625	-1.425958633422852	-0.000107639003545	0.000107639003545	31.730613834729652
10517.2021484375	-1.365364074707031	-0.000106986844912	0.000106986844912	31.730613834729652
10517.244140625	-1.305049896240234	-0.000106311170384	0.000106311170384	31.730613834729652
10517.2861328125	-1.244300842285156	-0.000105570536107	0.000105570536107	31.730613834729652
10517.328125	-1.183568954467773	-0.000104823266156	0.000104823266156	31.730613834729652
10517.3701171875	-1.122495651245117	-0.00010400719475	0.00010400719475	31.730613834729652
10517.412109375	-1.062093734741211	-0.000103150261566	0.000103150261566	31.730613834729652
10517.4541015625	-1.0013427734375	-0.00010222743731	0.00010222743731	31.730613834729652
10517.49609375	-0.940956115722656	-0.000101253855973	0.000101253855973	31.730613834729652
10517.5380859375	-0.880224227905273	-0.000100229866803	0.000100229866803	31.730613834729652
10517.630859375	-0.819343566894531	-9.91096458164975E-5	9.91096458164975E-5	31.730613834729652
10517.6728515625	-0.758941650390625	-9.796011727303267E-5	9.796011727303267E-5	31.730613834729652
10517.71484375	-0.698205947875977	-9.669802966527641E-5	9.669802966527641E-5	31.730613834729652
10517.7568359375	-0.637784957885742	-9.536297875456512E-5	9.536297875456512E-5	31.730613834729652
10517.798828125	-0.577110290527344	-9.394616063218564E-5	9.394616063218564E-5	31.730613834729652
10517.8408203125	-0.516046524047852	-9.242037776857615E-5	9.242037776857615E-5	31.730613834729652
10517.8828125	-0.455629348754883	-9.077860158868134E-5	9.077860158868134E-5	31.730613834729652
10517.9248046875	-0.394882202148437	-8.899577369447798E-5	8.899577369447798E-5	31.730613834729652
10517.966796875	-0.334501266479492	-8.710168185643852E-5	8.710168185643852E-5	31.730613834729652
10518.0087890625	-0.273393630981445	-8.502649143338203E-5	8.502649143338203E-5	31.730613834729652
10518.05078125	-0.212656021118164	-8.278194582089782E-5	8.278194582089782E-5	31.730613834729652
10518.0927734375	-0.152265548706055	-8.034093480091542E-5	8.034093480091542E-5	31.730613834729652
10518.134765625	-0.091508865356445	-7.765178452245891E-5	7.765178452245891E-5	31.730613834729652
10518.1767578125	-0.031082153320312	-7.469994307029992E-5	7.469994307029992E-5	31.730613834729652
10518.21875	0.030677795410156	-7.125220145098865E-5	7.125220145098865E-5	31.730613834729652
10518.2607421875	0.091424942016602	-6.679761281702667E-5	6.679761281702667E-5	31.730613834729652
10518.302734375	0.15184211730957	-5.67400420550257E-5	5.67400420550257E-5	31.730613834729652
10518.458984375	0.212574005126953	1.48229787555465E-7	1.48229787555465E-7	31.730613834729652
10518.5478515625	0.273160934448242	0.000400208053179	0.000400208053179	31.730613834729652
10518.6826171875	0.334205627441406	0.001977164298296	0.001977164298296	31.730613834729652
10518.724609375	0.394992828369141	0.004776299931109	0.004776299931109	31.730613834729652
10518.7666015625	0.455448150634766	0.008268874138594	0.008268874138594	31.730613834729652
10518.8544921875	0.516059875488281	0.012195713818073	0.012195713818073	31.730613834729652
10518.896484375	0.577117919921875	0.016281507909298	0.016281507909298	31.730613834729652
10518.9384765625	0.637449264526367	0.020440980792046	0.020440980792046	31.730613834729652
10518.98046875	0.698215484619141	0.024701520800591	0.024701520800591	31.730613834729652
10519.0224609375	0.758611679077148	0.028975762426853	0.028975762426853	31.730613834729652
10519.064453125	0.819360733032227	0.033297255635262	0.033297255635262	31.730613834729652
10519.1064453125	0.880462646484375	0.037660352885723	0.037660352885723	31.730613834729652
10519.1484375	0.940851211547852	0.041982904076576	0.041982904076576	31.730613834729652
10519.1904296875	1.001607894897461	0.046367727220058	0.046367727220058	31.730613834729652
10519.232421875	1.062021255493164	0.050790995359421	0.050790995359421	31.730613834729652
10519.2744140625	1.12275505065918	0.055272333323956	0.055272333323956	31.730613834729652
10519.31640625	1.183832168579102	0.059781290590763	0.059781290590763	31.730613834729652
10519.3583984375	1.244253158569336	0.064255274832249	0.064255274832249	31.730613834729652
10519.400390625	1.304998397827148	0.068686604499817	0.068686604499817	31.730613834729652
10519.4423828125	1.365339279174805	0.07301077991724	0.07301077991724	31.730613834729652
10519.484375	1.425939559936523	0.077319592237473	0.077319592237473	31.730613834729652
10519.5263671875	1.486913681030273	0.081584647297859	0.081584647297859	31.730613834729652
10519.568359375	1.547214508056641	0.084727600216866	0.084727600216866	31.730613834729652
10519.6103515625	1.607753753662109	0.085600681602955	0.085600681602955	31.730613834729652
10519.65234375	1.668024063110352	0.089804485440254	0.089804485440254	31.730613834729652
10519.6943359375	1.728967666625977	0.093910291790962	0.093910291790962	31.730613834729652
10519.736328125	1.789669036865234	0.097538128495216	0.097538128495216	31.730613834729652
10519.7783203125	1.849948883056641	0.099666714668274	0.099666714668274	31.730613834729652
10519.8193359375	1.843124389648437	0.100002691149712	0.100002691149712	31.730613834729652
10519.8623046875	1.836318969726562	0.10000267624855	0.10000267624855	31.730613834729652
10519.904296875	1.831058502197266	0.100002653896809	0.100002653896809	31.730613834729652
10519.9462890625	1.822078704833984	0.100002638995647	0.100002638995647	31.730613834729652
10519.9892578125	1.819536209106445	0.100002638995647	0.100002638995647	31.730613834729652
10520.03125	1.818349838256836	0.100002609193325	0.100002609193325	31.730613834729652
10520.0732421875	1.818508148193359	0.100002609193325	0.100002609193325	31.730613834729652
10520.115234375	1.817792892456055	0.100002609193325	0.100002609193325	31.730613834729652
10520.158203125	1.817361831665039	0.100002579391003	0.100002579391003	31.730613834729652
10520.2001953125	1.816524505615234	0.100002601742744	0.100002601742744	31.730613834729652
10520.2421875	1.814743041992187	0.100002609193325	0.100002609193325	31.730613834729652
10520.2841796875	1.812322616577148	0.100002601742744	0.100002601742744	31.730613834729652
10520.3271484375	1.813823699951172	0.100002571940422	0.100002571940422	31.730613834729652
10520.369140625	1.812910079956055	0.100002557039261	0.100002557039261	31.730613834729652
10520.4111328125	1.812900543212891	0.100002601742744	0.100002601742744	31.730613834729652
10520.453125	1.810878753662109	0.100002579391003	0.100002579391003	31.730613834729652
10520.49609375	1.810400009155273	0.100002579391003	0.100002579391003	31.730613834729652
10520.5380859375	1.810400009155273	0.100002616643906	0.100002616643906	31.730613834729652
10520.580078125	1.809358596801758	0.100002579391003	0.100002579391003	31.730613834729652
