[INFO]
Keithley 2400
Meas Time: 2021/1/19 16:03:50
Params: GPIB address = GPIB0::21::INSTR; DataFile = D:\工艺实验\周强; Compliance  Level (0.1) = 0.100000000000000; Number of Points (5) = 300; Minimum Amplitude (1) = -3.000000000000000; Maximum Amplitude (2) = 4.000000000000000; Timeout (100000 ms) = 100000; Source Mode  (0: Voltage) = 0; 4-wire? = FALSE; delay(S) = 0.000000000000000; Start = ; 

[COMMENT]


[DATA]
time (s)	Voltage (V)	Current (A)	absCurrent (A)	Fitting Resistance (Ohms)

10934.796875	-3.000688552856445	-0.001493963412941	0.001493963412941	27.46083786023155
10934.8388671875	-2.977375030517578	-0.001494003459811	0.001494003459811	27.46083786023155
10934.880859375	-2.953689575195312	-0.001494217664003	0.001494217664003	27.46083786023155
10934.9228515625	-2.930690765380859	-0.001494265161455	0.001494265161455	27.46083786023155
10934.96484375	-2.907001495361328	-0.001493944786489	0.001493944786489	27.46083786023155
10935.0068359375	-2.883674621582031	-0.001493256539106	0.001493256539106	27.46083786023155
10935.048828125	-2.859981536865234	-0.001493185758591	0.001493185758591	27.46083786023155
10935.0908203125	-2.83665657043457	-0.001492942683399	0.001492942683399	27.46083786023155
10935.1328125	-2.81298828125	-0.001492426730692	0.001492426730692	27.46083786023155
10935.1748046875	-2.789999008178711	-0.001491581089795	0.001491581089795	27.46083786023155
10935.216796875	-2.766307830810547	-0.001491358503699	0.001491358503699	27.46083786023155
10935.2587890625	-2.742969512939453	-0.001490920782089	0.001490920782089	27.46083786023155
10935.30078125	-2.719274520874023	-0.001490415073931	0.001490415073931	27.46083786023155
10935.3427734375	-2.696010589599609	-0.001489546149969	0.001489546149969	27.46083786023155
10935.384765625	-2.672374725341797	-0.001488847658038	0.001488847658038	27.46083786023155
10935.4267578125	-2.649446487426758	-0.001488602720201	0.001488602720201	27.46083786023155
10935.46875	-2.625843048095703	-0.001488147303462	0.001488147303462	27.46083786023155
10935.5107421875	-2.602569580078125	-0.001487199217081	0.001487199217081	27.46083786023155
10935.552734375	-2.57893180847168	-0.001486400142312	0.001486400142312	27.46083786023155
10935.5947265625	-2.555631637573242	-0.001485868357122	0.001485868357122	27.46083786023155
10935.63671875	-2.532718658447266	-0.001485309563577	0.001485309563577	27.46083786023155
10935.6787109375	-2.509086608886719	-0.001484424807131	0.001484424807131	27.46083786023155
10935.720703125	-2.485467910766602	-0.001483454369009	0.001483454369009	27.46083786023155
10935.7626953125	-2.462203979492187	-0.001482811756432	0.001482811756432	27.46083786023155
10935.8046875	-2.43858528137207	-0.001482335850596	0.001482335850596	27.46083786023155
10935.8466796875	-2.415298461914062	-0.001481547020376	0.001481547020376	27.46083786023155
10935.888671875	-2.392358779907227	-0.001480452716351	0.001480452716351	27.46083786023155
10935.9306640625	-2.36872673034668	-0.001479466445744	0.001479466445744	27.46083786023155
10935.97265625	-2.345115661621094	-0.001478894613683	0.001478894613683	27.46083786023155
10936.0146484375	-2.321834564208984	-0.001478218473494	0.001478218473494	27.46083786023155
10936.056640625	-2.298206329345703	-0.001477137207985	0.001477137207985	27.46083786023155
10936.0986328125	-2.275287628173828	-0.001475983299315	0.001475983299315	27.46083786023155
10936.140625	-2.252010345458984	-0.001475224271417	0.001475224271417	27.46083786023155
10936.1826171875	-2.228385925292969	-0.001474517397583	0.001474517397583	27.46083786023155
10936.224609375	-2.205087661743164	-0.00147357955575	0.00147357955575	27.46083786023155
10936.265625	-2.181478500366211	-0.001472392119467	0.001472392119467	27.46083786023155
10936.3076171875	-2.157846450805664	-0.001471224240959	0.001471224240959	27.46083786023155
10936.349609375	-2.13490104675293	-0.001470463350415	0.001470463350415	27.46083786023155
10936.3916015625	-2.111644744873047	-0.001469722948968	0.001469722948968	27.46083786023155
10936.43359375	-2.08802604675293	-0.001468282192945	0.001468282192945	27.46083786023155
10936.4755859375	-2.064731597900391	-0.001466878689826	0.001466878689826	27.46083786023155
10936.517578125	-2.041107177734375	-0.001466217450798	0.001466217450798	27.46083786023155
10936.5595703125	-2.017543792724609	-0.001465267501771	0.001465267501771	27.46083786023155
10936.6015625	-1.994619369506836	-0.001464089378715	0.001464089378715	27.46083786023155
10936.6435546875	-1.971336364746094	-0.001462616957724	0.001462616957724	27.46083786023155
10936.685546875	-1.947710037231445	-0.001461623236537	0.001461623236537	27.46083786023155
10936.7275390625	-1.924444198608398	-0.001460586674511	0.001460586674511	27.46083786023155
10936.76953125	-1.900825500488281	-0.001459334976971	0.001459334976971	27.46083786023155
10936.8115234375	-1.877880096435547	-0.001457992009819	0.001457992009819	27.46083786023155
10936.853515625	-1.854244232177734	-0.001456532627344	0.001456532627344	27.46083786023155
10936.8955078125	-1.830982208251953	-0.001455380581319	0.001455380581319	27.46083786023155
10936.9375	-1.807350158691406	-0.001454252749681	0.001454252749681	27.46083786023155
10936.9794921875	-1.784067153930664	-0.001452694647014	0.001452694647014	27.46083786023155
10937.021484375	-1.760461807250977	-0.001451104879379	0.001451104879379	27.46083786023155
10937.0634765625	-1.737527847290039	-0.001449959352612	0.001449959352612	27.46083786023155
10937.10546875	-1.713893890380859	-0.001448634080589	0.001448634080589	27.46083786023155
10937.1474609375	-1.690603256225586	-0.00144724920392	0.00144724920392	27.46083786023155
10937.189453125	-1.666980743408203	-0.00144553463906	0.00144553463906	27.46083786023155
10937.2314453125	-1.643714904785156	-0.001443828456104	0.001443828456104	27.46083786023155
10937.2734375	-1.620082855224609	-0.001442679204047	0.001442679204047	27.46083786023155
10937.3154296875	-1.597139358520508	-0.001441230066121	0.001441230066121	27.46083786023155
10937.357421875	-1.573537826538086	-0.001439482904971	0.001439482904971	27.46083786023155
10937.3994140625	-1.550254821777344	-0.001437583006918	0.001437583006918	27.46083786023155
10937.44140625	-1.526626586914062	-0.00143604632467	0.00143604632467	27.46083786023155
10937.4833984375	-1.503330230712891	-0.001434497535229	0.001434497535229	27.46083786023155
10937.525390625	-1.48040771484375	-0.001432880759239	0.001432880759239	27.46083786023155
10937.5673828125	-1.45677375793457	-0.001430938951671	0.001430938951671	27.46083786023155
10937.609375	-1.43315315246582	-0.001428999006748	0.001428999006748	27.46083786023155
10937.6513671875	-1.409881591796875	-0.001427427865565	0.001427427865565	27.46083786023155
10937.693359375	-1.386257171630859	-0.001425749622285	0.001425749622285	27.46083786023155
10937.7353515625	-1.362966537475586	-0.001423469744623	0.001423469744623	27.46083786023155
10937.77734375	-1.340023040771484	-0.001421469263732	0.001421469263732	27.46083786023155
10937.8193359375	-1.316354751586914	-0.001419571228325	0.001419571228325	27.46083786023155
10937.861328125	-1.293031692504883	-0.001417813822627	0.001417813822627	27.46083786023155
10937.9033203125	-1.269344329833984	-0.001415513455868	0.001415513455868	27.46083786023155
10937.9443359375	-1.24566650390625	-0.001413107849658	0.001413107849658	27.46083786023155
10937.986328125	-1.222339630126953	-0.001411165110767	0.001411165110767	27.46083786023155
10938.0283203125	-1.199352264404297	-0.001409191638231	0.001409191638231	27.46083786023155
10938.0703125	-1.175662994384766	-0.001406970433891	0.001406970433891	27.46083786023155
10938.1123046875	-1.152320861816406	-0.001404306851327	0.001404306851327	27.46083786023155
10938.154296875	-1.128658294677734	-0.001401827670634	0.001401827670634	27.46083786023155
10938.1962890625	-1.104961395263672	-0.001399721950293	0.001399721950293	27.46083786023155
10938.23828125	-1.081979751586914	-0.001397463493049	0.001397463493049	27.46083786023155
10938.2802734375	-1.058652877807617	-0.001394776627421	0.001394776627421	27.46083786023155
10938.322265625	-1.034978866577148	-0.001391875557601	0.001391875557601	27.46083786023155
10938.3642578125	-1.011621475219727	-0.001389504410326	0.001389504410326	27.46083786023155
10938.40625	-0.987936019897461	-0.001387015916407	0.001387015916407	27.46083786023155
10938.4482421875	-0.964262008666992	-0.001384120434523	0.001384120434523	27.46083786023155
10938.490234375	-0.941274642944336	-0.001381150446832	0.001381150446832	27.46083786023155
10938.5322265625	-0.91792106628418	-0.001378195360303	0.001378195360303	27.46083786023155
10938.57421875	-0.894252777099609	-0.001375455409288	0.001375455409288	27.46083786023155
10938.6162109375	-0.870937347412109	-0.001372612081468	0.001372612081468	27.46083786023155
10938.658203125	-0.847257614135742	-0.001369245350361	0.001369245350361	27.46083786023155
10938.7001953125	-0.823911666870117	-0.00136585906148	0.00136585906148	27.46083786023155
10938.7421875	-0.800563812255859	-0.00136277358979	0.00136277358979	27.46083786023155
10938.7841796875	-0.777236938476562	-0.001359790563583	0.001359790563583	27.46083786023155
10938.826171875	-0.753543853759766	-0.001356229186058	0.001356229186058	27.46083786023155
10938.8681640625	-0.73021125793457	-0.001352439634502	0.001352439634502	27.46083786023155
10938.91015625	-0.706550598144531	-0.001348847523332	0.001348847523332	27.46083786023155
10938.9521484375	-0.683551788330078	-0.001345465891063	0.001345465891063	27.46083786023155
10938.994140625	-0.659870147705078	-0.001341798342764	0.001341798342764	27.46083786023155
10939.0361328125	-0.636512756347656	-0.001337657682598	0.001337657682598	27.46083786023155
10939.078125	-0.612911224365234	-0.001333490014076	0.001333490014076	27.46083786023155
10939.1201171875	-0.58958625793457	-0.001329618506134	0.001329618506134	27.46083786023155
10939.162109375	-0.565900802612305	-0.001325529068708	0.001325529068708	27.46083786023155
10939.2041015625	-0.542901992797852	-0.001321208663285	0.001321208663285	27.46083786023155
10939.24609375	-0.519584655761719	-0.001316546462476	0.001316546462476	27.46083786023155
10939.2880859375	-0.495903015136719	-0.001311933621764	0.001311933621764	27.46083786023155
10939.330078125	-0.472198486328125	-0.001307439990342	0.001307439990342	27.46083786023155
10939.3720703125	-0.448883056640625	-0.00130255240947	0.00130255240947	27.46083786023155
10939.4140625	-0.425893783569336	-0.001297536306083	0.001297536306083	27.46083786023155
10939.4560546875	-0.402206420898437	-0.001292219385505	0.001292219385505	27.46083786023155
10939.498046875	-0.378877639770508	-0.001287112012506	0.001287112012506	27.46083786023155
10939.5400390625	-0.35521125793457	-0.001281702890992	0.001281702890992	27.46083786023155
10939.58203125	-0.331539154052734	-0.001275876536965	0.001275876536965	27.46083786023155
10939.6240234375	-0.308174133300781	-0.001269710250199	0.001269710250199	27.46083786023155
10939.666015625	-0.285175323486328	-0.001263895072043	0.001263895072043	27.46083786023155
10939.7080078125	-0.261507034301758	-0.001257755793631	0.001257755793631	27.46083786023155
10939.75	-0.238189697265625	-0.001251210458577	0.001251210458577	27.46083786023155
10939.791015625	-0.214500427246094	-0.001244183629751	0.001244183629751	27.46083786023155
10939.8330078125	-0.190793991088867	-0.001236958429217	0.001236958429217	27.46083786023155
10939.875	-0.167488098144531	-0.001229756511748	0.001229756511748	27.46083786023155
10939.9169921875	-0.144498825073242	-0.001221623271704	0.001221623271704	27.46083786023155
10939.958984375	-0.120800018310547	-0.00121190585196	0.00121190585196	27.46083786023155
10940.0009765625	-0.09745979309082	-0.001200206577778	0.001200206577778	27.46083786023155
10940.04296875	-0.07379150390625	-0.001184177584946	0.001184177584946	27.46083786023155
10940.0849609375	-0.050458908081055	-0.001160589046776	0.001160589046776	27.46083786023155
10940.126953125	-0.027120590209961	-0.001125289127231	0.001125289127231	27.46083786023155
10940.1689453125	-0.003787994384766	-0.001075769774616	0.001075769774616	27.46083786023155
10940.2119140625	0.02012825012207	-0.001010468229651	0.001010468229651	27.46083786023155
10940.30078125	0.043655395507812	-0.00093341304455	0.00093341304455	27.46083786023155
10940.3427734375	0.067031860351562	-0.000847740680911	0.000847740680911	27.46083786023155
10940.384765625	0.090732574462891	-0.000752078020014	0.000752078020014	27.46083786023155
10940.4267578125	0.113735198974609	-0.00065219507087	0.00065219507087	27.46083786023155
10940.46875	0.137447357177734	-0.00054234219715	0.00054234219715	27.46083786023155
10940.5107421875	0.160812377929687	-0.000425999285653	0.000425999285653	27.46083786023155
10940.552734375	0.184518814086914	-0.000295818434097	0.000295818434097	27.46083786023155
10940.5947265625	0.207862854003906	-0.000145962345414	0.000145962345414	27.46083786023155
10940.6875	0.231670379638672	5.117628461448476E-5	5.117628461448476E-5	27.46083786023155
10940.8232421875	0.254629135131836	0.000324925233144	0.000324925233144	27.46083786023155
10940.865234375	0.278387069702148	0.00073438952677	0.00073438952677	27.46083786023155
10941	0.301597595214844	0.001383406110108	0.001383406110108	27.46083786023155
10941.0419921875	0.325298309326172	0.002268862910569	0.002268862910569	27.46083786023155
10941.083984375	0.348659515380859	0.003381813876331	0.003381813876331	27.46083786023155
10941.1259765625	0.371652603149414	0.00467545632273	0.00467545632273	27.46083786023155
10941.1669921875	0.395374298095703	0.006166859529912	0.006166859529912	27.46083786023155
10941.208984375	0.419092178344727	0.007786060217768	0.007786060217768	27.46083786023155
10941.2509765625	0.44245719909668	0.009475992061198	0.009475992061198	27.46083786023155
10941.33984375	0.46595573425293	0.011290907859802	0.011290907859802	27.46083786023155
10941.3818359375	0.489303588867187	0.013109594583511	0.013109594583511	27.46083786023155
10941.423828125	0.512308120727539	0.014950945973396	0.014950945973396	27.46083786023155
10941.4658203125	0.535987854003906	0.016884028911591	0.016884028911591	27.46083786023155
10941.5078125	0.559658050537109	0.018847428262234	0.018847428262234	27.46083786023155
10941.5498046875	0.582990646362305	0.020806536078453	0.020806536078453	27.46083786023155
10941.591796875	0.606679916381836	0.02281492203474	0.02281492203474	27.46083786023155
10941.6337890625	0.630014419555664	0.024810403585434	0.024810403585434	27.46083786023155
10941.67578125	0.652946472167969	0.026783667504787	0.026783667504787	27.46083786023155
10941.7177734375	0.676630020141602	0.028832547366619	0.028832547366619	27.46083786023155
10941.7587890625	0.699979782104492	0.030859656631947	0.030859656631947	27.46083786023155
10941.80078125	0.723638534545898	0.032921954989433	0.032921954989433	27.46083786023155
10941.8427734375	0.747322082519531	0.03499448299408	0.03499448299408	27.46083786023155
10941.884765625	0.770339965820312	0.037010475993156	0.037010475993156	27.46083786023155
10941.9267578125	0.793668746948242	0.039060443639755	0.039060443639755	27.46083786023155
10941.96875	0.817342758178711	0.041139468550682	0.041139468550682	27.46083786023155
10942.0107421875	0.840690612792969	0.043199643492699	0.043199643492699	27.46083786023155
10942.052734375	0.864387512207031	0.045294441282749	0.045294441282749	27.46083786023155
10942.0947265625	0.888067245483398	0.047388277947903	0.047388277947903	27.46083786023155
10942.13671875	0.911054611206055	0.049430929124355	0.049430929124355	27.46083786023155
10942.1787109375	0.934389114379883	0.051501505076885	0.051501505076885	27.46083786023155
10942.220703125	0.958076477050781	0.053592279553413	0.053592279553413	27.46083786023155
10942.2626953125	0.981409072875977	0.055648364126682	0.055648364126682	27.46083786023155
10942.3046875	1.005090713500977	0.05774362385273	0.05774362385273	27.46083786023155
10942.3466796875	1.028432846069336	0.059859931468964	0.059859931468964	27.46083786023155
10942.388671875	1.051780700683594	0.061966963112354	0.061966963112354	27.46083786023155
10942.4306640625	1.075088500976562	0.064074337482452	0.064074337482452	27.46083786023155
10942.47265625	1.098783493041992	0.066190324723721	0.066190324723721	27.46083786023155
10942.5146484375	1.122127532958984	0.068249501287937	0.068249501287937	27.46083786023155
10942.556640625	1.145814895629883	0.070320323109627	0.070320323109627	27.46083786023155
10942.5986328125	1.16880989074707	0.072307698428631	0.072307698428631	27.46083786023155
10942.640625	1.192140579223633	0.074334427714348	0.074334427714348	27.46083786023155
10942.6826171875	1.215837478637695	0.07635747641325	0.07635747641325	27.46083786023155
10942.724609375	1.239524841308594	0.078360758721828	0.078360758721828	27.46083786023155
10942.7666015625	1.262845993041992	0.080336160957813	0.080336160957813	27.46083786023155
10942.80859375	1.286525726318359	0.082305379211903	0.082305379211903	27.46083786023155
10942.8505859375	1.309528350830078	0.084202788770199	0.084202788770199	27.46083786023155
10942.8916015625	1.332853317260742	0.086101092398167	0.086101092398167	27.46083786023155
10942.93359375	1.356510162353516	0.088019669055939	0.088019669055939	27.46083786023155
10942.9755859375	1.38014030456543	0.089936517179012	0.089936517179012	27.46083786023155
10943.017578125	1.403434753417969	0.09180810302496	0.09180810302496	27.46083786023155
10943.0595703125	1.426361083984375	0.093623138964176	0.093623138964176	27.46083786023155
10943.1015625	1.449991226196289	0.095486521720886	0.095486521720886	27.46083786023155
10943.1435546875	1.47327995300293	0.097311779856682	0.097311779856682	27.46083786023155
10943.185546875	1.49690055847168	0.099140718579292	0.099140718579292	27.46083786023155
10943.2275390625	1.50691032409668	0.100002981722355	0.100002981722355	27.46083786023155
10943.26953125	1.506088256835937	0.100002974271774	0.100002974271774	27.46083786023155
10943.3125	1.505466461181641	0.100002951920033	0.100002951920033	27.46083786023155
10943.3544921875	1.504901885986328	0.100002989172935	0.100002989172935	27.46083786023155
10943.396484375	1.504436492919922	0.100002959370613	0.100002959370613	27.46083786023155
10943.4384765625	1.504047393798828	0.100002944469452	0.100002944469452	27.46083786023155
10943.4814453125	1.503686904907227	0.10000291466713	0.10000291466713	27.46083786023155
10943.5234375	1.503368377685547	0.100002951920033	0.100002951920033	27.46083786023155
10943.5654296875	1.503007888793945	0.100002937018871	0.100002937018871	27.46083786023155
10943.607421875	1.502691268920898	0.100002907216549	0.100002907216549	27.46083786023155
10943.650390625	1.502340316772461	0.100002966821194	0.100002966821194	27.46083786023155
10943.6923828125	1.502101898193359	0.100002951920033	0.100002951920033	27.46083786023155
10943.734375	1.501848220825195	0.100002951920033	0.100002951920033	27.46083786023155
10943.7763671875	1.501632690429687	0.100002937018871	0.100002937018871	27.46083786023155
10943.8193359375	1.501382827758789	0.100002981722355	0.100002981722355	27.46083786023155
10943.861328125	1.501157760620117	0.100002951920033	0.100002951920033	27.46083786023155
10943.9033203125	1.500970840454102	0.100002944469452	0.100002944469452	27.46083786023155
10943.9453125	1.500764846801758	0.100002951920033	0.100002951920033	27.46083786023155
10943.98828125	1.5006103515625	0.100002929568291	0.100002929568291	27.46083786023155
10944.0302734375	1.500444412231445	0.10000292211771	0.10000292211771	27.46083786023155
10944.072265625	1.50025749206543	0.100002966821194	0.100002966821194	27.46083786023155
10944.1142578125	1.500118255615234	0.100002951920033	0.100002951920033	27.46083786023155
10944.1572265625	1.500005722045898	0.100002937018871	0.100002937018871	27.46083786023155
10944.19921875	1.499851226806641	0.100002937018871	0.100002937018871	27.46083786023155
10944.2412109375	1.499727249145508	0.100002951920033	0.100002951920033	27.46083786023155
10944.283203125	1.499652862548828	0.100002937018871	0.100002937018871	27.46083786023155
10944.326171875	1.499555587768555	0.100002944469452	0.100002944469452	27.46083786023155
10944.3681640625	1.499452590942383	0.100002951920033	0.100002951920033	27.46083786023155
10944.41015625	1.499334335327148	0.100002944469452	0.100002944469452	27.46083786023155
10944.4521484375	1.499248504638672	0.100002937018871	0.100002937018871	27.46083786023155
10944.4951171875	1.499147415161133	0.100002907216549	0.100002907216549	27.46083786023155
10944.537109375	1.498815536499023	0.100002929568291	0.100002929568291	27.46083786023155
10944.5791015625	1.498554229736328	0.100002974271774	0.100002974271774	27.46083786023155
10944.62109375	1.498357772827148	0.100002966821194	0.100002966821194	27.46083786023155
10944.6640625	1.498186111450195	0.100002951920033	0.100002951920033	27.46083786023155
10944.7060546875	1.498039245605469	0.100002951920033	0.100002951920033	27.46083786023155
10944.748046875	1.497903823852539	0.100002951920033	0.100002951920033	27.46083786023155
10944.791015625	1.497737884521484	0.100002966821194	0.100002966821194	27.46083786023155
10944.8330078125	1.497663497924805	0.100002899765968	0.100002899765968	27.46083786023155
10944.875	1.497516632080078	0.100002929568291	0.100002929568291	27.46083786023155
10944.9169921875	1.497413635253906	0.100002907216549	0.100002907216549	27.46083786023155
10944.9599609375	1.497339248657227	0.100002907216549	0.100002907216549	27.46083786023155
10945.001953125	1.497245788574219	0.100002929568291	0.100002929568291	27.46083786023155
10945.0439453125	1.497135162353516	0.100002959370613	0.100002959370613	27.46083786023155
10945.0859375	1.497077941894531	0.100002937018871	0.100002937018871	27.46083786023155
10945.12890625	1.496973037719727	0.100002951920033	0.100002951920033	27.46083786023155
10945.1708984375	1.496892929077148	0.100002929568291	0.100002929568291	27.46083786023155
10945.212890625	1.496761322021484	0.10000292211771	0.10000292211771	27.46083786023155
10945.2548828125	1.496669769287109	0.100002937018871	0.100002937018871	27.46083786023155
10945.2978515625	1.496591567993164	0.100002937018871	0.100002937018871	27.46083786023155
10945.33984375	1.496498107910156	0.100002951920033	0.100002951920033	27.46083786023155
10945.3818359375	1.496417999267578	0.100002929568291	0.100002929568291	27.46083786023155
10945.423828125	1.496307373046875	0.100002951920033	0.100002951920033	27.46083786023155
10945.466796875	1.49622917175293	0.100002937018871	0.100002937018871	27.46083786023155
10945.5087890625	1.496129989624023	0.100002929568291	0.100002929568291	27.46083786023155
10945.55078125	1.496068954467773	0.100002937018871	0.100002937018871	27.46083786023155
10945.59375	1.49601936340332	0.100003011524677	0.100003011524677	27.46083786023155
10945.6357421875	1.495954513549805	0.100002944469452	0.100002944469452	27.46083786023155
10945.677734375	1.495901107788086	0.100002951920033	0.100002951920033	27.46083786023155
10945.7197265625	1.495851516723633	0.100002974271774	0.100002974271774	27.46083786023155
10945.7626953125	1.49580192565918	0.10000292211771	0.10000292211771	27.46083786023155
10945.8046875	1.495748519897461	0.100002929568291	0.100002929568291	27.46083786023155
10945.8466796875	1.495697021484375	0.100002937018871	0.100002937018871	27.46083786023155
10945.888671875	1.495647430419922	0.100002974271774	0.100002974271774	27.46083786023155
10945.931640625	1.495626449584961	0.100002937018871	0.100002937018871	27.46083786023155
10945.9736328125	1.495584487915039	0.100002966821194	0.100002966821194	27.46083786023155
10946.015625	1.495525360107422	0.100002944469452	0.100002944469452	27.46083786023155
10946.0576171875	1.495513916015625	0.100002937018871	0.100002937018871	27.46083786023155
10946.1005859375	1.495464324951172	0.100002966821194	0.100002966821194	27.46083786023155
10946.142578125	1.495405197143555	0.100002944469452	0.100002944469452	27.46083786023155
10946.1845703125	1.495363235473633	0.100002959370613	0.100002959370613	27.46083786023155
10946.2265625	1.495326995849609	0.100002989172935	0.100002989172935	27.46083786023155
10946.26953125	1.495277404785156	0.100002959370613	0.100002959370613	27.46083786023155
10946.3115234375	1.495241165161133	0.100002937018871	0.100002937018871	27.46083786023155
10946.353515625	1.495187759399414	0.100002937018871	0.100002937018871	27.46083786023155
10946.396484375	1.495147705078125	0.100002944469452	0.100002944469452	27.46083786023155
10946.4384765625	1.49513053894043	0.10000291466713	0.10000291466713	27.46083786023155
10946.48046875	1.495115280151367	0.100002899765968	0.100002899765968	27.46083786023155
10946.5224609375	1.495046615600586	0.100002937018871	0.100002937018871	27.46083786023155
10946.5654296875	1.4949951171875	0.100002966821194	0.100002966821194	27.46083786023155
10946.607421875	1.494970321655273	0.100002944469452	0.100002944469452	27.46083786023155
10946.6494140625	1.494930267333984	0.100002944469452	0.100002944469452	27.46083786023155
10946.69140625	1.494882583618164	0.100002951920033	0.100002951920033	27.46083786023155
10946.734375	1.494827270507812	0.100002944469452	0.100002944469452	27.46083786023155
10946.7763671875	1.494787216186523	0.100002951920033	0.100002951920033	27.46083786023155
10946.818359375	1.494729995727539	0.100002974271774	0.100002974271774	27.46083786023155
10946.8603515625	1.494716644287109	0.100002944469452	0.100002944469452	27.46083786023155
10946.9033203125	1.494665145874023	0.100002959370613	0.100002959370613	27.46083786023155
10946.9453125	1.49461555480957	0.100002951920033	0.100002951920033	27.46083786023155
10946.9873046875	1.494552612304687	0.100002944469452	0.100002944469452	27.46083786023155
10947.029296875	1.494501113891602	0.100002974271774	0.100002974271774	27.46083786023155
10947.072265625	1.494483947753906	0.100002989172935	0.100002989172935	27.46083786023155
10947.1142578125	1.494424819946289	0.100002937018871	0.100002937018871	27.46083786023155
10947.15625	1.494384765625	0.100002951920033	0.100002951920033	27.46083786023155
10947.19921875	1.494390487670898	0.100002966821194	0.100002966821194	27.46083786023155
10947.2412109375	1.494350433349609	0.100002944469452	0.100002944469452	27.46083786023155
10947.283203125	1.494331359863281	0.100002951920033	0.100002951920033	27.46083786023155
10947.3251953125	1.494325637817383	0.100002944469452	0.100002944469452	27.46083786023155
10947.3681640625	1.494279861450195	0.100002996623516	0.100002996623516	27.46083786023155
10947.41015625	1.494243621826172	0.10000291466713	0.10000291466713	27.46083786023155
10947.4521484375	1.494230270385742	0.10000291466713	0.10000291466713	27.46083786023155
10947.494140625	1.494182586669922	0.100002959370613	0.100002959370613	27.46083786023155
10947.537109375	1.494174957275391	0.100002951920033	0.100002951920033	27.46083786023155
10947.5791015625	1.494132995605469	0.100002944469452	0.100002944469452	27.46083786023155
10947.62109375	1.494102478027344	0.100002974271774	0.100002974271774	27.46083786023155
10947.6630859375	1.494071960449219	0.100002974271774	0.100002974271774	27.46083786023155
10947.7060546875	1.494043350219727	0.100002951920033	0.100002951920033	27.46083786023155
