[INFO]
Keithley 2400
Meas Time: 2021/1/19 9:39:06
Params: GPIB address = GPIB0::21::INSTR; DataFile = D:\工艺实验\周汉涛; Compliance  Level (0.1) = 0.100000000000000; Number of Points (5) = 100; Minimum Amplitude (1) = -3.000000000000000; Maximum Amplitude (2) = 3.000000000000000; Timeout (100000 ms) = 100000; Source Mode  (0: Voltage) = 0; 4-wire? = FALSE; delay(S) = 0.000000000000000; Start = ; 

[COMMENT]


[DATA]
time (s)	Voltage (V)	Current (A)	absCurrent (A)	Fitting Resistance (Ohms)

6113.12011718749999	-3.0009765625	-9.215297177433968E-5	9.215297177433968E-5	38.133476670748479
6113.16210937499999	-2.940593719482422	-9.25272615859285E-5	9.25272615859285E-5	38.133476670748479
6113.20410156249999	-2.879842758178711	-9.26063657971099E-5	9.26063657971099E-5	38.133476670748479
6113.24609374999999	-2.818759918212891	-9.262410458177328E-5	9.262410458177328E-5	38.133476670748479
6113.28808593749999	-2.758367538452148	-9.260664228349924E-5	9.260664228349924E-5	38.133476670748479
6113.33007812499999	-2.697675704956055	-9.254548058379442E-5	9.254548058379442E-5	38.133476670748479
6113.37207031249999	-2.637086868286133	-9.246295667253435E-5	9.246295667253435E-5	38.133476670748479
6113.41406249999999	-2.576826095581055	-9.236847108695656E-5	9.236847108695656E-5	38.133476670748479
6113.45605468749999	-2.515895843505859	-9.226256224792451E-5	9.226256224792451E-5	38.133476670748479
6113.49804687499999	-2.455305099487305	-9.213419980369508E-5	9.213419980369508E-5	38.133476670748479
6113.54003906249999	-2.395036697387695	-9.198558109346777E-5	9.198558109346777E-5	38.133476670748479
6113.58203124999999	-2.33442497253418	-9.182306530419737E-5	9.182306530419737E-5	38.133476670748479
6113.62402343749999	-2.273515701293945	-9.1662208433263E-5	9.1662208433263E-5	38.133476670748479
6113.66601562499999	-2.213237762451172	-9.148463141173124E-5	9.148463141173124E-5	38.133476670748479
6113.70800781249999	-2.152647018432617	-9.128029341809452E-5	9.128029341809452E-5	38.133476670748479
6113.74999999999999	-2.092399597167969	-9.106143261305988E-5	9.106143261305988E-5	38.133476670748479
6113.79199218749999	-2.031763076782227	-9.083824988920242E-5	9.083824988920242E-5	38.133476670748479
6113.83398437499999	-1.970903396606445	-9.060035517904907E-5	9.060035517904907E-5	38.133476670748479
6113.87597656249999	-1.910680770874023	-9.034841787070036E-5	9.034841787070036E-5	38.133476670748479
6113.91796874999999	-1.850059509277344	-9.005884930957109E-5	9.005884930957109E-5	38.133476670748479
6113.95996093749999	-1.789793014526367	-8.976565732154995E-5	8.976565732154995E-5	38.133476670748479
6114.00195312499999	-1.729209899902344	-8.946366142481565E-5	8.946366142481565E-5	38.133476670748479
6114.04394531249999	-1.668251037597656	-8.913323108572513E-5	8.913323108572513E-5	38.133476670748479
6114.08593749999999	-1.608005523681641	-8.877924119587988E-5	8.877924119587988E-5	38.133476670748479
6114.12792968749999	-1.547405242919922	-8.839905785862356E-5	8.839905785862356E-5	38.133476670748479
6114.16992187499999	-1.487140655517578	-8.800068462733179E-5	8.800068462733179E-5	38.133476670748479
6114.21191406249999	-1.426183700561523	-8.758662443142384E-5	8.758662443142384E-5	38.133476670748479
6114.25390624999999	-1.365581512451172	-8.71405063662678E-5	8.71405063662678E-5	38.133476670748479
6114.29589843749999	-1.305273056030273	-8.665982750244439E-5	8.665982750244439E-5	38.133476670748479
6114.33789062499999	-1.2445068359375	-8.614300168119371E-5	8.614300168119371E-5	38.133476670748479
6114.37988281249999	-1.183778762817383	-8.560580317862332E-5	8.560580317862332E-5	38.133476670748479
6114.42187499999999	-1.122707366943359	-8.503480057697743E-5	8.503480057697743E-5	38.133476670748479
6114.46386718749999	-1.062309265136719	-8.441711543127894E-5	8.441711543127894E-5	38.133476670748479
6114.50585937499999	-1.001552581787109	-8.375647303182632E-5	8.375647303182632E-5	38.133476670748479
6114.54785156249999	-0.941165924072266	-8.305904339067638E-5	8.305904339067638E-5	38.133476670748479
6114.58984374999999	-0.880434036254883	-8.231929678004235E-5	8.231929678004235E-5	38.133476670748479
6114.63183593749999	-0.819341659545898	-8.152068767230958E-5	8.152068767230958E-5	38.133476670748479
6114.67382812499999	-0.758941650390625	-8.06554890004918E-5	8.06554890004918E-5	38.133476670748479
6114.71582031249999	-0.698196411132812	-7.972322055138648E-5	7.972322055138648E-5	38.133476670748479
6114.75781249999999	-0.637771606445312	-7.874204311519861E-5	7.874204311519861E-5	38.133476670748479
6114.79980468749999	-0.577114105224609	-7.768152863718569E-5	7.768152863718569E-5	38.133476670748479
6114.84179687499999	-0.51603889465332	-7.652673230040818E-5	7.652673230040818E-5	38.133476670748479
6114.88378906249999	-0.455615997314453	-7.528041896875948E-5	7.528041896875948E-5	38.133476670748479
6114.92578124999999	-0.394863128662109	-7.392148836515844E-5	7.392148836515844E-5	38.133476670748479
6114.96777343749999	-0.334489822387695	-7.247198664117604E-5	7.247198664117604E-5	38.133476670748479
6115.00976562499999	-0.273391723632812	-7.086768164299428E-5	7.086768164299428E-5	38.133476670748479
6115.05175781249999	-0.212648391723633	-6.911333184689283E-5	6.911333184689283E-5	38.133476670748479
6115.09374999999999	-0.152263641357422	-6.719444354530424E-5	6.719444354530424E-5	38.133476670748479
6115.13574218749999	-0.09150505065918	-6.506768113467842E-5	6.506768113467842E-5	38.133476670748479
6115.17773437499999	-0.031097412109375	-6.272595783229917E-5	6.272595783229917E-5	38.133476670748479
6115.21972656249999	0.03068733215332	-5.996802065055817E-5	5.996802065055817E-5	38.133476670748479
6115.26171874999999	0.091436386108398	-5.627902282867581E-5	5.627902282867581E-5	38.133476670748479
6115.30371093749999	0.151849746704102	-4.626443842425942E-5	4.626443842425942E-5	38.133476670748479
6115.34570312499999	0.212703704833984	1.425610389560461E-5	1.425610389560461E-5	38.133476670748479
6115.48144531249999	0.273155212402344	0.000406831095461	0.000406831095461	38.133476670748479
6115.61523437499999	0.334199905395508	0.001534078270197	0.001534078270197	38.133476670748479
6115.65722656249999	0.394950866699219	0.003204898908734	0.003204898908734	38.133476670748479
6115.69921874999999	0.455389022827148	0.005153311416507	0.005153311416507	38.133476670748479
6115.74121093749999	0.516183853149414	0.007259416859597	0.007259416859597	38.133476670748479
6115.78320312499999	0.577274322509766	0.009458540938795	0.009458540938795	38.133476670748479
6115.87207031249999	0.637424468994141	0.011922612786293	0.011922612786293	38.133476670748479
6115.91406249999999	0.69819450378418	0.01423180103302	0.01423180103302	38.133476670748479
6115.95605468749999	0.758577346801758	0.016546905040741	0.016546905040741	38.133476670748479
6115.99804687499999	0.81932258605957	0.018886260688305	0.018886260688305	38.133476670748479
6116.04003906249999	0.880420684814453	0.021250195801258	0.021250195801258	38.133476670748479
6116.08203124999999	0.940801620483398	0.023585297167301	0.023585297167301	38.133476670748479
6116.12402343749999	1.001544952392578	0.025940135121346	0.025940135121346	38.133476670748479
6116.16503906249999	1.061952590942383	0.028333507478237	0.028333507478237	38.133476670748479
6116.20703124999999	1.122690200805664	0.030767828226089	0.030767828226089	38.133476670748479
6116.24902343749999	1.18376350402832	0.03335839509964	0.03335839509964	38.133476670748479
6116.29101562499999	1.244176864624023	0.036063112318516	0.036063112318516	38.133476670748479
6116.33300781249999	1.304912567138672	0.038706168532372	0.038706168532372	38.133476670748479
6116.37499999999999	1.365264892578125	0.041200637817383	0.041200637817383	38.133476670748479
6116.41699218749999	1.425870895385742	0.043594591319561	0.043594591319561	38.133476670748479
6116.45898437499999	1.486856460571289	0.045659646391869	0.045659646391869	38.133476670748479
6116.50097656249999	1.547025680541992	0.042383201420307	0.042383201420307	38.133476670748479
6116.54296874999999	1.607648849487305	0.045644082129002	0.045644082129002	38.133476670748479
6116.58496093749999	1.667922973632812	0.049460679292679	0.049460679292679	38.133476670748479
6116.62695312499999	1.728864669799805	0.053577616810799	0.053577616810799	38.133476670748479
6116.66894531249999	1.789474487304687	0.058104753494263	0.058104753494263	38.133476670748479
6116.71093749999999	1.849693298339844	0.061941586434841	0.061941586434841	38.133476670748479
6116.75292968749999	1.910354614257812	0.06748078763485	0.06748078763485	38.133476670748479
6116.79492187499999	1.970605850219727	0.073074482381344	0.073074482381344	38.133476670748479
6116.83691406249999	2.031560897827148	0.077264167368412	0.077264167368412	38.133476670748479
6116.87890624999999	2.092105865478516	0.081739127635956	0.081739127635956	38.133476670748479
6116.92089843749999	2.152364730834961	0.086096212267876	0.086096212267876	38.133476670748479
6116.96289062499999	2.212966918945312	0.090397998690605	0.090397998690605	38.133476670748479
6117.00488281249999	2.273235321044922	0.094758272171021	0.094758272171021	38.133476670748479
6117.04687499999999	2.316425323486328	0.099833227694035	0.099833227694035	38.133476670748479
6117.08886718749999	2.294366836547852	0.100002683699131	0.100002683699131	38.133476670748479
6117.13085937499999	2.283082962036133	0.100002624094486	0.100002624094486	38.133476670748479
6117.17285156249999	2.275476455688477	0.100002564489841	0.100002564489841	38.133476670748479
6117.21582031249999	2.267280578613281	0.100002601742744	0.100002601742744	38.133476670748479
6117.25781249999999	2.250289916992187	0.100002661347389	0.100002661347389	38.133476670748479
6117.29980468749999	2.247522354125977	0.100002579391003	0.100002579391003	38.133476670748479
6117.34179687499999	2.244649887084961	0.100002579391003	0.100002579391003	38.133476670748479
6117.38476562499999	2.241182327270508	0.100002557039261	0.100002557039261	38.133476670748479
6117.42675781249999	2.229904174804687	0.100002631545067	0.100002631545067	38.133476670748479
6117.46874999999999	2.234603881835937	0.1000025421381	0.1000025421381	38.133476670748479
6117.51074218749999	2.233358383178711	0.100002571940422	0.100002571940422	38.133476670748479
6176.08593749999999	-3.000978469848633	-9.4056740636006E-5	9.4056740636006E-5	36.477066406280393
6176.12890624999999	-2.940593719482422	-9.438725828658789E-5	9.438725828658789E-5	36.477066406280393
6176.17089843749999	-2.879863739013672	-9.447088814340532E-5	9.447088814340532E-5	36.477066406280393
6176.21289062499999	-2.818769454956055	-9.44810890359804E-5	9.44810890359804E-5	36.477066406280393
6176.25488281249999	-2.75836181640625	-9.443718590773642E-5	9.443718590773642E-5	36.477066406280393
6176.29687499999999	-2.697677612304687	-9.436694381292909E-5	9.436694381292909E-5	36.477066406280393
6176.33886718749999	-2.637094497680664	-9.427788609173149E-5	9.427788609173149E-5	36.477066406280393
6176.38085937499999	-2.576831817626953	-9.418172703590244E-5	9.418172703590244E-5	36.477066406280393
6176.42285156249999	-2.515897750854492	-9.406583558302373E-5	9.406583558302373E-5	36.477066406280393
6176.46484374999999	-2.455299377441406	-9.392575884703547E-5	9.392575884703547E-5	36.477066406280393
6176.50683593749999	-2.39503288269043	-9.37699805945158E-5	9.37699805945158E-5	36.477066406280393
6176.54882812499999	-2.334434509277344	-9.36127471504733E-5	9.36127471504733E-5	36.477066406280393
6176.59082031249999	-2.273523330688477	-9.344205318484455E-5	9.344205318484455E-5	36.477066406280393
6176.63281249999999	-2.213247299194336	-9.325300925411284E-5	9.325300925411284E-5	36.477066406280393
6176.67480468749999	-2.15264892578125	-9.303531260229647E-5	9.303531260229647E-5	36.477066406280393
6176.71679687499999	-2.092411041259766	-9.281205711886287E-5	9.281205711886287E-5	36.477066406280393
6176.75878906249999	-2.031784057617187	-9.258431964553893E-5	9.258431964553893E-5	36.477066406280393
6176.80078124999999	-1.970920562744141	-9.234063327312469E-5	9.234063327312469E-5	36.477066406280393
6176.84277343749999	-1.910690307617187	-9.206266258843243E-5	9.206266258843243E-5	36.477066406280393
6176.88476562499999	-1.850059509277344	-9.176980529446155E-5	9.176980529446155E-5	36.477066406280393
6176.92675781249999	-1.789802551269531	-9.147905802819878E-5	9.147905802819878E-5	36.477066406280393
6176.96874999999999	-1.729221343994141	-9.116555156651884E-5	9.116555156651884E-5	36.477066406280393
6177.01074218749999	-1.66826057434082	-9.081543248612434E-5	9.081543248612434E-5	36.477066406280393
6177.05273437499999	-1.608007431030273	-9.044870967045426E-5	9.044870967045426E-5	36.477066406280393
6177.09472656249999	-1.547403335571289	-9.006835171021521E-5	9.006835171021521E-5	36.477066406280393
6177.13671874999999	-1.487150192260742	-8.96694982657209E-5	8.96694982657209E-5	36.477066406280393
6177.17871093749999	-1.42619514465332	-8.923636050894856E-5	8.923636050894856E-5	36.477066406280393
6177.22070312499999	-1.365602493286133	-8.87677597347647E-5	8.87677597347647E-5	36.477066406280393
6177.26171874999999	-1.305274963378906	-8.828096906654537E-5	8.828096906654537E-5	36.477066406280393
6177.30371093749999	-1.244516372680664	-8.776941103860736E-5	8.776941103860736E-5	36.477066406280393
6177.34570312499999	-1.183794021606445	-8.72150412760675E-5	8.72150412760675E-5	36.477066406280393
6177.38769531249999	-1.122722625732422	-8.662138134241104E-5	8.662138134241104E-5	36.477066406280393
6177.42968749999999	-1.06231689453125	-8.598659769631922E-5	8.598659769631922E-5	36.477066406280393
6177.47167968749999	-1.001544952392578	-8.531805360689759E-5	8.531805360689759E-5	36.477066406280393
6177.51367187499999	-0.941177368164062	-8.461133984383196E-5	8.461133984383196E-5	36.477066406280393
6177.55566406249999	-0.880443572998047	-8.384652028325945E-5	8.384652028325945E-5	36.477066406280393
6177.59765624999999	-0.819351196289062	-8.30111384857446E-5	8.30111384857446E-5	36.477066406280393
6177.63964843749999	-0.758943557739258	-8.213425462599844E-5	8.213425462599844E-5	36.477066406280393
6177.68164062499999	-0.698204040527344	-8.119332778733224E-5	8.119332778733224E-5	36.477066406280393
6177.72363281249999	-0.63780403137207	-8.019777305889875E-5	8.019777305889875E-5	36.477066406280393
6177.76562499999999	-0.577123641967773	-7.910048589110374E-5	7.910048589110374E-5	36.477066406280393
6177.80761718749999	-0.516059875488281	-7.791079406160861E-5	7.791079406160861E-5	36.477066406280393
6177.84960937499999	-0.455633163452148	-7.66497541917488E-5	7.66497541917488E-5	36.477066406280393
6177.89160156249999	-0.394895553588867	-7.527292473241687E-5	7.527292473241687E-5	36.477066406280393
6177.93359374999999	-0.334518432617187	-7.37847585696727E-5	7.37847585696727E-5	36.477066406280393
6177.97558593749999	-0.273403167724609	-7.213691424112767E-5	7.213691424112767E-5	36.477066406280393
6178.01757812499999	-0.212667465209961	-7.034826558083296E-5	7.034826558083296E-5	36.477066406280393
6178.05957031249999	-0.152280807495117	-6.840159767307341E-5	6.840159767307341E-5	36.477066406280393
6178.10156249999999	-0.091527938842773	-6.624194793403149E-5	6.624194793403149E-5	36.477066406280393
6178.14355468749999	-0.031112670898437	-6.383965956047177E-5	6.383965956047177E-5	36.477066406280393
6178.18554687499999	0.030683517456055	-6.102552288211882E-5	6.102552288211882E-5	36.477066406280393
6178.22753906249999	0.0914306640625	-5.730630073230714E-5	5.730630073230714E-5	36.477066406280393
6178.26953124999999	0.151847839355469	-4.727061605080962E-5	4.727061605080962E-5	36.477066406280393
6178.31152343749999	0.21270751953125	1.456607424188405E-5	1.456607424188405E-5	36.477066406280393
6178.44726562499999	0.273164749145508	0.000449421931989	0.000449421931989	36.477066406280393
6178.58203124999999	0.334194183349609	0.001874185167253	0.001874185167253	36.477066406280393
6178.62402343749999	0.394962310791016	0.004145617596805	0.004145617596805	36.477066406280393
6178.66601562499999	0.455423355102539	0.006866102572531	0.006866102572531	36.477066406280393
6178.70800781249999	0.516229629516602	0.009838972240686	0.009838972240686	36.477066406280393
6178.79589843749999	0.577106475830078	0.012993387877941	0.012993387877941	36.477066406280393
6178.83789062499999	0.637432098388672	0.016149461269379	0.016149461269379	36.477066406280393
6178.87988281249999	0.698198318481445	0.019375257194042	0.019375257194042	36.477066406280393
6178.92187499999999	0.758586883544922	0.022583790123463	0.022583790123463	36.477066406280393
6178.96386718749999	0.819334030151367	0.025827035307884	0.025827035307884	36.477066406280393
6179.00585937499999	0.880434036254883	0.029079556465149	0.029079556465149	36.477066406280393
6179.04785156249999	0.940814971923828	0.032311268150806	0.032311268150806	36.477066406280393
6179.08984374999999	1.001567840576172	0.035584777593613	0.035584777593613	36.477066406280393
6179.13183593749999	1.061979293823242	0.038829073309898	0.038829073309898	36.477066406280393
6179.17382812499999	1.122716903686523	0.042071364820004	0.042071364820004	36.477066406280393
6179.21582031249999	1.183788299560547	0.045298904180527	0.045298904180527	36.477066406280393
6179.25781249999999	1.244199752807617	0.048450358211994	0.048450358211994	36.477066406280393
6179.29980468749999	1.304941177368164	0.051576279103756	0.051576279103756	36.477066406280393
6179.34179687499999	1.36528205871582	0.054638676345348	0.054638676345348	36.477066406280393
6179.38378906249999	1.425874710083008	0.057659149169922	0.057659149169922	36.477066406280393
6179.42578124999999	1.486848831176758	0.060625173151493	0.060625173151493	36.477066406280393
6179.46777343749999	1.547103881835937	0.063499726355076	0.063499726355076	36.477066406280393
6179.50976562499999	1.607715606689453	0.066350258886814	0.066350258886814	36.477066406280393
6179.55175781249999	1.667959213256836	0.069184228777885	0.069184228777885	36.477066406280393
6179.59374999999999	1.728910446166992	0.072080075740814	0.072080075740814	36.477066406280393
6179.63574218749999	1.789520263671875	0.074965767562389	0.074965767562389	36.477066406280393
6179.67773437499999	1.849546432495117	0.073935367166996	0.073935367166996	36.477066406280393
6179.71972656249999	1.910356521606445	0.076599039137363	0.076599039137363	36.477066406280393
6179.76074218749999	1.970621109008789	0.082137748599052	0.082137748599052	36.477066406280393
6179.80273437499999	2.031587600708008	0.088257625699043	0.088257625699043	36.477066406280393
6179.84472656249999	2.092109680175781	0.091227017343044	0.091227017343044	36.477066406280393
6179.88671874999999	2.152338027954102	0.094719260931015	0.094719260931015	36.477066406280393
6179.92871093749999	2.181900024414062	0.099997170269489	0.099997170269489	36.477066406280393
6179.97167968749999	2.181407928466797	0.100002460181713	0.100002460181713	36.477066406280393
6180.01367187499999	2.172628402709961	0.100002571940422	0.100002571940422	36.477066406280393
6180.05566406249999	2.169189453125	0.100002564489841	0.100002564489841	36.477066406280393
6180.09765624999999	2.163240432739258	0.100002534687519	0.100002534687519	36.477066406280393
6180.14062499999999	2.158206939697266	0.100002571940422	0.100002571940422	36.477066406280393
6180.18261718749999	2.157138824462891	0.100002534687519	0.100002534687519	36.477066406280393
6180.22460937499999	2.156721115112305	0.100002534687519	0.100002534687519	36.477066406280393
6180.26660156249999	2.156028747558594	0.100002534687519	0.100002534687519	36.477066406280393
6180.30957031249999	2.156774520874023	0.100002512335777	0.100002512335777	36.477066406280393
6180.35156249999999	2.155685424804687	0.100002489984035	0.100002489984035	36.477066406280393
6180.39355468749999	2.155010223388672	0.100002519786358	0.100002519786358	36.477066406280393
6180.43554687499999	2.154861450195312	0.100002489984035	0.100002489984035	36.477066406280393
6180.47851562499999	2.156255722045898	0.100002467632294	0.100002467632294	36.477066406280393
