[INFO]
Keithley 2400
Meas Time: 2021/1/19 8:45:08
Params: GPIB address = GPIB0::21::INSTR; DataFile = D:\工艺实验\周珏磊; Compliance  Level (0.1) = 0.100000000000000; Number of Points (5) = 80; Minimum Amplitude (1) = -3.000000000000000; Maximum Amplitude (2) = 10.000000000000000; Timeout (100000 ms) = 100000; Source Mode  (0: Voltage) = 0; 4-wire? = FALSE; delay(S) = 0.000000000000000; Start = ; 

[COMMENT]


[DATA]
time (s)	Voltage (V)	Current (A)	absCurrent (A)	Fitting Resistance (Ohms)

2876.0234375	-3.000921249389648	-4.983448889106512E-5	4.983448889106512E-5	30.990465884860054
2876.06640625	-2.836221694946289	-4.996565985493362E-5	4.996565985493362E-5	30.990465884860054
2876.1083984375	-2.67161750793457	-4.994745540898293E-5	4.994745540898293E-5	30.990465884860054
2876.150390625	-2.507278442382812	-4.987062129657716E-5	4.987062129657716E-5	30.990465884860054
2876.1923828125	-2.342933654785156	-4.975765477865934E-5	4.975765477865934E-5	30.990465884860054
2876.234375	-2.178251266479492	-4.961319791618735E-5	4.961319791618735E-5	30.990465884860054
2876.2763671875	-2.013952255249023	-4.94406558573246E-5	4.94406558573246E-5	30.990465884860054
2876.318359375	-1.849624633789062	-4.922508378513157E-5	4.922508378513157E-5	30.990465884860054
2876.3603515625	-1.685264587402344	-4.895872552879155E-5	4.895872552879155E-5	30.990465884860054
2876.40234375	-1.520923614501953	-4.863596404902637E-5	4.863596404902637E-5	30.990465884860054
2876.4443359375	-1.356561660766602	-4.825233190786093E-5	4.825233190786093E-5	30.990465884860054
2876.486328125	-1.191911697387695	-4.778287257067859E-5	4.778287257067859E-5	30.990465884860054
2876.5283203125	-1.027223587036133	-4.720107244793326E-5	4.720107244793326E-5	30.990465884860054
2876.5703125	-0.862525939941406	-4.647290916182101E-5	4.647290916182101E-5	30.990465884860054
2876.6123046875	-0.697114944458008	-4.555827763397247E-5	4.555827763397247E-5	30.990465884860054
2876.654296875	-0.532474517822266	-4.439194162841886E-5	4.439194162841886E-5	30.990465884860054
2876.6962890625	-0.367753982543945	-4.286419425625354E-5	4.286419425625354E-5	30.990465884860054
2876.73828125	-0.203054428100586	-4.079392238054425E-5	4.079392238054425E-5	30.990465884860054
2876.7802734375	-0.038322448730469	-3.788854519370943E-5	3.788854519370943E-5	30.990465884860054
2876.822265625	0.12677001953125	-3.080241731368005E-5	3.080241731368005E-5	30.990465884860054
2876.9580078125	0.291627883911133	0.000640300684609	0.000640300684609	30.990465884860054
2877.0927734375	0.456310272216797	0.005329417996109	0.005329417996109	30.990465884860054
2877.1806640625	0.621257781982422	0.010334327816963	0.010334327816963	30.990465884860054
2877.22265625	0.785923004150391	0.015250258147717	0.015250258147717	30.990465884860054
2877.310546875	0.95106315612793	0.007401483599097	0.007401483599097	30.990465884860054
2877.3994140625	1.115379333496094	0.0354984998703	0.0354984998703	30.990465884860054
2877.44140625	1.280023574829102	0.038542032241821	0.038542032241821	30.990465884860054
2877.4833984375	1.444543838500977	0.051471158862114	0.051471158862114	30.990465884860054
2877.525390625	1.608911514282227	0.065116010606289	0.065116010606289	30.990465884860054
2877.5673828125	1.773300170898437	0.076899357140064	0.076899357140064	30.990465884860054
2877.609375	1.937662124633789	0.088618241250515	0.088618241250515	30.990465884860054
2877.6513671875	2.070732116699219	0.099916838109493	0.099916838109493	30.990465884860054
2877.693359375	2.060701370239258	0.100001864135265	0.100001864135265	30.990465884860054
2877.7353515625	2.054729461669922	0.10000179708004	0.10000179708004	30.990465884860054
2877.77734375	2.050827026367187	0.100001819431782	0.100001819431782	30.990465884860054
2877.8203125	2.047204971313477	0.100001834332943	0.100001834332943	30.990465884860054
2877.8623046875	2.04456901550293	0.100001826882362	0.100001826882362	30.990465884860054
2877.904296875	2.042163848876953	0.100001782178879	0.100001782178879	30.990465884860054
2877.9462890625	2.039756774902344	0.10000179708004	0.10000179708004	30.990465884860054
2877.9892578125	2.038728713989258	0.100001789629459	0.100001789629459	30.990465884860054
2878.03125	2.037683486938477	0.100001767277718	0.100001767277718	30.990465884860054
2878.0732421875	2.036655426025391	0.100001782178879	0.100001782178879	30.990465884860054
2878.115234375	2.035850524902344	0.100001767277718	0.100001767277718	30.990465884860054
2878.158203125	2.035007476806641	0.10000179708004	0.10000179708004	30.990465884860054
2878.2001953125	2.034580230712891	0.100001752376556	0.100001752376556	30.990465884860054
2878.2421875	2.033878326416016	0.100001752376556	0.100001752376556	30.990465884860054
2878.2841796875	2.033292770385742	0.100001730024815	0.100001730024815	30.990465884860054
2878.3271484375	2.032752990722656	0.100001752376556	0.100001752376556	30.990465884860054
2878.369140625	2.032079696655273	0.100001730024815	0.100001730024815	30.990465884860054
2878.4111328125	2.031467437744141	0.100001737475395	0.100001737475395	30.990465884860054
2878.453125	2.031000137329102	0.100001752376556	0.100001752376556	30.990465884860054
2878.49609375	2.030679702758789	0.100001737475395	0.100001737475395	30.990465884860054
2878.5380859375	2.03040885925293	0.100001730024815	0.100001730024815	30.990465884860054
2878.580078125	2.030233383178711	0.100001722574234	0.100001722574234	30.990465884860054
2878.6220703125	2.029874801635742	0.100001730024815	0.100001730024815	30.990465884860054
2878.6650390625	2.029541015625	0.100001707673073	0.100001707673073	30.990465884860054
2878.70703125	2.029273986816406	0.100001715123653	0.100001715123653	30.990465884860054
2878.7490234375	2.02886962890625	0.100001655519009	0.100001655519009	30.990465884860054
2878.7919921875	2.028537750244141	0.100001715123653	0.100001715123653	30.990465884860054
2878.833984375	2.028287887573242	0.100001707673073	0.100001707673073	30.990465884860054
2878.8759765625	2.028005599975586	0.100001685321331	0.100001685321331	30.990465884860054
2878.91796875	2.02784538269043	0.10000167042017	0.10000167042017	30.990465884860054
2878.9609375	2.02760124206543	0.100001715123653	0.100001715123653	30.990465884860054
2879.0029296875	2.02741813659668	0.100001730024815	0.100001730024815	30.990465884860054
2879.044921875	2.027275085449219	0.100001700222492	0.100001700222492	30.990465884860054
2879.0869140625	2.027027130126953	0.10000167787075	0.10000167787075	30.990465884860054
2879.1298828125	2.026760101318359	0.100001715123653	0.100001715123653	30.990465884860054
2879.171875	2.026573181152344	0.10000167042017	0.10000167042017	30.990465884860054
2879.2138671875	2.026359558105469	0.10000167787075	0.10000167787075	30.990465884860054
2879.255859375	2.026134490966797	0.10000167042017	0.10000167042017	30.990465884860054
2879.298828125	2.025964736938477	0.10000167042017	0.10000167042017	30.990465884860054
2879.3408203125	2.025707244873047	0.100001662969589	0.100001662969589	30.990465884860054
2879.3828125	2.025539398193359	0.100001648068428	0.100001648068428	30.990465884860054
2879.4248046875	2.025352478027344	0.10000167042017	0.10000167042017	30.990465884860054
2879.4677734375	2.025064468383789	0.10000167787075	0.10000167787075	30.990465884860054
2879.509765625	2.024909973144531	0.100001640617847	0.100001640617847	30.990465884860054
2879.5517578125	2.024736404418945	0.100001685321331	0.100001685321331	30.990465884860054
2879.59375	2.024608612060547	0.100001648068428	0.100001648068428	30.990465884860054
2879.63671875	2.024377822875977	0.100001640617847	0.100001640617847	30.990465884860054
2879.6787109375	2.024112701416016	0.100001640617847	0.100001640617847	30.990465884860054
2932.6875	-3.00092887878418	-5.288574902806431E-5	5.288574902806431E-5	32.003877483319634
2932.7294921875	-2.836225509643555	-5.300941120367497E-5	5.300941120367497E-5	32.003877483319634
2932.771484375	-2.671607971191406	-5.297637835610658E-5	5.297637835610658E-5	32.003877483319634
2932.8134765625	-2.507284164428711	-5.290127592161298E-5	5.290127592161298E-5	32.003877483319634
2932.85546875	-2.34294319152832	-5.278352182358503E-5	5.278352182358503E-5	32.003877483319634
2932.8974609375	-2.178276062011719	-5.262123886495829E-5	5.262123886495829E-5	32.003877483319634
2932.939453125	-2.01396369934082	-5.242197948973626E-5	5.242197948973626E-5	32.003877483319634
2932.9814453125	-1.849630355834961	-5.21865877090022E-5	5.21865877090022E-5	32.003877483319634
2933.0234375	-1.685277938842773	-5.190410593058914E-5	5.190410593058914E-5	32.003877483319634
2933.0654296875	-1.520931243896484	-5.15532010467723E-5	5.15532010467723E-5	32.003877483319634
2933.107421875	-1.356571197509766	-5.113019142299891E-5	5.113019142299891E-5	32.003877483319634
2933.1494140625	-1.191921234130859	-5.061084812041372E-5	5.061084812041372E-5	32.003877483319634
2933.19140625	-1.0272216796875	-4.998667282052338E-5	4.998667282052338E-5	32.003877483319634
2933.2333984375	-0.862518310546875	-4.92059625685215E-5	4.92059625685215E-5	32.003877483319634
2933.275390625	-0.697122573852539	-4.821417678613216E-5	4.821417678613216E-5	32.003877483319634
2933.3173828125	-0.532476425170898	-4.694744711741805E-5	4.694744711741805E-5	32.003877483319634
2933.359375	-0.367755889892578	-4.529670695774257E-5	4.529670695774257E-5	32.003877483319634
2933.4013671875	-0.203054428100586	-4.308791540097445E-5	4.308791540097445E-5	32.003877483319634
2933.443359375	-0.038335800170898	-3.999535692855716E-5	3.999535692855716E-5	32.003877483319634
2933.4853515625	0.126766204833984	-3.278006624896079E-5	3.278006624896079E-5	32.003877483319634
2933.62109375	0.291656494140625	0.000769065169152	0.000769065169152	32.003877483319634
2933.755859375	0.456361770629883	0.007564671803266	0.007564671803266	32.003877483319634
2933.84375	0.621271133422852	0.016948789358139	0.016948789358139	32.003877483319634
2933.8857421875	0.785943984985352	0.026843175292015	0.026843175292015	32.003877483319634
2933.927734375	0.950658798217773	0.036894403398037	0.036894403398037	32.003877483319634
2933.9697265625	1.115362167358398	0.046917706727982	0.046917706727982	32.003877483319634
2934.01171875	1.28007698059082	0.056839510798454	0.056839510798454	32.003877483319634
2934.0537109375	1.444589614868164	0.066606089472771	0.066606089472771	32.003877483319634
2934.095703125	1.608955383300781	0.076197773218155	0.076197773218155	32.003877483319634
2934.1376953125	1.773334503173828	0.085664108395576	0.085664108395576	32.003877483319634
2934.1796875	1.937686920166016	0.09501588344574	0.09501588344574	32.003877483319634
2934.2216796875	2.024152755737305	0.100001379847527	0.100001379847527	32.003877483319634
2934.263671875	2.023054122924805	0.100001752376556	0.100001752376556	32.003877483319634
2934.3056640625	2.022323608398437	0.100001730024815	0.100001730024815	32.003877483319634
2934.3486328125	2.021703720092773	0.100001715123653	0.100001715123653	32.003877483319634
2934.390625	2.021295547485352	0.100001752376556	0.100001752376556	32.003877483319634
2934.4326171875	2.020954132080078	0.100001707673073	0.100001707673073	32.003877483319634
2934.474609375	2.020702362060547	0.100001730024815	0.100001730024815	32.003877483319634
2934.517578125	2.020353317260742	0.100001730024815	0.100001730024815	32.003877483319634
2934.5595703125	2.019889831542969	0.100001715123653	0.100001715123653	32.003877483319634
2934.6015625	2.019596099853516	0.100001707673073	0.100001707673073	32.003877483319634
2934.6435546875	2.019472122192383	0.100001744925976	0.100001744925976	32.003877483319634
2934.6865234375	2.019317626953125	0.100001707673073	0.100001707673073	32.003877483319634
2934.728515625	2.019102096557617	0.100001700222492	0.100001700222492	32.003877483319634
2934.7705078125	2.018722534179687	0.100001685321331	0.100001685321331	32.003877483319634
2934.8125	2.012996673583984	0.100001692771912	0.100001692771912	32.003877483319634
2934.85546875	2.012729644775391	0.100001685321331	0.100001685321331	32.003877483319634
2934.8974609375	2.012548446655273	0.100001692771912	0.100001692771912	32.003877483319634
2934.939453125	2.012252807617187	0.100001685321331	0.100001685321331	32.003877483319634
2934.9814453125	2.012096405029297	0.10000167787075	0.10000167787075	32.003877483319634
2935.0244140625	2.011821746826172	0.100001662969589	0.100001662969589	32.003877483319634
2935.06640625	2.011331558227539	0.100001715123653	0.100001715123653	32.003877483319634
2935.1083984375	2.010890960693359	0.10000167787075	0.10000167787075	32.003877483319634
2935.150390625	2.010679244995117	0.100001648068428	0.100001648068428	32.003877483319634
2935.193359375	2.010578155517578	0.100001685321331	0.100001685321331	32.003877483319634
2935.2353515625	2.010036468505859	0.100001595914364	0.100001595914364	32.003877483319634
2935.27734375	2.009584426879883	0.100001655519009	0.100001655519009	32.003877483319634
2935.3193359375	2.009366989135742	0.100001595914364	0.100001595914364	32.003877483319634
2935.3623046875	2.008916854858398	0.100001588463783	0.100001588463783	32.003877483319634
2935.404296875	2.008625030517578	0.10000155121088	0.10000155121088	32.003877483319634
2935.4462890625	2.00837516784668	0.100001610815525	0.100001610815525	32.003877483319634
2935.48828125	2.008106231689453	0.100001610815525	0.100001610815525	32.003877483319634
2935.53125	2.007858276367187	0.100001610815525	0.100001610815525	32.003877483319634
2935.5732421875	2.007680892944336	0.100001633167267	0.100001633167267	32.003877483319634
2935.615234375	2.007467269897461	0.100001618266106	0.100001618266106	32.003877483319634
2935.6572265625	2.007308959960937	0.100001655519009	0.100001655519009	32.003877483319634
2935.7001953125	2.007205963134766	0.100001581013203	0.100001581013203	32.003877483319634
2935.7421875	2.007120132446289	0.100001603364944	0.100001603364944	32.003877483319634
2935.7841796875	2.007095336914062	0.100001588463783	0.100001588463783	32.003877483319634
2935.826171875	2.006950378417969	0.100001558661461	0.100001558661461	32.003877483319634
2935.869140625	2.006927490234375	0.100001558661461	0.100001558661461	32.003877483319634
2935.9111328125	2.006690979003906	0.100001603364944	0.100001603364944	32.003877483319634
2935.953125	2.006658554077148	0.100001581013203	0.100001581013203	32.003877483319634
2935.9951171875	2.006494522094727	0.1000015437603	0.1000015437603	32.003877483319634
2936.0380859375	2.006307601928711	0.1000015437603	0.1000015437603	32.003877483319634
2936.080078125	2.006200790405273	0.100001536309719	0.100001536309719	32.003877483319634
2936.1220703125	2.006082534790039	0.100001528859138	0.100001528859138	32.003877483319634
2936.1640625	2.006025314331055	0.100001476705074	0.100001476705074	32.003877483319634
2936.20703125	2.005908966064453	0.100001484155655	0.100001484155655	32.003877483319634
2936.2490234375	2.005653381347656	0.100001461803913	0.100001461803913	32.003877483319634
