[INFO]
Keithley 2400
Meas Time: 2021/1/19 13:22:54
Params: GPIB address = GPIB0::21::INSTR; DataFile = D:\工艺实验\唐心怡; Compliance  Level (0.1) = 0.100000000000000; Number of Points (5) = 150; Minimum Amplitude (1) = -3.000000000000000; Maximum Amplitude (2) = 3.000000000000000; Timeout (100000 ms) = 100000; Source Mode  (0: Voltage) = 0; 4-wire? = FALSE; delay(S) = 0.000000000000000; Start = ; 

[COMMENT]


[DATA]
time (s)	Voltage (V)	Current (A)	absCurrent (A)	Fitting Resistance (Ohms)

1286.8955078125	-3.000698089599609	-1.341504685115069E-10	1.341504685115069E-10	-1827720729.26663256
1286.9375	-2.960239410400391	5.294396032695658E-10	5.294396032695658E-10	-1827720729.26663256
1286.9794921875	-2.920087814331055	5.416040949057788E-10	5.416040949057788E-10	-1827720729.26663256
1287.021484375	-2.879598617553711	6.057234713807702E-10	6.057234713807702E-10	-1827720729.26663256
1287.0634765625	-2.839454650878906	6.473328539868817E-10	6.473328539868817E-10	-1827720729.26663256
1287.10546875	-2.798974990844727	6.447180567192845E-10	6.447180567192845E-10	-1827720729.26663256
1287.1474609375	-2.758819580078125	6.205027602845803E-10	6.205027602845803E-10	-1827720729.26663256
1287.189453125	-2.718326568603516	6.151594789116643E-10	6.151594789116643E-10	-1827720729.26663256
1287.2314453125	-2.678611755371094	6.28574525762815E-10	6.28574525762815E-10	-1827720729.26663256
1287.2734375	-2.637884140014648	6.455138645833358E-10	6.455138645833358E-10	-1827720729.26663256
1287.3154296875	-2.598152160644531	7.410108082694933E-10	7.410108082694933E-10	-1827720729.26663256
1287.357421875	-2.557401657104492	6.853042577859014E-10	6.853042577859014E-10	-1827720729.26663256
1287.3994140625	-2.517696380615234	5.398987923399545E-10	5.398987923399545E-10	-1827720729.26663256
1287.44140625	-2.477275848388672	5.854872142663226E-10	5.854872142663226E-10	-1827720729.26663256
1287.4833984375	-2.436559677124023	6.87805368215777E-10	6.87805368215777E-10	-1827720729.26663256
1287.525390625	-2.396816253662109	8.610641089035198E-10	8.610641089035198E-10	-1827720729.26663256
1287.5673828125	-2.356418609619141	9.854375093709677E-10	9.854375093709677E-10	-1827720729.26663256
1287.609375	-2.316349029541016	9.702034731162712E-10	9.702034731162712E-10	-1827720729.26663256
1287.6513671875	-2.275955200195312	8.654978955746628E-10	8.654978955746628E-10	-1827720729.26663256
1287.693359375	-2.235883712768555	6.371010385919362E-10	6.371010385919362E-10	-1827720729.26663256
1287.7353515625	-2.195491790771484	5.478568709804676E-10	5.478568709804676E-10	-1827720729.26663256
1287.77734375	-2.155424118041992	3.901732270605862E-10	3.901732270605862E-10	-1827720729.26663256
1287.8193359375	-2.115026473999023	3.128661774098873E-10	3.128661774098873E-10	-1827720729.26663256
1287.861328125	-2.074958801269531	2.346496330574155E-10	2.346496330574155E-10	-1827720729.26663256
1287.9033203125	-2.034542083740234	3.175273377564736E-10	3.175273377564736E-10	-1827720729.26663256
1287.9443359375	-1.994548797607422	3.900595402228646E-10	3.900595402228646E-10	-1827720729.26663256
1287.986328125	-1.954147338867187	4.368985173641704E-10	4.368985173641704E-10	-1827720729.26663256
1288.0283203125	-1.914098739624023	5.221636456553824E-10	5.221636456553824E-10	-1827720729.26663256
1288.0703125	-1.873678207397461	6.501750249299221E-10	6.501750249299221E-10	-1827720729.26663256
1288.1123046875	-1.833274841308594	6.497202775790356E-10	6.497202775790356E-10	-1827720729.26663256
1288.154296875	-1.793201446533203	6.803020369261503E-10	6.803020369261503E-10	-1827720729.26663256
1288.1962890625	-1.752809524536133	6.484697223640978E-10	6.484697223640978E-10	-1827720729.26663256
1288.23828125	-1.712734222412109	5.185256668482907E-10	5.185256668482907E-10	-1827720729.26663256
1288.2802734375	-1.672323226928711	5.925357982050627E-10	5.925357982050627E-10	-1827720729.26663256
1288.322265625	-1.632606506347656	7.881908459239639E-10	7.881908459239639E-10	-1827720729.26663256
1288.3642578125	-1.591856002807617	9.404175216332078E-10	9.404175216332078E-10	-1827720729.26663256
1288.40625	-1.552154541015625	9.584937288309447E-10	9.584937288309447E-10	-1827720729.26663256
1288.4482421875	-1.511730194091797	8.99490260053426E-10	8.99490260053426E-10	-1827720729.26663256
1288.490234375	-1.471670150756836	7.90237209002953E-10	7.90237209002953E-10	-1827720729.26663256
1288.5322265625	-1.431264877319336	7.470362106687389E-10	7.470362106687389E-10	-1827720729.26663256
1288.57421875	-1.391208648681641	7.980816008057445E-10	7.980816008057445E-10	-1827720729.26663256
1288.6162109375	-1.350772857666016	7.339622243307531E-10	7.339622243307531E-10	-1827720729.26663256
1288.658203125	-1.310331344604492	6.532445695484057E-10	6.532445695484057E-10	-1827720729.26663256
1288.7001953125	-1.27018928527832	6.018581188982353E-10	6.018581188982353E-10	-1827720729.26663256
1288.7421875	-1.229736328125	6.092477633501403E-10	6.092477633501403E-10	-1827720729.26663256
1288.7841796875	-1.189567565917969	6.600657798117027E-10	6.600657798117027E-10	-1827720729.26663256
1288.826171875	-1.149087905883789	7.231619747471996E-10	7.231619747471996E-10	-1827720729.26663256
1288.8681640625	-1.108940124511719	8.154756869771518E-10	8.154756869771518E-10	-1827720729.26663256
1288.91015625	-1.068449020385742	8.35825630929321E-10	8.35825630929321E-10	-1827720729.26663256
1288.9521484375	-1.028327941894531	9.10745256987866E-10	9.10745256987866E-10	-1827720729.26663256
1288.994140625	-0.987825393676758	9.182485882774927E-10	9.182485882774927E-10	-1827720729.26663256
1289.0361328125	-0.94769287109375	7.130438461899757E-10	7.130438461899757E-10	-1827720729.26663256
1289.0771484375	-0.907207489013672	6.165237209643237E-10	6.165237209643237E-10	-1827720729.26663256
1289.119140625	-0.867076873779297	5.895799404243007E-10	5.895799404243007E-10	-1827720729.26663256
1289.1611328125	-0.826574325561523	6.635900717810728E-10	6.635900717810728E-10	-1827720729.26663256
1289.203125	-0.786100387573242	6.677964847767726E-10	6.677964847767726E-10	-1827720729.26663256
1289.2451171875	-0.745943069458008	7.438529792125337E-10	7.438529792125337E-10	-1827720729.26663256
1289.287109375	-0.705478668212891	8.475353752146475E-10	8.475353752146475E-10	-1827720729.26663256
1289.3291015625	-0.665664672851562	8.399183570872992E-10	8.399183570872992E-10	-1827720729.26663256
1289.37109375	-0.62489128112793	8.242295734817162E-10	8.242295734817162E-10	-1827720729.26663256
1289.4130859375	-0.585109710693359	7.365770215983503E-10	7.365770215983503E-10	-1827720729.26663256
1289.455078125	-0.54426383972168	7.257767720147967E-10	7.257767720147967E-10	-1827720729.26663256
1289.4970703125	-0.504484176635742	7.406697477563284E-10	7.406697477563284E-10	-1827720729.26663256
1289.5390625	-0.463994979858398	7.482867658836767E-10	7.482867658836767E-10	-1827720729.26663256
1289.5810546875	-0.423856735229492	7.410108082694933E-10	7.410108082694933E-10	-1827720729.26663256
1289.623046875	-0.383359909057617	6.784830475226045E-10	6.784830475226045E-10	-1827720729.26663256
1289.6650390625	-0.343219757080078	6.531308827106841E-10	6.531308827106841E-10	-1827720729.26663256
1289.70703125	-0.302734375	7.180460670497268E-10	7.180460670497268E-10	-1827720729.26663256
1289.7490234375	-0.262241363525391	6.752998160663992E-10	6.752998160663992E-10	-1827720729.26663256
1289.791015625	-0.222108840942383	6.524487616843544E-10	6.524487616843544E-10	-1827720729.26663256
1289.8330078125	-0.181631088256836	6.660911822109483E-10	6.660911822109483E-10	-1827720729.26663256
1289.875	-0.141483306884766	5.80030246055685E-10	5.80030246055685E-10	-1827720729.26663256
1289.9169921875	-0.100978851318359	4.84988049720414E-10	4.84988049720414E-10	-1827720729.26663256
1289.958984375	-0.060848236083984	4.821458787773736E-10	4.821458787773736E-10	-1827720729.26663256
1290.0009765625	-0.020345687866211	5.71731106902007E-10	5.71731106902007E-10	-1827720729.26663256
1290.04296875	0.02000617980957	3.451532393228263E-10	3.451532393228263E-10	-1827720729.26663256
1290.0849609375	0.060857772827148	7.327116691158153E-10	7.327116691158153E-10	-1827720729.26663256
1290.126953125	0.100656509399414	7.246399036375806E-10	7.246399036375806E-10	-1827720729.26663256
1290.1689453125	0.141155242919922	7.050857675494626E-10	7.050857675494626E-10	-1827720729.26663256
1290.2109375	0.181295394897461	7.099743015714921E-10	7.099743015714921E-10	-1827720729.26663256
1290.2529296875	0.221776962280273	6.406253305613063E-10	6.406253305613063E-10	-1827720729.26663256
1290.294921875	0.261911392211914	5.571791916736402E-10	5.571791916736402E-10	-1827720729.26663256
1290.3369140625	0.302408218383789	5.410356607171707E-10	5.410356607171707E-10	-1827720729.26663256
1290.37890625	0.342906951904297	6.72685018798802E-10	6.72685018798802E-10	-1827720729.26663256
1290.4208984375	0.383022308349609	6.162963472888805E-10	6.162963472888805E-10	-1827720729.26663256
1290.462890625	0.42350959777832	5.654783308273181E-10	5.654783308273181E-10	-1827720729.26663256
1290.5048828125	0.463638305664062	5.547917680814862E-10	5.547917680814862E-10	-1827720729.26663256
1290.546875	0.504138946533203	5.887841325602494E-10	5.887841325602494E-10	-1827720729.26663256
1290.5888671875	0.544286727905273	6.727987056365237E-10	6.727987056365237E-10	-1827720729.26663256
1290.630859375	0.584754943847656	7.041762728476897E-10	7.041762728476897E-10	-1827720729.26663256
1290.6728515625	0.624898910522461	7.565859050373547E-10	7.565859050373547E-10	-1827720729.26663256
1290.71484375	0.665323257446289	7.441940397256985E-10	7.441940397256985E-10	-1827720729.26663256
1290.7568359375	0.705135345458984	7.761400411254726E-10	7.761400411254726E-10	-1827720729.26663256
1290.798828125	0.745944976806641	8.582219379604794E-10	8.582219379604794E-10	-1827720729.26663256
1290.8408203125	0.785751342773437	7.664766599191353E-10	7.664766599191353E-10	-1827720729.26663256
1290.8828125	0.826583862304687	6.969003152335063E-10	6.969003152335063E-10	-1827720729.26663256
1290.9248046875	0.867076873779297	5.956053428235464E-10	5.956053428235464E-10	-1827720729.26663256
1290.966796875	0.906856536865234	6.619984560529701E-10	6.619984560529701E-10	-1827720729.26663256
1291.0087890625	0.947687149047852	1.003058969217818E-9	1.003058969217818E-9	-1827720729.26663256
1291.0498046875	0.987472534179687	1.111629899241962E-9	1.111629899241962E-9	-1827720729.26663256
1291.091796875	1.027963638305664	9.858922567218542E-10	9.858922567218542E-10	-1827720729.26663256
1291.1337890625	1.068115234375	7.410108082694933E-10	7.410108082694933E-10	-1827720729.26663256
1291.17578125	1.108592987060547	6.426716936402954E-10	6.426716936402954E-10	-1827720729.26663256
1291.2177734375	1.148723602294922	8.278675522888079E-10	8.278675522888079E-10	-1827720729.26663256
1291.259765625	1.189212799072266	8.683400665177032E-10	8.683400665177032E-10	-1827720729.26663256
1291.3017578125	1.229358673095703	8.963070285972208E-10	8.963070285972208E-10	-1827720729.26663256
1291.34375	1.26983642578125	8.136566975736059E-10	8.136566975736059E-10	-1827720729.26663256
1291.3857421875	1.309980392456055	6.766640581190586E-10	6.766640581190586E-10	-1827720729.26663256
1291.427734375	1.350440979003906	5.875335773453116E-10	5.875335773453116E-10	-1827720729.26663256
1291.4697265625	1.390859603881836	6.912159733474255E-10	6.912159733474255E-10	-1827720729.26663256
1291.51171875	1.430912017822266	7.865992301958613E-10	7.865992301958613E-10	-1827720729.26663256
1291.5537109375	1.471317291259766	7.373728294624016E-10	7.373728294624016E-10	-1827720729.26663256
1291.595703125	1.511381149291992	6.491518433904275E-10	6.491518433904275E-10	-1827720729.26663256
1291.6376953125	1.551795959472656	6.582467904081568E-10	6.582467904081568E-10	-1827720729.26663256
1291.6796875	1.591875076293945	6.465370461228304E-10	6.465370461228304E-10	-1827720729.26663256
1291.7216796875	1.632261276245117	5.990159479551949E-10	5.990159479551949E-10	-1827720729.26663256
1291.763671875	1.671979904174805	6.144773578853346E-10	6.144773578853346E-10	-1827720729.26663256
1291.8056640625	1.712732315063477	5.129550117999315E-10	5.129550117999315E-10	-1827720729.26663256
1291.84765625	1.752471923828125	3.633431333582848E-10	3.633431333582848E-10	-1827720729.26663256
1291.8896484375	1.792854309082031	3.994955477537587E-10	3.994955477537587E-10	-1827720729.26663256
1291.931640625	1.832937240600586	6.216396286617964E-10	6.216396286617964E-10	-1827720729.26663256
1291.9736328125	1.873332977294922	8.12747202871833E-10	8.12747202871833E-10	-1827720729.26663256
1292.015625	1.913402557373047	6.622258297284134E-10	6.622258297284134E-10	-1827720729.26663256
1292.056640625	1.953786849975586	2.831939127645455E-10	2.831939127645455E-10	-1827720729.26663256
1292.0986328125	1.994195938110352	1.635953594814055E-10	1.635953594814055E-10	-1827720729.26663256
1292.140625	2.034257888793945	1.422222339897417E-10	1.422222339897417E-10	-1827720729.26663256
1292.1826171875	2.074600219726562	3.535660653142259E-10	3.535660653142259E-10	-1827720729.26663256
1292.224609375	2.114669799804687	4.217781679471955E-10	4.217781679471955E-10	-1827720729.26663256
1292.2666015625	2.155063629150391	5.75596459384542E-10	5.75596459384542E-10	-1827720729.26663256
1292.30859375	2.195146560668945	6.746176950400695E-10	6.746176950400695E-10	-1827720729.26663256
1292.3505859375	2.235544204711914	7.680682756472379E-10	7.680682756472379E-10	-1827720729.26663256
1292.392578125	2.275613784790039	5.77642822463531E-10	5.77642822463531E-10	-1827720729.26663256
1292.4345703125	2.316001892089844	4.176854417892173E-10	4.176854417892173E-10	-1827720729.26663256
1292.4765625	2.356082916259766	3.688001015689224E-10	3.688001015689224E-10	-1827720729.26663256
1292.5185546875	2.396465301513672	4.561115929391235E-10	4.561115929391235E-10	-1827720729.26663256
1292.560546875	2.436199188232422	6.571099220309406E-10	6.571099220309406E-10	-1827720729.26663256
1292.6025390625	2.476926803588867	7.187281880760565E-10	7.187281880760565E-10	-1827720729.26663256
1292.64453125	2.517341613769531	7.174776328611188E-10	7.174776328611188E-10	-1827720729.26663256
1292.6865234375	2.55705451965332	6.214122549863532E-10	6.214122549863532E-10	-1827720729.26663256
1292.728515625	2.597814559936523	6.416485121008009E-10	6.416485121008009E-10	-1827720729.26663256
1292.7705078125	2.637535095214844	5.715037332265638E-10	5.715037332265638E-10	-1827720729.26663256
1292.8125	2.677921295166016	5.345555109670386E-10	5.345555109670386E-10	-1827720729.26663256
1292.8544921875	2.717987060546875	5.19321474712342E-10	5.19321474712342E-10	-1827720729.26663256
1292.896484375	2.758455276489258	3.401510184630752E-10	3.401510184630752E-10	-1827720729.26663256
1292.9384765625	2.798608779907227	1.906528268591501E-10	1.906528268591501E-10	-1827720729.26663256
1292.98046875	2.839082717895508	4.524736141320318E-11	4.524736141320318E-11	-1827720729.26663256
1293.0224609375	2.879232406616211	-8.606093615526333E-11	8.606093615526333E-11	-1827720729.26663256
1293.064453125	2.919710159301758	4.547473508864641E-11	4.547473508864641E-11	-1827720729.26663256
1293.1064453125	2.959859848022461	3.774403012357652E-10	3.774403012357652E-10	-1827720729.26663256
1293.1484375	3.000347137451172	6.650680006714538E-10	6.650680006714538E-10	-1827720729.26663256
1361.1484375	-2.395633697509766	-0.100002750754356	0.100002750754356	38.100245498076759
1361.19140625	-2.391408920288086	-0.100002810359001	0.100002810359001	38.100245498076759
1361.2333984375	-2.38963508605957	-0.100003466010094	0.100003466010094	38.100245498076759
1361.275390625	-2.388628005981445	-0.100003033876419	0.100003033876419	38.100245498076759
1361.3173828125	-2.387947082519531	-0.100003078579903	0.100003078579903	38.100245498076759
1361.3603515625	-2.387424468994141	-0.100003242492676	0.100003242492676	38.100245498076759
1361.40234375	-2.387042999267578	-0.100003495812416	0.100003495812416	38.100245498076759
1361.4443359375	-2.386701583862305	-0.100004091858864	0.100004091858864	38.100245498076759
1361.486328125	-2.38642692565918	-0.100003510713577	0.100003510713577	38.100245498076759
1361.529296875	-2.386167526245117	-0.100003972649574	0.100003972649574	38.100245498076759
1361.5712890625	-2.385959625244141	-0.100003153085709	0.100003153085709	38.100245498076759
1361.61328125	-2.385746002197266	-0.100003197789192	0.100003197789192	38.100245498076759
1361.65625	-2.385568618774414	-0.100002765655518	0.100002765655518	38.100245498076759
1361.6982421875	-2.385421752929687	-0.100003063678741	0.100003063678741	38.100245498076759
1361.740234375	-2.38526725769043	-0.10000379383564	0.10000379383564	38.100245498076759
1361.7822265625	-2.385139465332031	-0.100003823637962	0.100003823637962	38.100245498076759
1361.8251953125	-2.356630325317383	-0.098906204104424	0.098906204104424	38.100245498076759
1361.8671875	-2.316553115844727	-0.097330868244171	0.097330868244171	38.100245498076759
1361.9091796875	-2.276157379150391	-0.095738068223	0.095738068223	38.100245498076759
1361.951171875	-2.236078262329102	-0.094150185585022	0.094150185585022	38.100245498076759
1361.9931640625	-2.195682525634766	-0.092541500926018	0.092541500926018	38.100245498076759
1362.03515625	-2.155614852905273	-0.090938493609428	0.090938493609428	38.100245498076759
1362.0771484375	-2.115213394165039	-0.089313536882401	0.089313536882401	38.100245498076759
1362.119140625	-2.075138092041016	-0.087694421410561	0.087694421410561	38.100245498076759
1362.1611328125	-2.034717559814453	-0.086052298545837	0.086052298545837	38.100245498076759
1362.203125	-1.994733810424805	-0.084420830011368	0.084420830011368	38.100245498076759
1362.2451171875	-1.954317092895508	-0.082761511206627	0.082761511206627	38.100245498076759
1362.287109375	-1.914276123046875	-0.081109896302223	0.081109896302223	38.100245498076759
1362.3291015625	-1.873851776123047	-0.079433143138885	0.079433143138885	38.100245498076759
1362.37109375	-1.833438873291016	-0.077746912837029	0.077746912837029	38.100245498076759
1362.4130859375	-1.793367385864258	-0.076064795255661	0.076064795255661	38.100245498076759
1362.4541015625	-1.752969741821289	-0.074360132217407	0.074360132217407	38.100245498076759
1362.49609375	-1.712884902954102	-0.072656959295273	0.072656959295273	38.100245498076759
1362.5380859375	-1.6724853515625	-0.070928111672401	0.070928111672401	38.100245498076759
1362.580078125	-1.632755279541016	-0.069216474890709	0.069216474890709	38.100245498076759
1362.6220703125	-1.591999053955078	-0.067447736859322	0.067447736859322	38.100245498076759
1362.6640625	-1.552297592163086	-0.065711498260498	0.065711498260498	38.100245498076759
1362.7060546875	-1.511861801147461	-0.063930258154869	0.063930258154869	38.100245498076759
1362.748046875	-1.4718017578125	-0.062149941921234	0.062149941921234	38.100245498076759
1362.7900390625	-1.431388854980469	-0.060338586568832	0.060338586568832	38.100245498076759
1362.83203125	-1.391323089599609	-0.058526426553726	0.058526426553726	38.100245498076759
1362.8740234375	-1.350900650024414	-0.056678548455238	0.056678548455238	38.100245498076759
1362.916015625	-1.310451507568359	-0.054812014102936	0.054812014102936	38.100245498076759
1362.9580078125	-1.270292282104492	-0.052936658263206	0.052936658263206	38.100245498076759
1363	-1.229824066162109	-0.051025316119194	0.051025316119194	38.100245498076759
1363.0419921875	-1.189662933349609	-0.049103245139122	0.049103245139122	38.100245498076759
1363.083984375	-1.149169921875	-0.047138527035713	0.047138527035713	38.100245498076759
1363.1259765625	-1.10902214050293	-0.04516039788723	0.04516039788723	38.100245498076759
1363.16796875	-1.068527221679687	-0.043133407831192	0.043133407831192	38.100245498076759
1363.2099609375	-1.028398513793945	-0.04108589887619	0.04108589887619	38.100245498076759
1363.251953125	-0.987890243530273	-0.038976073265076	0.038976073265076	38.100245498076759
1363.2939453125	-0.947761535644531	-0.036839231848717	0.036839231848717	38.100245498076759
1363.3359375	-0.907268524169922	-0.034628540277481	0.034628540277481	38.100245498076759
1363.3779296875	-0.867132186889648	-0.032378971576691	0.032378971576691	38.100245498076759
1363.419921875	-0.826625823974609	-0.030048742890358	0.030048742890358	38.100245498076759
1363.4619140625	-0.786140441894531	-0.027658820152283	0.027658820152283	38.100245498076759
1363.50390625	-0.745977401733398	-0.025234818458557	0.025234818458557	38.100245498076759
1363.5458984375	-0.705507278442383	-0.022746995091438	0.022746995091438	38.100245498076759
1363.587890625	-0.665689468383789	-0.020269259810448	0.020269259810448	38.100245498076759
1363.6298828125	-0.624910354614258	-0.017714396119118	0.017714396119118	38.100245498076759
1363.671875	-0.585117340087891	-0.015221312642097	0.015221312642097	38.100245498076759
1363.7138671875	-0.544273376464844	-0.012682437896729	0.012682437896729	38.100245498076759
1363.755859375	-0.504487991333008	-0.010254502296448	0.010254502296448	38.100245498076759
1363.84375	-0.464168548583984	-0.00786042958498	0.00786042958498	38.100245498076759
1363.8857421875	-0.423984527587891	-0.005648834630847	0.005648834630847	38.100245498076759
1363.927734375	-0.38343620300293	-0.00360207632184	0.00360207632184	38.100245498076759
1363.9697265625	-0.343254089355469	-0.001922097988427	0.001922097988427	38.100245498076759
1364.05859375	-0.302894592285156	-0.000752367079258	0.000752367079258	38.100245498076759
1364.1005859375	-0.262273788452148	-0.000204467098229	0.000204467098229	38.100245498076759
1364.2490234375	-0.222244262695312	-8.070504009083379E-6	8.070504009083379E-6	38.100245498076759
1364.388671875	-0.181516647338867	4.069523129146546E-5	4.069523129146546E-5	38.100245498076759
1364.4306640625	-0.141342163085937	5.459008389152586E-5	5.459008389152586E-5	38.100245498076759
1364.47265625	-0.100822448730469	5.997300468152389E-5	5.997300468152389E-5	38.100245498076759
1364.5146484375	-0.060678482055664	6.311495963018388E-5	6.311495963018388E-5	38.100245498076759
1364.556640625	-0.020185470581055	6.567683885805309E-5	6.567683885805309E-5	38.100245498076759
1364.5986328125	0.0201416015625	6.797759851906449E-5	6.797759851906449E-5	38.100245498076759
1364.640625	0.060995101928711	7.015549635980278E-5	7.015549635980278E-5	38.100245498076759
1364.6826171875	0.100801467895508	7.217976963147521E-5	7.217976963147521E-5	38.100245498076759
1364.724609375	0.141290664672852	7.414855645038188E-5	7.414855645038188E-5	38.100245498076759
1364.7666015625	0.181447982788086	7.603377889608964E-5	7.603377889608964E-5	38.100245498076759
1364.80859375	0.221933364868164	7.785114576108754E-5	7.785114576108754E-5	38.100245498076759
1364.8505859375	0.262069702148437	7.957959314808249E-5	7.957959314808249E-5	38.100245498076759
1364.892578125	0.30255126953125	8.126055035972968E-5	8.126055035972968E-5	38.100245498076759
1364.9345703125	0.343055725097656	8.290237019537017E-5	8.290237019537017E-5	38.100245498076759
1364.9765625	0.383193969726562	8.446245192317292E-5	8.446245192317292E-5	38.100245498076759
1365.0185546875	0.423683166503906	8.598197746323422E-5	8.598197746323422E-5	38.100245498076759
1365.060546875	0.463808059692383	8.742625504964963E-5	8.742625504964963E-5	38.100245498076759
1365.1025390625	0.504308700561523	8.886439900379628E-5	8.886439900379628E-5	38.100245498076759
1365.14453125	0.544456481933594	9.0238761913497E-5	9.0238761913497E-5	38.100245498076759
1365.1865234375	0.584930419921875	9.157891327049583E-5	9.157891327049583E-5	38.100245498076759
1365.228515625	0.625082015991211	9.28484441828914E-5	9.28484441828914E-5	38.100245498076759
1365.2705078125	0.665491104125977	9.411644714418799E-5	9.411644714418799E-5	38.100245498076759
1365.3115234375	0.705310821533203	9.532867989037186E-5	9.532867989037186E-5	38.100245498076759
1365.353515625	0.746133804321289	9.652934386394918E-5	9.652934386394918E-5	38.100245498076759
1365.3955078125	0.785938262939453	9.765970753505826E-5	9.765970753505826E-5	38.100245498076759
1365.4375	0.826763153076172	9.879843855742365E-5	9.879843855742365E-5	38.100245498076759
1365.4794921875	0.867279052734375	9.99038020381704E-5	9.99038020381704E-5	38.100245498076759
1365.521484375	0.907049179077148	0.000100953693618	0.000100953693618	38.100245498076759
1365.5634765625	0.947896957397461	0.000101991958218	0.000101991958218	38.100245498076759
1365.60546875	0.987663269042969	0.000102974569018	0.000102974569018	38.100245498076759
1365.6474609375	1.028177261352539	0.000103969454358	0.000103969454358	38.100245498076759
1365.689453125	1.064924240112305	0.000104842634755	0.000104842634755	38.100245498076759
1365.8251953125	1.108615875244141	0.00010587356519	0.00010587356519	38.100245498076759
1365.8671875	1.148750305175781	0.000106762279756	0.000106762279756	38.100245498076759
1365.908203125	1.189231872558594	0.000107656931505	0.000107656931505	38.100245498076759
1365.9501953125	1.229385375976562	0.000108530279249	0.000108530279249	38.100245498076759
1365.9921875	1.269863128662109	0.00010936812032	0.00010936812032	38.100245498076759
1366.0341796875	1.310014724731445	0.000110174296424	0.000110174296424	38.100245498076759
1366.076171875	1.350469589233398	0.000110978260636	0.000110978260636	38.100245498076759
1366.1181640625	1.390892028808594	0.000111775705591	0.000111775705591	38.100245498076759
1366.16015625	1.430946350097656	0.000112539157271	0.000112539157271	38.100245498076759
1366.2021484375	1.471359252929687	0.000113279558718	0.000113279558718	38.100245498076759
1366.244140625	1.51142692565918	0.000113998306915	0.000113998306915	38.100245498076759
1366.2861328125	1.55183219909668	0.000114724156447	0.000114724156447	38.100245498076759
1366.328125	1.5919189453125	0.000115421134979	0.000115421134979	38.100245498076759
1366.3701171875	1.632293701171875	0.000116091920063	0.000116091920063	38.100245498076759
1366.412109375	1.672012329101562	0.000116740120575	0.000116740120575	38.100245498076759
1366.4541015625	1.7127685546875	0.000117398332804	0.000117398332804	38.100245498076759
1366.49609375	1.752519607543945	0.000118036638014	0.000118036638014	38.100245498076759
1366.5380859375	1.792888641357422	0.000118651310913	0.000118651310913	38.100245498076759
1366.580078125	1.832963943481445	0.000119247473776	0.000119247473776	38.100245498076759
1366.6220703125	1.873359680175781	0.000119841541164	0.000119841541164	38.100245498076759
1366.6640625	1.913440704345703	0.000120438518934	0.000120438518934	38.100245498076759
1366.7060546875	1.953824996948242	0.000121008255519	0.000121008255519	38.100245498076759
1366.748046875	1.994243621826172	0.000121550867334	0.000121550867334	38.100245498076759
1366.7900390625	2.03428840637207	0.000122089404613	0.000122089404613	38.100245498076759
1366.83203125	2.074636459350586	0.000122635974549	0.000122635974549	38.100245498076759
1366.8740234375	2.114715576171875	0.000123159145005	0.000123159145005	38.100245498076759
1366.916015625	2.155105590820312	0.000123658566736	0.000123658566736	38.100245498076759
1366.9580078125	2.195165634155273	0.00012414844241	0.00012414844241	38.100245498076759
1367	2.235574722290039	0.00012464588508	0.00012464588508	38.100245498076759
1367.0419921875	2.275653839111328	0.000125132733956	0.000125132733956	38.100245498076759
1367.083984375	2.316045761108398	0.000125592108816	0.000125592108816	38.100245498076759
1367.1259765625	2.356117248535156	0.000126039958559	0.000126039958559	38.100245498076759
1367.16796875	2.396505355834961	0.000126487691887	0.000126487691887	38.100245498076759
1367.2099609375	2.436235427856445	0.000126936240122	0.000126936240122	38.100245498076759
1367.251953125	2.476951599121094	0.000127369188704	0.000127369188704	38.100245498076759
1367.2939453125	2.517354965209961	0.000127779319882	0.000127779319882	38.100245498076759
1367.3359375	2.557092666625977	0.000128177809529	0.000128177809529	38.100245498076759
1367.376953125	2.597835540771484	0.000128602259792	0.000128602259792	38.100245498076759
1367.4189453125	2.637557983398437	0.000128995976411	0.000128995976411	38.100245498076759
1367.4609375	2.677953720092773	0.000129368854687	0.000129368854687	38.100245498076759
1367.5029296875	2.718011856079102	0.000129758031107	0.000129758031107	38.100245498076759
1367.544921875	2.758487701416016	0.000130116008222	0.000130116008222	38.100245498076759
1367.5869140625	2.798654556274414	0.000130507163703	0.000130507163703	38.100245498076759
1367.62890625	2.839134216308594	0.000130857224576	0.000130857224576	38.100245498076759
1367.6708984375	2.879261016845703	0.000131193199195	0.000131193199195	38.100245498076759
1367.712890625	2.919742584228516	0.000131533131935	0.000131533131935	38.100245498076759
1367.7548828125	2.959903717041016	0.000131884473376	0.000131884473376	38.100245498076759
1367.796875	3.000385284423828	0.0001322098542	0.0001322098542	38.100245498076759
