[INFO]
Keithley 2400
Meas Time: 2021/1/19 14:51:52
Params: GPIB address = GPIB0::21::INSTR; DataFile = D:\工艺实验\唐羿; Compliance  Level (0.1) = 0.100000000000000; Number of Points (5) = 200; Minimum Amplitude (1) = -3.000000000000000; Maximum Amplitude (2) = 3.000000000000000; Timeout (100000 ms) = 100000; Source Mode  (0: Voltage) = 0; 4-wire? = FALSE; delay(S) = 0.000000000000000; Start = ; 

[COMMENT]


[DATA]
time (s)	Voltage (V)	Current (A)	absCurrent (A)	Fitting Resistance (Ohms)

6622.01367187499999	-3.000717163085937	-0.001859297975898	0.001859297975898	25.820264591055945
6622.05566406249999	-2.970890045166016	-0.001858740113676	0.001858740113676	25.820264591055945
6622.09765624999999	-2.940345764160156	-0.001857278868556	0.001857278868556	25.820264591055945
6622.13964843749999	-2.910120010375977	-0.001855791546404	0.001855791546404	25.820264591055945
6622.18164062499999	-2.879934310913086	-0.001854763366282	0.001854763366282	25.820264591055945
6622.22363281249999	-2.849723815917969	-0.00185367744416	0.00185367744416	25.820264591055945
6622.26562499999999	-2.819511413574219	-0.001852123066783	0.001852123066783	25.820264591055945
6622.30761718749999	-2.789352416992187	-0.001850476488471	0.001850476488471	25.820264591055945
6622.34960937499999	-2.759475708007812	-0.001848953776062	0.001848953776062	25.820264591055945
6622.39160156249999	-2.728891372680664	-0.001847546547651	0.001847546547651	25.820264591055945
6622.43359374999999	-2.698789596557617	-0.001846259459853	0.001846259459853	25.820264591055945
6622.47558593749999	-2.668996810913086	-0.001844249665737	0.001844249665737	25.820264591055945
6622.51757812499999	-2.638545989990234	-0.001842303201556	0.001842303201556	25.820264591055945
6622.55957031249999	-2.608417510986328	-0.001840778626502	0.001840778626502	25.820264591055945
6622.60156249999999	-2.578628540039062	-0.00183929130435	0.00183929130435	25.820264591055945
6622.64355468749999	-2.548158645629883	-0.001837275922298	0.001837275922298	25.820264591055945
6622.68554687499999	-2.518026351928711	-0.001835256814957	0.001835256814957	25.820264591055945
6622.72753906249999	-2.488250732421875	-0.001833484508097	0.001833484508097	25.820264591055945
6622.76953124999999	-2.458135604858398	-0.001831598579884	0.001831598579884	25.820264591055945
6622.81152343749999	-2.427669525146484	-0.00183001998812	0.00183001998812	25.820264591055945
6622.85351562499999	-2.397886276245117	-0.001827705651522	0.001827705651522	25.820264591055945
6622.89550781249999	-2.367744445800781	-0.001825195737183	0.001825195737183	25.820264591055945
6622.93749999999999	-2.337276458740234	-0.001823287457228	0.001823287457228	25.820264591055945
6622.97949218749999	-2.307497024536133	-0.001821403391659	0.001821403391659	25.820264591055945
6623.02148437499999	-2.277376174926758	-0.001819195225835	0.001819195225835	25.820264591055945
6623.06347656249999	-2.246902465820312	-0.001816529780626	0.001816529780626	25.820264591055945
6623.10546874999999	-2.21711540222168	-0.001814117655158	0.001814117655158	25.820264591055945
6623.14746093749999	-2.186986923217773	-0.001812037080526	0.001812037080526	25.820264591055945
6623.18945312499999	-2.156854629516602	-0.001809897832572	0.001809897832572	25.820264591055945
6623.23144531249999	-2.126382827758789	-0.001807020045817	0.001807020045817	25.820264591055945
6623.27343749999999	-2.096609115600586	-0.001804475672543	0.001804475672543	25.820264591055945
6623.31542968749999	-2.066471099853516	-0.001802009530365	0.001802009530365	25.820264591055945
6623.35742187499999	-2.03599739074707	-0.00179969612509	0.00179969612509	25.820264591055945
6623.39941406249999	-2.006284713745117	-0.001796959899366	0.001796959899366	25.820264591055945
6623.44140624999999	-1.976142883300781	-0.001793839037418	0.001793839037418	25.820264591055945
6623.48339843749999	-1.945669174194336	-0.001791113987565	0.001791113987565	25.820264591055945
6623.52539062499999	-1.915916442871094	-0.001788727939129	0.001788727939129	25.820264591055945
6623.56738281249999	-1.885774612426758	-0.001785972155631	0.001785972155631	25.820264591055945
6623.60937499999999	-1.855978012084961	-0.001782584935427	0.001782584935427	25.820264591055945
6623.65136718749999	-1.825521469116211	-0.001779363490641	0.001779363490641	25.820264591055945
6623.69335937499999	-1.795375823974609	-0.001776609569788	0.001776609569788	25.820264591055945
6623.73535156249999	-1.765613555908203	-0.001773609779775	0.001773609779775	25.820264591055945
6623.77734374999999	-1.735153198242187	-0.001770379953086	0.001770379953086	25.820264591055945
6623.81933593749999	-1.704990386962891	-0.001766804605722	0.001766804605722	25.820264591055945
6623.86132812499999	-1.675210952758789	-0.00176355522126	0.00176355522126	25.820264591055945
6623.90332031249999	-1.644748687744141	-0.001760386861861	0.001760386861861	25.820264591055945
6623.94531249999999	-1.614622116088867	-0.00175700802356	0.00175700802356	25.820264591055945
6623.98632812499999	-1.584842681884766	-0.001753194257617	0.001753194257617	25.820264591055945
6624.02832031249999	-1.554718017578125	-0.001749436371028	0.001749436371028	25.820264591055945
6624.07031249999999	-1.524240493774414	-0.001746086403728	0.001746086403728	25.820264591055945
6624.11230468749999	-1.494112014770508	-0.001742397435009	0.001742397435009	25.820264591055945
6624.15429687499999	-1.464326858520508	-0.00173840392381	0.00173840392381	25.820264591055945
6624.19628906249999	-1.433849334716797	-0.001734175719321	0.001734175719321	25.820264591055945
6624.23828124999999	-1.403720855712891	-0.001730315387249	0.001730315387249	25.820264591055945
6624.28027343749999	-1.373943328857422	-0.001726510003209	0.001726510003209	25.820264591055945
6624.32226562499999	-1.34345817565918	-0.001722305081785	0.001722305081785	25.820264591055945
6624.36425781249999	-1.313287734985352	-0.001717670820653	0.001717670820653	25.820264591055945
6624.40624999999999	-1.283418655395508	-0.001713084988296	0.001713084988296	25.820264591055945
6624.44824218749999	-1.253227233886719	-0.001709014177322	0.001709014177322	25.820264591055945
6624.49023437499999	-1.222707748413086	-0.001704664900899	0.001704664900899	25.820264591055945
6624.53222656249999	-1.192848205566406	-0.001699674874544	0.001699674874544	25.820264591055945
6624.57421874999999	-1.162631988525391	-0.001694723032415	0.001694723032415	25.820264591055945
6624.61621093749999	-1.132101058959961	-0.001689866185188	0.001689866185188	25.820264591055945
6624.65820312499999	-1.102237701416016	-0.001685243099928	0.001685243099928	25.820264591055945
6624.70019531249999	-1.072029113769531	-0.001679977402091	0.001679977402091	25.820264591055945
6624.74218749999999	-1.041513442993164	-0.001674280501902	0.001674280501902	25.820264591055945
6624.78417968749999	-1.011638641357422	-0.001668993383646	0.001668993383646	25.820264591055945
6624.82617187499999	-0.981426239013672	-0.001663743518293	0.001663743518293	25.820264591055945
6624.86816406249999	-0.951595306396484	-0.001658372581005	0.001658372581005	25.820264591055945
6624.91015624999999	-0.921037673950195	-0.001652271486819	0.001652271486819	25.820264591055945
6624.95214843749999	-0.890836715698242	-0.001646182499826	0.001646182499826	25.820264591055945
6624.99414062499999	-0.860651016235352	-0.001640266738832	0.001640266738832	25.820264591055945
6625.03613281249999	-0.830110549926758	-0.00163409858942	0.00163409858942	25.820264591055945
6625.07812499999999	-0.800239562988281	-0.001627716235816	0.001627716235816	25.820264591055945
6625.12011718749999	-0.770051956176758	-0.001620928756893	0.001620928756893	25.820264591055945
6625.16210937499999	-0.739498138427734	-0.001614096574485	0.001614096574485	25.820264591055945
6625.20410156249999	-0.709648132324219	-0.00160756893456	0.00160756893456	25.820264591055945
6625.24609374999999	-0.679454803466797	-0.001600811257958	0.001600811257958	25.820264591055945
6625.28808593749999	-0.648904800415039	-0.001593081280589	0.001593081280589	25.820264591055945
6625.33007812499999	-0.619108200073242	-0.001585504971445	0.001585504971445	25.820264591055945
6625.37207031249999	-0.588916778564453	-0.001578127034009	0.001578127034009	25.820264591055945
6625.41406249999999	-0.559053421020508	-0.001570585183799	0.001570585183799	25.820264591055945
6625.45605468749999	-0.528530120849609	-0.001562157645822	0.001562157645822	25.820264591055945
6625.49804687499999	-0.498329162597656	-0.001553689129651	0.001553689129651	25.820264591055945
6625.54003906249999	-0.468471527099609	-0.001545152626932	0.001545152626932	25.820264591055945
6625.58203124999999	-0.437923431396484	-0.001536256633699	0.001536256633699	25.820264591055945
6625.62402343749999	-0.407711029052734	-0.001527338288724	0.001527338288724	25.820264591055945
6625.66601562499999	-0.377862930297852	-0.001517781056464	0.001517781056464	25.820264591055945
6625.70800781249999	-0.347333908081055	-0.001507755368948	0.001507755368948	25.820264591055945
6625.74999999999999	-0.317131042480469	-0.001497814431787	0.001497814431787	25.820264591055945
6625.79199218749999	-0.287277221679687	-0.001487746834755	0.001487746834755	25.820264591055945
6625.83398437499999	-0.25706672668457	-0.001476951874793	0.001476951874793	25.820264591055945
6625.87597656249999	-0.226526260375977	-0.001465450972319	0.001465450972319	25.820264591055945
6625.91796874999999	-0.196664810180664	-0.001453791745007	0.001453791745007	25.820264591055945
6625.95996093749999	-0.166477203369141	-0.001441901549697	0.001441901549697	25.820264591055945
6626.00097656249999	-0.135931015014648	-0.001429569907486	0.001429569907486	25.820264591055945
6626.04296874999999	-0.105718612670898	-0.001416146755219	0.001416146755219	25.820264591055945
6626.08496093749999	-0.075870513916016	-0.001402235589921	0.001402235589921	25.820264591055945
6626.12695312499999	-0.045328140258789	-0.001387205906212	0.001387205906212	25.820264591055945
6626.16894531249999	-0.015111923217773	-0.001370095647871	0.001370095647871	25.820264591055945
6626.21191406249999	0.015340805053711	-0.001346914097667	0.001346914097667	25.820264591055945
6626.25390624999999	0.045202255249023	-0.001310776919127	0.001310776919127	25.820264591055945
6626.29589843749999	0.075756072998047	-0.001244822517037	0.001244822517037	25.820264591055945
6626.33789062499999	0.105945587158203	-0.001131947152317	0.001131947152317	25.820264591055945
6626.42675781249999	0.135641098022461	-0.00096048694104	0.00096048694104	25.820264591055945
6626.46874999999999	0.166250228881836	-0.000724193640053	0.000724193640053	25.820264591055945
6626.51074218749999	0.196475982666016	-0.00041994615458	0.00041994615458	25.820264591055945
6626.60351562499999	0.226373672485352	-2.103226142935455E-5	2.103226142935455E-5	25.820264591055945
6626.73925781249999	0.257070541381836	0.000520838540979	0.000520838540979	25.820264591055945
6626.87402343749999	0.28717041015625	0.001301990821958	0.001301990821958	25.820264591055945
6626.91601562499999	0.31706428527832	0.002407183870673	0.002407183870673	25.820264591055945
6626.95800781249999	0.3472900390625	0.003911721520126	0.003911721520126	25.820264591055945
6626.99999999999999	0.377853393554687	0.005772613920271	0.005772613920271	25.820264591055945
6627.04199218749999	0.407754898071289	0.007847250439227	0.007847250439227	25.820264591055945
6627.08398437499999	0.43800163269043	0.010132457129657	0.010132457129657	25.820264591055945
6627.17187499999999	0.468353271484375	0.012802548706532	0.012802548706532	25.820264591055945
6627.21386718749999	0.498559951782227	0.01536963135004	0.01536963135004	25.820264591055945
6627.25585937499999	0.528430938720703	0.017987586557865	0.017987586557865	25.820264591055945
6627.29785156249999	0.558965682983398	0.020725965499878	0.020725965499878	25.820264591055945
6627.33984374999999	0.589149475097656	0.023481637239456	0.023481637239456	25.820264591055945
6627.38183593749999	0.619016647338867	0.026251189410686	0.026251189410686	25.820264591055945
6627.42382812499999	0.649164199829102	0.02908169478178	0.02908169478178	25.820264591055945
6627.46582031249999	0.679714202880859	0.031976580619812	0.031976580619812	25.820264591055945
6627.50781249999999	0.709571838378906	0.034821644425392	0.034821644425392	25.820264591055945
6627.54980468749999	0.739774703979492	0.037762805819511	0.037762805819511	25.820264591055945
6627.59179687499999	0.770320892333984	0.040760792791843	0.040760792791843	25.820264591055945
6627.63378906249999	0.800182342529297	0.043712213635445	0.043712213635445	25.820264591055945
6627.67578124999999	0.830387115478516	0.046752378344536	0.046752378344536	25.820264591055945
6627.71777343749999	0.860944747924805	0.049894735217094	0.049894735217094	25.820264591055945
6627.75976562499999	0.890806198120117	0.053070366382599	0.053070366382599	25.820264591055945
6627.80175781249999	0.920984268188477	0.056337311863899	0.056337311863899	25.820264591055945
6627.84374999999999	0.950864791870117	0.059629134833813	0.059629134833813	25.820264591055945
6627.88574218749999	0.981407165527344	0.063113041222095	0.063113041222095	25.820264591055945
6627.92773437499999	1.011606216430664	0.066613778471947	0.066613778471947	25.820264591055945
6627.96972656249999	1.041484832763672	0.070020414888859	0.070020414888859	25.820264591055945
6628.01171874999999	1.072023391723633	0.073485806584358	0.073485806584358	25.820264591055945
6628.05371093749999	1.102216720581055	0.076993748545647	0.076993748545647	25.820264591055945
6628.09570312499999	1.132083892822266	0.080487035214901	0.080487035214901	25.820264591055945
6628.13671874999999	1.162616729736328	0.084082558751106	0.084082558751106	25.820264591055945
6628.17871093749999	1.192827224731445	0.087648995220661	0.087648995220661	25.820264591055945
6628.22070312499999	1.222715377807617	0.09116730093956	0.09116730093956	25.820264591055945
6628.26269531249999	1.253231048583984	0.094746693968773	0.094746693968773	25.820264591055945
6628.30468749999999	1.283445358276367	0.098213851451874	0.098213851451874	25.820264591055945
6628.34667968749999	1.297031402587891	0.100002251565456	0.100002251565456	25.820264591055945
6628.38867187499999	1.295587539672852	0.100002773106098	0.100002773106098	25.820264591055945
6628.43164062499999	1.294612884521484	0.100002780556679	0.100002780556679	25.820264591055945
6628.47363281249999	1.293916702270508	0.10000279545784	0.10000279545784	25.820264591055945
6628.51562499999999	1.293371200561523	0.100002780556679	0.100002780556679	25.820264591055945
6628.55761718749999	1.292991638183594	0.100002802908421	0.100002802908421	25.820264591055945
6628.60058593749999	1.292654037475586	0.100002788007259	0.100002788007259	25.820264591055945
6628.64257812499999	1.292379379272461	0.100002788007259	0.100002788007259	25.820264591055945
6628.68457031249999	1.292055130004883	0.100002750754356	0.100002750754356	25.820264591055945
6628.72656249999999	1.291790008544922	0.100002750754356	0.100002750754356	25.820264591055945
6628.76953124999999	1.291482925415039	0.100002780556679	0.100002780556679	25.820264591055945
6628.81152343749999	1.291181564331055	0.100002758204937	0.100002758204937	25.820264591055945
6628.85351562499999	1.290958404541016	0.100002743303776	0.100002743303776	25.820264591055945
6628.89648437499999	1.290765762329102	0.100002773106098	0.100002773106098	25.820264591055945
6628.93847656249999	1.290565490722656	0.100002788007259	0.100002788007259	25.820264591055945
6628.98046874999999	1.290372848510742	0.100002728402615	0.100002728402615	25.820264591055945
6629.02246093749999	1.290172576904297	0.100002773106098	0.100002773106098	25.820264591055945
6629.06542968749999	1.290006637573242	0.100002765655518	0.100002765655518	25.820264591055945
6629.10742187499999	1.289825439453125	0.100002750754356	0.100002750754356	25.820264591055945
6629.14941406249999	1.289680480957031	0.100002743303776	0.100002743303776	25.820264591055945
6629.19140624999999	1.289518356323242	0.100002750754356	0.100002750754356	25.820264591055945
6629.23437499999999	1.289432525634766	0.100002765655518	0.100002765655518	25.820264591055945
6629.27636718749999	1.28929328918457	0.100002765655518	0.100002765655518	25.820264591055945
6629.31835937499999	1.289144515991211	0.100002788007259	0.100002788007259	25.820264591055945
6629.36035156249999	1.289037704467773	0.100002758204937	0.100002758204937	25.820264591055945
6629.40332031249999	1.288951873779297	0.100002743303776	0.100002743303776	25.820264591055945
6629.44531249999999	1.288860321044922	0.100002728402615	0.100002728402615	25.820264591055945
6629.48730468749999	1.28875732421875	0.100002743303776	0.100002743303776	25.820264591055945
6629.52929687499999	1.28868293762207	0.100002750754356	0.100002750754356	25.820264591055945
6629.57226562499999	1.288585662841797	0.100002758204937	0.100002758204937	25.820264591055945
6629.61425781249999	1.288503646850586	0.100002773106098	0.100002773106098	25.820264591055945
6629.65624999999999	1.288446426391602	0.100002735853195	0.100002735853195	25.820264591055945
6629.69824218749999	1.288389205932617	0.100002713501453	0.100002713501453	25.820264591055945
6629.74121093749999	1.288297653198242	0.100002750754356	0.100002750754356	25.820264591055945
6629.78320312499999	1.288238525390625	0.100002735853195	0.100002735853195	25.820264591055945
6629.82519531249999	1.288173675537109	0.100002728402615	0.100002728402615	25.820264591055945
6629.86718749999999	1.288093566894531	0.100002720952034	0.100002720952034	25.820264591055945
6629.91015624999999	1.288030624389648	0.100002728402615	0.100002728402615	25.820264591055945
6629.95214843749999	1.287923812866211	0.100002720952034	0.100002720952034	25.820264591055945
6629.99414062499999	1.287845611572266	0.100002743303776	0.100002743303776	25.820264591055945
6630.03613281249999	1.287788391113281	0.100002728402615	0.100002728402615	25.820264591055945
6630.07910156249999	1.287759780883789	0.100002765655518	0.100002765655518	25.820264591055945
6630.12109374999999	1.287677764892578	0.100002788007259	0.100002788007259	25.820264591055945
6630.16308593749999	1.28761100769043	0.100002713501453	0.100002713501453	25.820264591055945
6630.20507812499999	1.28761100769043	0.100002713501453	0.100002713501453	25.820264591055945
6630.24804687499999	1.287544250488281	0.100002720952034	0.100002720952034	25.820264591055945
6630.29003906249999	1.287504196166992	0.100002720952034	0.100002720952034	25.820264591055945
6630.33203124999999	1.287450790405273	0.100002728402615	0.100002728402615	25.820264591055945
6630.37402343749999	1.287439346313477	0.100002706050873	0.100002706050873	25.820264591055945
6630.41699218749999	1.287364959716797	0.100002728402615	0.100002728402615	25.820264591055945
6630.45898437499999	1.287302017211914	0.100002691149712	0.100002691149712	25.820264591055945
6630.50097656249999	1.287220001220703	0.100002698600292	0.100002698600292	25.820264591055945
6630.54296874999999	1.287141799926758	0.10000266879797	0.10000266879797	25.820264591055945
6630.58593749999999	1.287080764770508	0.100002661347389	0.100002661347389	25.820264591055945
6630.62792968749999	1.287004470825195	0.100002661347389	0.100002661347389	25.820264591055945
6630.66992187499999	1.286941528320312	0.100002653896809	0.100002653896809	25.820264591055945
6630.71191406249999	1.286872863769531	0.100002683699131	0.100002683699131	25.820264591055945
