[INFO]
Keithley 2400
Meas Time: 2021/1/19 11:00:01
Params: GPIB address = GPIB0::21::INSTR; DataFile = D:\工艺实验\孙俊彦; Compliance  Level (0.1) = 0.100000000000000; Number of Points (5) = 100; Minimum Amplitude (1) = -3.000000000000000; Maximum Amplitude (2) = 3.000000000000000; Timeout (100000 ms) = 100000; Source Mode  (0: Voltage) = 0; 4-wire? = FALSE; delay(S) = 0.000000000000000; Start = ; 

[COMMENT]


[DATA]
time (s)	Voltage (V)	Current (A)	absCurrent (A)	Fitting Resistance (Ohms)

10968.646484375	-3.000688552856445	-9.988525562221184E-10	9.988525562221184E-10	340497704.308030546
10968.6875	-2.940305709838867	-9.947598300641403E-11	9.947598300641403E-11	340497704.308030546
10968.7294921875	-2.879566192626953	-1.368789526168257E-10	1.368789526168257E-10	340497704.308030546
10968.771484375	-2.818479537963867	-1.626858647796325E-10	1.626858647796325E-10	340497704.308030546
10968.8134765625	-2.758068084716797	-8.189999789465219E-10	8.189999789465219E-10	340497704.308030546
10968.85546875	-2.697385787963867	-1.816715666791424E-9	1.816715666791424E-9	340497704.308030546
10968.8974609375	-2.636796951293945	-9.846417015069164E-10	9.846417015069164E-10	340497704.308030546
10968.939453125	-2.57652473449707	-5.88329385209363E-10	5.88329385209363E-10	340497704.308030546
10968.9814453125	-2.515604019165039	-1.346393219137099E-9	1.346393219137099E-9	340497704.308030546
10969.0234375	-2.454996109008789	-1.312514541496057E-9	1.312514541496057E-9	340497704.308030546
10969.0654296875	-2.394748687744141	-4.910816642222926E-9	4.910816642222926E-9	340497704.308030546
10969.107421875	-2.334146499633789	-6.506297722808085E-10	6.506297722808085E-10	340497704.308030546
10969.1494140625	-2.273229598999023	-6.317577572190203E-10	6.317577572190203E-10	340497704.308030546
10969.19140625	-2.212957382202148	2.856950231944211E-10	2.856950231944211E-10	340497704.308030546
10969.2333984375	-2.152359008789062	1.786361281119753E-9	1.786361281119753E-9	340497704.308030546
10969.275390625	-2.092119216918945	1.921762304846197E-9	1.921762304846197E-9	340497704.308030546
10969.3173828125	-2.031490325927734	1.23748122859979E-9	1.23748122859979E-9	340497704.308030546
10969.359375	-1.97062873840332	5.975380190648139E-10	5.975380190648139E-10	340497704.308030546
10969.4013671875	-1.910400390625	3.99722921429202E-10	3.99722921429202E-10	340497704.308030546
10969.443359375	-1.849788665771484	7.925109457573853E-10	7.925109457573853E-10	340497704.308030546
10969.4853515625	-1.789522171020508	1.07490905065788E-9	1.07490905065788E-9	340497704.308030546
10969.52734375	-1.728940963745117	1.212697497976478E-9	1.212697497976478E-9	340497704.308030546
10969.5693359375	-1.667970657348633	1.519993020338006E-9	1.519993020338006E-9	340497704.308030546
10969.611328125	-1.607732772827148	1.465650711907074E-9	1.465650711907074E-9	340497704.308030546
10969.6533203125	-1.547130584716797	1.517491909908131E-9	1.517491909908131E-9	340497704.308030546
10969.6953125	-1.486871719360352	1.445641828468069E-9	1.445641828468069E-9	340497704.308030546
10969.7373046875	-1.425914764404297	1.581611286383122E-9	1.581611286383122E-9	340497704.308030546
10969.779296875	-1.365329742431641	1.673697624937631E-9	1.673697624937631E-9	340497704.308030546
10969.8212890625	-1.305000305175781	1.775788405211642E-9	1.775788405211642E-9	340497704.308030546
10969.86328125	-1.244253158569336	1.505100044596475E-9	1.505100044596475E-9	340497704.308030546
10969.904296875	-1.183523178100586	1.523517312307376E-9	1.523517312307376E-9	340497704.308030546
10969.9462890625	-1.122459411621094	1.38732048071688E-9	1.38732048071688E-9	340497704.308030546
10969.98828125	-1.062055587768555	1.14107479021186E-9	1.14107479021186E-9	340497704.308030546
10970.0302734375	-1.001310348510742	1.046032593876589E-9	1.046032593876589E-9	340497704.308030546
10970.072265625	-0.940919876098633	8.078586688498035E-10	8.078586688498035E-10	340497704.308030546
10970.1142578125	-0.880186080932617	7.904645826783963E-10	7.904645826783963E-10	340497704.308030546
10970.15625	-0.819095611572266	9.198402040055953E-10	9.198402040055953E-10	340497704.308030546
10970.1982421875	-0.758693695068359	9.550831236992963E-10	9.550831236992963E-10	340497704.308030546
10970.240234375	-0.697959899902344	9.43600753089413E-10	9.43600753089413E-10	340497704.308030546
10970.2822265625	-0.637550354003906	1.115154191211332E-9	1.115154191211332E-9	340497704.308030546
10970.32421875	-0.576875686645508	1.304329089180101E-9	1.304329089180101E-9	340497704.308030546
10970.3662109375	-0.515802383422852	1.499643076385837E-9	1.499643076385837E-9	340497704.308030546
10970.408203125	-0.455385208129883	1.726903064991347E-9	1.726903064991347E-9	340497704.308030546
10970.4501953125	-0.3946533203125	2.401975507382303E-9	2.401975507382303E-9	340497704.308030546
10970.4921875	-0.334274291992187	5.26210897078272E-9	5.26210897078272E-9	340497704.308030546
10970.5341796875	-0.273166656494141	-1.296029950026423E-10	1.296029950026423E-10	340497704.308030546
10970.576171875	-0.212444305419922	-3.56249074684456E-9	3.56249074684456E-9	340497704.308030546
10970.6181640625	-0.152065277099609	-1.763282853062265E-9	1.763282853062265E-9	340497704.308030546
10970.66015625	-0.091300964355469	7.772769095026888E-10	7.772769095026888E-10	340497704.308030546
10970.7021484375	-0.030895233154297	1.742364474921487E-9	1.742364474921487E-9	340497704.308030546
10970.744140625	0.030830383300781	2.401975507382303E-9	2.401975507382303E-9	340497704.308030546
10970.7861328125	0.091573715209961	2.977003532578237E-9	2.977003532578237E-9	340497704.308030546
10970.828125	0.151968002319336	2.684600985958241E-9	2.684600985958241E-9	340497704.308030546
10970.8701171875	0.212711334228516	3.321133590361569E-9	3.321133590361569E-9	340497704.308030546
10970.912109375	0.273101806640625	1.908006197481882E-9	1.908006197481882E-9	340497704.308030546
10970.9541015625	0.334190368652344	1.695866558293346E-9	1.695866558293346E-9	340497704.308030546
10970.99609375	0.394914627075195	1.12913767225109E-9	1.12913767225109E-9	340497704.308030546
10971.0380859375	0.455305099487305	9.617906471248716E-10	9.617906471248716E-10	340497704.308030546
10971.080078125	0.516059875488281	1.066723598341923E-9	1.066723598341923E-9	340497704.308030546
10971.1220703125	0.577110290527344	1.043645170284435E-9	1.043645170284435E-9	340497704.308030546
10971.1640625	0.637428283691406	1.127318682847545E-9	1.127318682847545E-9	340497704.308030546
10971.2060546875	0.698202133178711	9.322320693172514E-10	9.322320693172514E-10	340497704.308030546
10971.248046875	0.758579254150391	8.251390681834891E-10	8.251390681834891E-10	340497704.308030546
10971.2900390625	0.81932258605957	7.885319064371288E-10	7.885319064371288E-10	340497704.308030546
10971.33203125	0.88041877746582	1.060698195942678E-9	1.060698195942678E-9	340497704.308030546
10971.373046875	0.940793991088867	8.078586688498035E-10	8.078586688498035E-10	340497704.308030546
10971.4150390625	1.001533508300781	1.012494976748712E-9	1.012494976748712E-9	340497704.308030546
10971.45703125	1.061933517456055	1.135049387812614E-9	1.135049387812614E-9	340497704.308030546
10971.4990234375	1.12266731262207	1.365719981549773E-9	1.365719981549773E-9	340497704.308030546
10971.541015625	1.183742523193359	1.464741217205301E-9	1.464741217205301E-9	340497704.308030546
10971.5830078125	1.244146347045898	1.919602254929487E-9	1.919602254929487E-9	340497704.308030546
10971.625	1.304880142211914	2.19347384700086E-9	2.19347384700086E-9	340497704.308030546
10971.6669921875	1.365215301513672	1.281819095311221E-9	1.281819095311221E-9	340497704.308030546
10971.708984375	1.425800323486328	9.589484761818312E-10	9.589484761818312E-10	340497704.308030546
10971.7509765625	1.486772537231445	1.120611159421969E-9	1.120611159421969E-9	340497704.308030546
10971.79296875	1.547025680541992	1.144030647992622E-9	1.144030647992622E-9	340497704.308030546
10971.8349609375	1.607614517211914	1.004877958621364E-9	1.004877958621364E-9	340497704.308030546
10971.876953125	1.667865753173828	9.671339284977876E-10	9.671339284977876E-10	340497704.308030546
10971.9189453125	1.728816986083984	1.134367266786285E-9	1.134367266786285E-9	340497704.308030546
10971.9609375	1.789402008056641	1.116973180614877E-9	1.116973180614877E-9	340497704.308030546
10972.0029296875	1.849666595458984	1.1002612154698E-9	1.1002612154698E-9	340497704.308030546
10972.044921875	1.910263061523437	1.082071321434341E-9	1.082071321434341E-9	340497704.308030546
10972.0869140625	1.97050666809082	9.69066604739055E-10	9.69066604739055E-10	340497704.308030546
10972.12890625	2.031438827514648	7.547669156338088E-10	7.547669156338088E-10	340497704.308030546
10972.1708984375	2.091981887817383	6.747313818777911E-10	6.747313818777911E-10	340497704.308030546
10972.212890625	2.152227401733398	5.783249434898607E-10	5.783249434898607E-10	340497704.308030546
10972.2548828125	2.212831497192383	4.720277502201498E-10	4.720277502201498E-10	340497704.308030546
10972.2958984375	2.273088455200195	-5.654783308273181E-10	5.654783308273181E-10	340497704.308030546
10972.337890625	2.334001541137695	-2.976321411551908E-10	2.976321411551908E-10	340497704.308030546
10972.3798828125	2.394590377807617	3.871036824421026E-10	3.871036824421026E-10	340497704.308030546
10972.421875	2.454862594604492	1.059902388078626E-9	1.059902388078626E-9	340497704.308030546
10972.4638671875	2.515447616577148	1.844796315708663E-9	1.844796315708663E-9	340497704.308030546
10972.505859375	2.576406478881836	1.557737050461583E-9	1.557737050461583E-9	340497704.308030546
10972.5478515625	2.636642456054687	1.258399606740568E-9	1.258399606740568E-9	340497704.308030546
10972.58984375	2.697229385375977	6.331219992716797E-10	6.331219992716797E-10	340497704.308030546
10972.6318359375	2.757549285888672	1.609805622138083E-10	1.609805622138083E-10	340497704.308030546
10972.673828125	2.818304061889648	2.443130142637528E-10	2.443130142637528E-10	340497704.308030546
10972.7158203125	2.879375457763672	3.124114300590008E-10	3.124114300590008E-10	340497704.308030546
10972.7578125	2.939773559570312	8.128608897095546E-10	8.128608897095546E-10	340497704.308030546
10972.7998046875	3.000518798828125	1.086959855456371E-9	1.086959855456371E-9	340497704.308030546
10999.3369140625	-3.000682830810547	-2.747810867731459E-10	2.747810867731459E-10	-176463247.980175734
10999.37890625	-2.9403076171875	1.738499122438952E-9	1.738499122438952E-9	-176463247.980175734
10999.4208984375	-2.879566192626953	1.835360308177769E-9	1.835360308177769E-9	-176463247.980175734
10999.462890625	-2.818477630615234	2.964839040942024E-9	2.964839040942024E-9	-176463247.980175734
10999.5048828125	-2.758054733276367	4.161051947448868E-9	4.161051947448868E-9	-176463247.980175734
10999.546875	-2.697381973266602	2.05488959181821E-9	2.05488959181821E-9	-176463247.980175734
10999.5888671875	-2.636796951293945	1.182684172817972E-9	1.182684172817972E-9	-176463247.980175734
10999.630859375	-2.576539993286133	1.173475538962521E-9	1.173475538962521E-9	-176463247.980175734
10999.6728515625	-2.515600204467773	8.993765732157044E-10	8.993765732157044E-10	-176463247.980175734
10999.71484375	-2.454996109008789	1.329794940829743E-9	1.329794940829743E-9	-176463247.980175734
10999.7568359375	-2.394744873046875	1.517491909908131E-9	1.517491909908131E-9	-176463247.980175734
10999.798828125	-2.33415412902832	1.281932782148942E-9	1.281932782148942E-9	-176463247.980175734
10999.8408203125	-2.273229598999023	1.187004272651393E-9	1.187004272651393E-9	-176463247.980175734
10999.8828125	-2.212963104248047	1.040007191477343E-9	1.040007191477343E-9	-176463247.980175734
10999.9248046875	-2.152360916137695	1.002831595542375E-9	1.002831595542375E-9	-176463247.980175734
10999.966796875	-2.092126846313477	7.668177204323001E-10	7.668177204323001E-10	-176463247.980175734
11000.0087890625	-2.031503677368164	2.983142621815205E-10	2.983142621815205E-10	-176463247.980175734
11000.05078125	-1.970634460449219	-1.8712853488978E-10	1.8712853488978E-10	-176463247.980175734
11000.0927734375	-1.910396575927734	-1.51885615196079E-10	1.51885615196079E-10	-176463247.980175734
11000.134765625	-1.849775314331055	6.24140739091672E-10	6.24140739091672E-10	-176463247.980175734
11000.1767578125	-1.789518356323242	1.231569513038266E-9	1.231569513038266E-9	-176463247.980175734
11000.21875	-1.728940963745117	1.60605395649327E-9	1.60605395649327E-9	-176463247.980175734
11000.2607421875	-1.667980194091797	2.857973413483705E-9	2.857973413483705E-9	-176463247.980175734
11000.302734375	-1.607717514038086	3.047944119316526E-9	3.047944119316526E-9	-176463247.980175734
11000.34375	-1.547136306762695	1.211105882248376E-9	1.211105882248376E-9	-176463247.980175734
11000.3857421875	-1.486871719360352	1.030116436595563E-9	1.030116436595563E-9	-176463247.980175734
11000.427734375	-1.425910949707031	8.557208275306039E-10	8.557208275306039E-10	-176463247.980175734
11000.4697265625	-1.365329742431641	8.370761861442588E-10	8.370761861442588E-10	-176463247.980175734
11000.51171875	-1.30499267578125	1.333205545961391E-9	1.333205545961391E-9	-176463247.980175734
11000.5537109375	-1.244251251220703	1.322518983215559E-9	1.322518983215559E-9	-176463247.980175734
11000.595703125	-1.183521270751953	1.2648797564907E-9	1.2648797564907E-9	-176463247.980175734
11000.6376953125	-1.122461318969727	7.217977326945402E-10	7.217977326945402E-10	-176463247.980175734
11000.6796875	-1.06205940246582	1.752823663991876E-9	1.752823663991876E-9	-176463247.980175734
11000.7216796875	-1.001308441162109	1.424950824002735E-9	1.424950824002735E-9	-176463247.980175734
11000.763671875	-0.940908432006836	1.260218596144114E-9	1.260218596144114E-9	-176463247.980175734
11000.8056640625	-0.880182266235352	1.120724846259691E-9	1.120724846259691E-9	-176463247.980175734
11000.84765625	-0.819089889526367	5.454694473883137E-10	5.454694473883137E-10	-176463247.980175734
11000.8896484375	-0.758687973022461	-6.890559234307148E-10	6.890559234307148E-10	-176463247.980175734
11000.931640625	-0.697954177856445	-1.585817699378822E-9	1.585817699378822E-9	-176463247.980175734
11000.9736328125	-0.637546539306641	-1.638909452594817E-9	1.638909452594817E-9	-176463247.980175734
11001.015625	-0.576873779296875	-9.907807907438837E-10	9.907807907438837E-10	-176463247.980175734
11001.0576171875	-0.515806198120117	4.577032086672261E-10	4.577032086672261E-10	-176463247.980175734
11001.099609375	-0.455387115478516	3.044647201022599E-9	3.044647201022599E-9	-176463247.980175734
11001.1416015625	-0.39463996887207	6.708319233439397E-9	6.708319233439397E-9	-176463247.980175734
11001.18359375	-0.334262847900391	2.720639713515993E-9	2.720639713515993E-9	-176463247.980175734
11001.2255859375	-0.273172378540039	2.514752850402147E-9	2.514752850402147E-9	-176463247.980175734
11001.267578125	-0.212436676025391	1.229182089446113E-9	1.229182089446113E-9	-176463247.980175734
11001.30859375	-0.152059555053711	8.132019502227195E-10	8.132019502227195E-10	-176463247.980175734
11001.3505859375	-0.091287612915039	7.878497854107991E-10	7.878497854107991E-10	-176463247.980175734
11001.392578125	-0.030895233154297	5.34441824129317E-10	5.34441824129317E-10	-176463247.980175734
11001.435546875	0.030811309814453	-2.085698724840768E-9	2.085698724840768E-9	-176463247.980175734
11001.4775390625	0.091564178466797	-3.751665644813329E-10	3.751665644813329E-10	-176463247.980175734
11001.51953125	0.151962280273437	7.935341272968799E-11	7.935341272968799E-11	-176463247.980175734
11001.5615234375	0.212688446044922	2.320348357898183E-10	2.320348357898183E-10	-176463247.980175734
11001.603515625	0.273080825805664	5.614992915070616E-10	5.614992915070616E-10	-176463247.980175734
11001.6455078125	0.334182739257812	1.212015376950148E-9	1.212015376950148E-9	-176463247.980175734
11001.6875	0.394899368286133	2.109118213411421E-9	2.109118213411421E-9	-176463247.980175734
11001.7294921875	0.455295562744141	2.179604052798823E-9	2.179604052798823E-9	-176463247.980175734
11001.771484375	0.516050338745117	1.807734406611416E-9	1.807734406611416E-9	-176463247.980175734
11001.8134765625	0.577102661132812	1.590365172887687E-9	1.590365172887687E-9	-176463247.980175734
11001.85546875	0.637426376342773	1.088437784346752E-9	1.088437784346752E-9	-176463247.980175734
11001.8974609375	0.698196411132812	7.030394044704735E-10	7.030394044704735E-10	-176463247.980175734
11001.9384765625	0.758579254150391	7.707967597525567E-10	7.707967597525567E-10	-176463247.980175734
11001.98046875	0.819309234619141	4.118874130654149E-10	4.118874130654149E-10	-176463247.980175734
11002.0224609375	0.880401611328125	5.890115062356926E-10	5.890115062356926E-10	-176463247.980175734
11002.064453125	0.940773010253906	1.046487341227476E-9	1.046487341227476E-9	-176463247.980175734
11002.1064453125	1.001523971557617	1.594344212207943E-9	1.594344212207943E-9	-176463247.980175734
11002.1484375	1.061927795410156	1.768171387084294E-9	1.768171387084294E-9	-176463247.980175734
11002.1904296875	1.122663497924805	1.584680831001606E-9	1.584680831001606E-9	-176463247.980175734
11002.232421875	1.183740615844727	1.092985257855617E-9	1.092985257855617E-9	-176463247.980175734
11002.2744140625	1.244144439697266	1.087187229131814E-9	1.087187229131814E-9	-176463247.980175734
11002.31640625	1.304878234863281	1.009880179481115E-9	1.009880179481115E-9	-176463247.980175734
11002.3583984375	1.365219116210937	1.027274265652522E-9	1.027274265652522E-9	-176463247.980175734
11002.400390625	1.425804138183594	8.649294613860548E-10	8.649294613860548E-10	-176463247.980175734
11002.4423828125	1.486772537231445	5.220499588176608E-10	5.220499588176608E-10	-176463247.980175734
11002.484375	1.547019958496094	6.210711944731884E-10	6.210711944731884E-10	-176463247.980175734
11002.5263671875	1.607595443725586	9.098357622860931E-10	9.098357622860931E-10	-176463247.980175734
11002.568359375	1.667871475219727	8.884626367944293E-10	8.884626367944293E-10	-176463247.980175734
11002.6103515625	1.728803634643555	8.410552254645154E-10	8.410552254645154E-10	-176463247.980175734
11002.65234375	1.789405822753906	8.584493116359226E-10	8.584493116359226E-10	-176463247.980175734
11002.6943359375	1.849651336669922	9.833911462919787E-10	9.833911462919787E-10	-176463247.980175734
11002.736328125	1.910266876220703	8.558345143683255E-10	8.558345143683255E-10	-176463247.980175734
11002.7783203125	1.970512390136719	1.209514266520273E-9	1.209514266520273E-9	-176463247.980175734
11002.8203125	2.031444549560547	1.589569365023635E-9	1.589569365023635E-9	-176463247.980175734
11002.8623046875	2.091991424560547	1.446096575818956E-9	1.446096575818956E-9	-176463247.980175734
11002.904296875	2.152212142944336	8.370761861442588E-10	8.370761861442588E-10	-176463247.980175734
11002.9453125	2.21281623840332	9.555378710501827E-10	9.555378710501827E-10	-176463247.980175734
11002.9873046875	2.273097991943359	1.055127540894318E-9	1.055127540894318E-9	-176463247.980175734
11003.029296875	2.334009170532227	9.569021131028421E-10	9.569021131028421E-10	-176463247.980175734
11003.0712890625	2.394599914550781	3.791456038015895E-10	3.791456038015895E-10	-176463247.980175734
11003.11328125	2.454864501953125	2.353317540837452E-11	2.353317540837452E-11	-176463247.980175734
11003.1552734375	2.515445709228516	1.750777300912887E-10	1.750777300912887E-10	-176463247.980175734
11003.197265625	2.576387405395508	6.900791049702093E-11	6.900791049702093E-11	-176463247.980175734
11003.2392578125	2.636650085449219	1.029093255056068E-9	1.029093255056068E-9	-176463247.980175734
11003.28125	2.697225570678711	1.56808255269425E-9	1.56808255269425E-9	-176463247.980175734
11003.3232421875	2.757549285888672	1.92972038348671E-9	1.92972038348671E-9	-176463247.980175734
11003.365234375	2.81829833984375	1.485318534832913E-9	1.485318534832913E-9	-176463247.980175734
11003.4072265625	2.879373550415039	1.749299372022506E-9	1.749299372022506E-9	-176463247.980175734
11003.44921875	2.939769744873047	1.35139543999685E-9	1.35139543999685E-9	-176463247.980175734
11003.4912109375	3.000518798828125	7.580638339277357E-10	7.580638339277357E-10	-176463247.980175734
11044.5078125	-3.000724792480469	-0.000119652715512	0.000119652715512	31.758454311021605
11044.548828125	-2.940343856811523	-0.000119642936625	0.000119642936625	31.758454311021605
11044.5908203125	-2.879611968994141	-0.000119570060633	0.000119570060633	31.758454311021605
11044.6328125	-2.818523406982422	-0.000119453412481	0.000119453412481	31.758454311021605
11044.6748046875	-2.758119583129883	-0.000119338743389	0.000119338743389	31.758454311021605
11044.716796875	-2.697431564331055	-0.000119206146337	0.000119206146337	31.758454311021605
11044.7587890625	-2.636848449707031	-0.000119025236927	0.000119025236927	31.758454311021605
11044.80078125	-2.576589584350586	-0.000118827098049	0.000118827098049	31.758454311021605
11044.8427734375	-2.515655517578125	-0.000118609750643	0.000118609750643	31.758454311021605
11044.884765625	-2.455057144165039	-0.000118401250802	0.000118401250802	31.758454311021605
11044.9267578125	-2.394800186157227	-0.00011816737242	0.00011816737242	31.758454311021605
11044.96875	-2.334199905395508	-0.000117891351692	0.000117891351692	31.758454311021605
11045.0107421875	-2.273275375366211	-0.000117606017739	0.000117606017739	31.758454311021605
11045.052734375	-2.212995529174805	-0.000117309740745	0.000117309740745	31.758454311021605
11045.0947265625	-2.152414321899414	-0.000117001472972	0.000117001472972	31.758454311021605
11045.13671875	-2.092174530029297	-0.000116667128168	0.000116667128168	31.758454311021605
11045.1787109375	-2.031551361083984	-0.000116304145195	0.000116304145195	31.758454311021605
11045.220703125	-1.970680236816406	-0.000115905073471	0.000115905073471	31.758454311021605
11045.2626953125	-1.910446166992187	-0.000115506118163	0.000115506118163	31.758454311021605
11045.3046875	-1.849822998046875	-0.000115090981126	0.000115090981126	31.758454311021605
11045.3466796875	-1.789569854736328	-0.000114650116302	0.000114650116302	31.758454311021605
11045.388671875	-1.728982925415039	-0.000114158145152	0.000114158145152	31.758454311021605
11045.4306640625	-1.668022155761719	-0.000113634043373	0.000113634043373	31.758454311021605
11045.47265625	-1.607772827148437	-0.000113116111606	0.000113116111606	31.758454311021605
11045.5146484375	-1.547182083129883	-0.000112552545033	0.000112552545033	31.758454311021605
11045.556640625	-1.486913681030273	-0.000111953471787	0.000111953471787	31.758454311021605
11045.5986328125	-1.42596435546875	-0.000111304922029	0.000111304922029	31.758454311021605
11045.640625	-1.365367889404297	-0.000110631808639	0.000110631808639	31.758454311021605
11045.6826171875	-1.305044174194336	-0.000109929475002	0.000109929475002	31.758454311021605
11045.724609375	-1.244306564331055	-0.000109171145596	0.000109171145596	31.758454311021605
11045.7666015625	-1.183574676513672	-0.00010836625006	0.00010836625006	31.758454311021605
11045.80859375	-1.122505187988281	-0.000107498490252	0.000107498490252	31.758454311021605
11045.8505859375	-1.062101364135742	-0.000106600346044	0.000106600346044	31.758454311021605
11045.892578125	-1.001350402832031	-0.000105651794001	0.000105651794001	31.758454311021605
11045.9345703125	-0.940969467163086	-0.000104635837488	0.000104635837488	31.758454311021605
11045.9765625	-0.880229949951172	-0.000103542581201	0.000103542581201	31.758454311021605
11046.0185546875	-0.81913948059082	-0.00010238296818	0.00010238296818	31.758454311021605
11046.060546875	-0.758733749389648	-0.000101156765595	0.000101156765595	31.758454311021605
11046.1533203125	-0.698215484619141	-9.982466872315854E-5	9.982466872315854E-5	31.758454311021605
11046.1953125	-0.637809753417969	-9.8446398624219E-5	9.8446398624219E-5	31.758454311021605
11046.2373046875	-0.577129364013672	-9.69534448813647E-5	9.69534448813647E-5	31.758454311021605
11046.279296875	-0.516061782836914	-9.532841795589775E-5	9.532841795589775E-5	31.758454311021605
11046.3212890625	-0.455633163452148	-9.360830881632864E-5	9.360830881632864E-5	31.758454311021605
11046.36328125	-0.394887924194336	-9.176027378998697E-5	9.176027378998697E-5	31.758454311021605
11046.4052734375	-0.334512710571289	-8.977932156994939E-5	8.977932156994939E-5	31.758454311021605
11046.447265625	-0.273397445678711	-8.760204946156591E-5	8.760204946156591E-5	31.758454311021605
11046.4892578125	-0.212657928466797	-8.524564327672124E-5	8.524564327672124E-5	31.758454311021605
11046.53125	-0.15226936340332	-8.271433762274683E-5	8.271433762274683E-5	31.758454311021605
11046.5732421875	-0.091495513916016	-7.993319013621658E-5	7.993319013621658E-5	31.758454311021605
11046.615234375	-0.031105041503906	-7.689264020882547E-5	7.689264020882547E-5	31.758454311021605
11046.6572265625	0.030672073364258	-7.339099829550833E-5	7.339099829550833E-5	31.758454311021605
11046.69921875	0.091419219970703	-6.906574708409607E-5	6.906574708409607E-5	31.758454311021605
11046.7412109375	0.151836395263672	-5.960720591247082E-5	5.960720591247082E-5	31.758454311021605
11046.8388671875	0.212640762329102	-3.714842932822648E-6	3.714842932822648E-6	31.758454311021605
11046.9736328125	0.273157119750977	0.000369669054635	0.000369669054635	31.758454311021605
11047.1083984375	0.33421516418457	0.00173725001514	0.00173725001514	31.758454311021605
11047.150390625	0.394973754882812	0.004023489542305	0.004023489542305	31.758454311021605
11047.1923828125	0.45543098449707	0.006807405967265	0.006807405967265	31.758454311021605
11047.234375	0.516252517700195	0.009866187348962	0.009866187348962	31.758454311021605
11047.322265625	0.577117919921875	0.013331569731236	0.013331569731236	31.758454311021605
11047.3642578125	0.637445449829102	0.016649760305882	0.016649760305882	31.758454311021605
11047.40625	0.698211669921875	0.020053967833519	0.020053967833519	31.758454311021605
11047.4482421875	0.758604049682617	0.023471057415009	0.023471057415009	31.758454311021605
11047.490234375	0.819356918334961	0.026933446526527	0.026933446526527	31.758454311021605
11047.5322265625	0.880464553833008	0.030430726706982	0.030430726706982	31.758454311021605
11047.57421875	0.940853118896484	0.033898703753948	0.033898703753948	31.758454311021605
11047.6162109375	1.001594543457031	0.037402108311653	0.037402108311653	31.758454311021605
11047.658203125	1.062004089355469	0.040959618985653	0.040959618985653	31.758454311021605
11047.7001953125	1.12274169921875	0.044671006500721	0.044671006500721	31.758454311021605
11047.7421875	1.183822631835937	0.048641383647919	0.048641383647919	31.758454311021605
11047.7841796875	1.244243621826172	0.052907578647137	0.052907578647137	31.758454311021605
11047.826171875	1.304977416992187	0.057289950549603	0.057289950549603	31.758454311021605
11047.8681640625	1.365322113037109	0.061827450990677	0.061827450990677	31.758454311021605
11047.91015625	1.425926208496094	0.06648126244545	0.06648126244545	31.758454311021605
11047.9521484375	1.486898422241211	0.070985659956932	0.070985659956932	31.758454311021605
11047.994140625	1.547155380249023	0.075484164059162	0.075484164059162	31.758454311021605
11048.0361328125	1.607746124267578	0.080236755311489	0.080236755311489	31.758454311021605
11048.078125	1.668008804321289	0.085121415555477	0.085121415555477	31.758454311021605
11048.1201171875	1.728971481323242	0.090641692280769	0.090641692280769	31.758454311021605
11048.162109375	1.789575576782227	0.095620587468147	0.095620587468147	31.758454311021605
11048.2041015625	1.834369659423828	0.099996544420719	0.099996544420719	31.758454311021605
11048.24609375	1.826984405517578	0.100002877414227	0.100002877414227	31.758454311021605
11048.2880859375	1.819591522216797	0.100002884864807	0.100002884864807	31.758454311021605
11048.330078125	1.815769195556641	0.100002847611904	0.100002847611904	31.758454311021605
11048.373046875	1.815937042236328	0.100002840161324	0.100002840161324	31.758454311021605
11048.4150390625	1.811931610107422	0.100002817809582	0.100002817809582	31.758454311021605
11048.45703125	1.808477401733398	0.100002817809582	0.100002817809582	31.758454311021605
11048.4990234375	1.806623458862305	0.100002825260162	0.100002825260162	31.758454311021605
11048.5419921875	1.805301666259766	0.100002832710743	0.100002832710743	31.758454311021605
11048.583984375	1.803787231445312	0.100002832710743	0.100002832710743	31.758454311021605
11048.6259765625	1.802778244018555	0.100002817809582	0.100002817809582	31.758454311021605
11048.66796875	1.802064895629883	0.100002817809582	0.100002817809582	31.758454311021605
11048.7109375	1.8013916015625	0.100002788007259	0.100002788007259	31.758454311021605
11048.7529296875	1.800563812255859	0.100002810359001	0.100002810359001	31.758454311021605
11048.794921875	1.799659729003906	0.100002788007259	0.100002788007259	31.758454311021605
11048.8369140625	1.798946380615234	0.100002802908421	0.100002802908421	31.758454311021605
11048.8798828125	1.798179626464844	0.100002788007259	0.100002788007259	31.758454311021605
11048.921875	1.797393798828125	0.100002773106098	0.100002773106098	31.758454311021605
11048.9638671875	1.796695709228516	0.100002788007259	0.100002788007259	31.758454311021605
11049.005859375	1.796146392822266	0.100002743303776	0.100002743303776	31.758454311021605
11142.486328125	-3.000736236572266	-0.000117355724797	0.000117355724797	28.754811145490624
11142.5283203125	-2.940359115600586	-0.000117369811051	0.000117369811051	28.754811145490624
11142.5703125	-2.879617691040039	-0.000117325689644	0.000117325689644	28.754811145490624
11142.6123046875	-2.818523406982422	-0.000117229996249	0.000117229996249	28.754811145490624
11142.654296875	-2.758125305175781	-0.000117111951113	0.000117111951113	28.754811145490624
11142.6962890625	-2.697433471679687	-0.000116965849884	0.000116965849884	28.754811145490624
11142.73828125	-2.636848449707031	-0.000116818817332	0.000116818817332	28.754811145490624
11142.7802734375	-2.576591491699219	-0.000116641516797	0.000116641516797	28.754811145490624
11142.822265625	-2.515665054321289	-0.000116442213766	0.000116442213766	28.754811145490624
11142.8642578125	-2.455060958862305	-0.000116222538054	0.000116222538054	28.754811145490624
11142.90625	-2.394800186157227	-0.000116010545753	0.000116010545753	28.754811145490624
11142.9482421875	-2.334205627441406	-0.00011577247642	0.00011577247642	28.754811145490624
11142.990234375	-2.273279190063477	-0.000115499831736	0.000115499831736	28.754811145490624
11143.0322265625	-2.213005065917969	-0.000115211005323	0.000115211005323	28.754811145490624
11143.07421875	-2.152402877807617	-0.000114909489639	0.000114909489639	28.754811145490624
11143.1162109375	-2.092178344726562	-0.000114604714327	0.000114604714327	28.754811145490624
11143.158203125	-2.03155517578125	-0.000114269903861	0.000114269903861	28.754811145490624
11143.2001953125	-1.970685958862305	-0.000113902613521	0.000113902613521	28.754811145490624
11143.2421875	-1.910451889038086	-0.000113502959721	0.000113502959721	28.754811145490624
11143.2841796875	-1.849834442138672	-0.000113104120828	0.000113104120828	28.754811145490624
11143.326171875	-1.789581298828125	-0.000112689333037	0.000112689333037	28.754811145490624
11143.3681640625	-1.728996276855469	-0.000112242647447	0.000112242647447	28.754811145490624
11143.41015625	-1.668041229248047	-0.000111747533083	0.000111747533083	28.754811145490624
11143.4521484375	-1.607784271240234	-0.000111228553578	0.000111228553578	28.754811145490624
11143.494140625	-1.54718017578125	-0.000110696419142	0.000110696419142	28.754811145490624
11143.5361328125	-1.486930847167969	-0.000110145076178	0.000110145076178	28.754811145490624
11143.578125	-1.425966262817383	-0.000109531683847	0.000109531683847	28.754811145490624
11143.6201171875	-1.365381240844727	-0.000108872191049	0.000108872191049	28.754811145490624
11143.662109375	-1.305061340332031	-0.000108191394247	0.000108191394247	28.754811145490624
11143.7041015625	-1.244308471679687	-0.000107476720586	0.000107476720586	28.754811145490624
11143.74609375	-1.183586120605469	-0.000106725259684	0.000106725259684	28.754811145490624
11143.7880859375	-1.122512817382812	-0.000105901970528	0.000105901970528	28.754811145490624
11143.830078125	-1.062114715576172	-0.000105031765997	0.000105031765997	28.754811145490624
11143.8720703125	-1.001359939575195	-0.000104105332866	0.000104105332866	28.754811145490624
11143.9130859375	-0.940969467163086	-0.00010314641986	0.00010314641986	28.754811145490624
11143.955078125	-0.880237579345703	-0.000102119753137	0.000102119753137	28.754811145490624
11143.9970703125	-0.819149017333984	-0.000100994831882	0.000100994831882	28.754811145490624
11144.0908203125	-0.75895881652832	-9.980481991078705E-5	9.980481991078705E-5	28.754811145490624
11144.1328125	-0.698230743408203	-9.853715891949832E-5	9.853715891949832E-5	28.754811145490624
11144.1748046875	-0.637805938720703	-9.71900881268084E-5	9.71900881268084E-5	28.754811145490624
11144.216796875	-0.577121734619141	-9.57576121436432E-5	9.57576121436432E-5	28.754811145490624
11144.2587890625	-0.516071319580078	-9.420841524843127E-5	9.420841524843127E-5	28.754811145490624
11144.30078125	-0.455644607543945	-9.254648466594517E-5	9.254648466594517E-5	28.754811145490624
11144.3427734375	-0.3948974609375	-9.073938417714089E-5	9.073938417714089E-5	28.754811145490624
11144.384765625	-0.334505081176758	-8.881304529495537E-5	8.881304529495537E-5	28.754811145490624
11144.4267578125	-0.273401260375977	-8.671970863360912E-5	8.671970863360912E-5	28.754811145490624
11144.46875	-0.212661743164062	-8.444493869319558E-5	8.444493869319558E-5	28.754811145490624
11144.5107421875	-0.152271270751953	-8.19701817817986E-5	8.19701817817986E-5	28.754811145490624
11144.552734375	-0.091508865356445	-7.924351666588336E-5	7.924351666588336E-5	28.754811145490624
11144.5947265625	-0.031097412109375	-7.627018203493208E-5	7.627018203493208E-5	28.754811145490624
11144.63671875	0.030675888061523	-7.284912862814963E-5	7.284912862814963E-5	28.754811145490624
11144.6787109375	0.091419219970703	-6.85850391164422E-5	6.85850391164422E-5	28.754811145490624
11144.720703125	0.151844024658203	-5.902309203520417E-5	5.902309203520417E-5	28.754811145490624
11144.8173828125	0.212663650512695	-2.673323251656257E-6	2.673323251656257E-6	28.754811145490624
11144.953125	0.273162841796875	0.000400227378123	0.000400227378123	28.754811145490624
11145.087890625	0.334218978881836	0.002096866257489	0.002096866257489	28.754811145490624
11145.1298828125	0.394994735717773	0.005249215755612	0.005249215755612	28.754811145490624
11145.171875	0.455465316772461	0.009247854351997	0.009247854351997	28.754811145490624
11145.259765625	0.516061782836914	0.013778001070023	0.013778001070023	28.754811145490624
11145.3017578125	0.577123641967773	0.018506020307541	0.018506020307541	28.754811145490624
11145.34375	0.63746452331543	0.023337192833424	0.023337192833424	28.754811145490624
11145.3857421875	0.698230743408203	0.02830358594656	0.02830358594656	28.754811145490624
11145.427734375	0.758632659912109	0.033305682241917	0.033305682241917	28.754811145490624
11145.4697265625	0.819374084472656	0.038384728133678	0.038384728133678	28.754811145490624
11145.51171875	0.880481719970703	0.043529219925404	0.043529219925404	28.754811145490624
11145.5537109375	0.940868377685547	0.048637017607689	0.048637017607689	28.754811145490624
11145.595703125	1.001621246337891	0.053793504834175	0.053793504834175	28.754811145490624
11145.6376953125	1.062040328979492	0.058931477367878	0.058931477367878	28.754811145490624
11145.6796875	1.122779846191406	0.064106859266758	0.064106859266758	28.754811145490624
11145.7216796875	1.183858871459961	0.069315783679485	0.069315783679485	28.754811145490624
11145.763671875	1.244277954101562	0.074477963149548	0.074477963149548	28.754811145490624
11145.8056640625	1.305021286010742	0.079662814736366	0.079662814736366	28.754811145490624
11145.84765625	1.365367889404297	0.084799781441689	0.084799781441689	28.754811145490624
11145.8896484375	1.425970077514648	0.089961290359497	0.089961290359497	28.754811145490624
11145.931640625	1.486936569213867	0.095149807631969	0.095149807631969	28.754811145490624
11145.9736328125	1.543605804443359	0.099993981420994	0.099993981420994	28.754811145490624
11146.015625	1.543088912963867	0.100002735853195	0.100002735853195	28.754811145490624
11146.0576171875	1.542766571044922	0.100002735853195	0.100002735853195	28.754811145490624
11146.099609375	1.542449951171875	0.100002720952034	0.100002720952034	28.754811145490624
11146.142578125	1.542177200317383	0.100002720952034	0.100002720952034	28.754811145490624
11146.1845703125	1.541896820068359	0.100002743303776	0.100002743303776	28.754811145490624
11146.2265625	1.541679382324219	0.100002698600292	0.100002698600292	28.754811145490624
11146.2685546875	1.541511535644531	0.100002735853195	0.100002735853195	28.754811145490624
11146.3115234375	1.541292190551758	0.100002728402615	0.100002728402615	28.754811145490624
11146.353515625	1.541080474853516	0.100002728402615	0.100002728402615	28.754811145490624
11146.3955078125	1.540952682495117	0.100002706050873	0.100002706050873	28.754811145490624
11146.4375	1.540838241577148	0.100002728402615	0.100002728402615	28.754811145490624
11146.48046875	1.54072380065918	0.100002713501453	0.100002713501453	28.754811145490624
11146.5224609375	1.540597915649414	0.100002698600292	0.100002698600292	28.754811145490624
11146.564453125	1.540515899658203	0.100002720952034	0.100002720952034	28.754811145490624
11146.6064453125	1.540435791015625	0.100002691149712	0.100002691149712	28.754811145490624
11146.6494140625	1.540403366088867	0.100002706050873	0.100002706050873	28.754811145490624
11146.69140625	1.540311813354492	0.100002720952034	0.100002720952034	28.754811145490624
11146.7333984375	1.540220260620117	0.100002706050873	0.100002706050873	28.754811145490624
11146.775390625	1.540094375610352	0.100002691149712	0.100002691149712	28.754811145490624
11146.818359375	1.540006637573242	0.10000267624855	0.10000267624855	28.754811145490624
11146.8603515625	1.539909362792969	0.100002735853195	0.100002735853195	28.754811145490624
11146.90234375	1.539796829223633	0.100002706050873	0.100002706050873	28.754811145490624
11146.9443359375	1.539688110351562	0.100002706050873	0.100002706050873	28.754811145490624
11146.9873046875	1.539508819580078	0.100002691149712	0.100002691149712	28.754811145490624
