[INFO]
Keithley 2400
Meas Time: 2021/1/19 9:16:58
Params: GPIB address = GPIB0::21::INSTR; DataFile = D:\工艺实验\孙文良; Compliance  Level (0.1) = 0.100000000000000; Number of Points (5) = 100; Minimum Amplitude (1) = -3.000000000000000; Maximum Amplitude (2) = 3.000000000000000; Timeout (100000 ms) = 100000; Source Mode  (0: Voltage) = 0; 4-wire? = FALSE; delay(S) = 0.000000000000000; Start = ; 

[COMMENT]


[DATA]
time (s)	Voltage (V)	Current (A)	absCurrent (A)	Fitting Resistance (Ohms)

4785.29882812499999	-3.000770568847656	-1.778062141966075E-10	1.778062141966075E-10	975136814.217378855
4785.34082031249999	-2.94038200378418	9.047198545886204E-10	9.047198545886204E-10	975136814.217378855
4785.38281249999999	-2.879646301269531	9.499672160018235E-10	9.499672160018235E-10	975136814.217378855
4785.42480468749999	-2.818563461303711	9.951008905773051E-10	9.951008905773051E-10	975136814.217378855
4785.46679687499999	-2.758155822753906	1.052399056789E-9	1.052399056789E-9	975136814.217378855
4785.50781249999999	-2.697473526000977	1.04751052276697E-9	1.04751052276697E-9	975136814.217378855
4785.54980468749999	-2.636875152587891	1.141302163887303E-9	1.141302163887303E-9	975136814.217378855
4785.59179687499999	-2.576627731323242	1.135845195676666E-9	1.135845195676666E-9	975136814.217378855
4785.63378906249999	-2.515680313110352	1.142097971751355E-9	1.142097971751355E-9	975136814.217378855
4785.67578124999999	-2.455097198486328	1.101398083847016E-9	1.101398083847016E-9	975136814.217378855
4785.71777343749999	-2.39483642578125	1.132320903707296E-9	1.132320903707296E-9	975136814.217378855
4785.75976562499999	-2.334234237670898	1.114813130698167E-9	1.114813130698167E-9	975136814.217378855
4785.80175781249999	-2.273311614990234	1.108332980948035E-9	1.108332980948035E-9	975136814.217378855
4785.84374999999999	-2.21302604675293	1.143803274317179E-9	1.143803274317179E-9	975136814.217378855
4785.88574218749999	-2.152444839477539	1.121520654123742E-9	1.121520654123742E-9	975136814.217378855
4785.92773437499999	-2.092195510864258	1.134935700974893E-9	1.134935700974893E-9	975136814.217378855
4785.96972656249999	-2.031576156616211	1.133457772084512E-9	1.133457772084512E-9	975136814.217378855
4786.01171874999999	-1.970699310302734	1.0960548024741E-9	1.0960548024741E-9	975136814.217378855
4786.05371093749999	-1.910453796386719	1.028638507705182E-9	1.028638507705182E-9	975136814.217378855
4786.09570312499999	-1.849851608276367	1.027729013003409E-9	1.027729013003409E-9	975136814.217378855
4786.13769531249999	-1.789590835571289	1.046373654389754E-9	1.046373654389754E-9	975136814.217378855
4786.17968749999999	-1.729013442993164	1.01374553196365E-9	1.01374553196365E-9	975136814.217378855
4786.22167968749999	-1.668033599853516	1.038984009937849E-9	1.038984009937849E-9	975136814.217378855
4786.26367187499999	-1.607803344726562	1.086505108105484E-9	1.086505108105484E-9	975136814.217378855
4786.30566406249999	-1.547203063964844	1.132434590545017E-9	1.132434590545017E-9	975136814.217378855
4786.34765624999999	-1.486934661865234	1.077523847925477E-9	1.077523847925477E-9	975136814.217378855
4786.38964843749999	-1.425970077514648	1.031366991810501E-9	1.031366991810501E-9	975136814.217378855
4786.43066406249999	-1.365386962890625	1.061721377482172E-9	1.061721377482172E-9	975136814.217378855
4786.47265624999999	-1.305070877075195	1.105490810004994E-9	1.105490810004994E-9	975136814.217378855
4786.51464843749999	-1.244312286376953	1.11435838334728E-9	1.11435838334728E-9	975136814.217378855
4786.55664062499999	-1.183591842651367	1.040234565152787E-9	1.040234565152787E-9	975136814.217378855
4786.59863281249999	-1.122518539428711	1.00601482699858E-9	1.00601482699858E-9	975136814.217378855
4786.64062499999999	-1.062126159667969	9.333689376944676E-10	9.333689376944676E-10	975136814.217378855
4786.68261718749999	-1.001377105712891	9.191580829792656E-10	9.191580829792656E-10	975136814.217378855
4786.72460937499999	-0.940996170043945	9.216591934091412E-10	9.216591934091412E-10	975136814.217378855
4786.76660156249999	-0.880264282226562	9.550831236992963E-10	9.550831236992963E-10	975136814.217378855
4786.80859374999999	-0.819177627563477	9.464429240324534E-10	9.464429240324534E-10	975136814.217378855
4786.85058593749999	-0.758766174316406	8.731149137020111E-10	8.731149137020111E-10	975136814.217378855
4786.89257812499999	-0.698024749755859	8.794813766144216E-10	8.794813766144216E-10	975136814.217378855
4786.93457031249999	-0.637628555297852	9.514451448922045E-10	9.514451448922045E-10	975136814.217378855
4786.97656249999999	-0.576950073242187	9.632685760152526E-10	9.632685760152526E-10	975136814.217378855
4787.01855468749999	-0.515888214111328	9.364384823129512E-10	9.364384823129512E-10	975136814.217378855
4787.06054687499999	-0.455476760864258	9.221139407600276E-10	9.221139407600276E-10	975136814.217378855
4787.10253906249999	-0.394733428955078	8.977849574876018E-10	8.977849574876018E-10	975136814.217378855
4787.14453124999999	-0.334369659423828	8.682263796799816E-10	8.682263796799816E-10	975136814.217378855
4787.18652343749999	-0.273258209228516	9.26434040593449E-10	9.26434040593449E-10	975136814.217378855
4787.22851562499999	-0.212528228759766	9.540599421598017E-10	9.540599421598017E-10	975136814.217378855
4787.27050781249999	-0.152151107788086	9.903260433929972E-10	9.903260433929972E-10	975136814.217378855
4787.31249999999999	-0.091400146484375	7.021299097687006E-10	7.021299097687006E-10	975136814.217378855
4787.35449218749999	-0.030981063842773	8.983533916762099E-10	8.983533916762099E-10	975136814.217378855
4787.39648437499999	0.030824661254883	7.546532287960872E-10	7.546532287960872E-10	975136814.217378855
4787.43847656249999	0.091554641723633	1.196212906506844E-9	1.196212906506844E-9	975136814.217378855
4787.48046874999999	0.151956558227539	1.210310074384324E-9	1.210310074384324E-9	975136814.217378855
4787.52246093749999	0.212684631347656	1.137891558755655E-9	1.137891558755655E-9	975136814.217378855
4787.56445312499999	0.273086547851562	1.205876287713181E-9	1.205876287713181E-9	975136814.217378855
4787.60644531249999	0.334157943725586	1.197577148559503E-9	1.197577148559503E-9	975136814.217378855
4787.64843749999999	0.394887924194336	1.145622263720725E-9	1.145622263720725E-9	975136814.217378855
4787.69042968749999	0.455276489257812	1.105831870518159E-9	1.105831870518159E-9	975136814.217378855
4787.73242187499999	0.516048431396484	1.008288563753013E-9	1.008288563753013E-9	975136814.217378855
4787.77441406249999	0.577085494995117	9.897576092043892E-10	9.897576092043892E-10	975136814.217378855
4787.81640624999999	0.637401580810547	9.250697985407896E-10	9.250697985407896E-10	975136814.217378855
4787.85839843749999	0.698171615600586	9.462155503570102E-10	9.462155503570102E-10	975136814.217378855
4787.90039062499999	0.758556365966797	8.807319318293594E-10	8.807319318293594E-10	975136814.217378855
4787.94238281249999	0.819292068481445	9.057430361281149E-10	9.057430361281149E-10	975136814.217378855
4787.98339843749999	0.880376815795898	1.071271071850788E-9	1.071271071850788E-9	975136814.217378855
4788.02539062499999	0.940755844116211	1.002717908704653E-9	1.002717908704653E-9	975136814.217378855
4788.06738281249999	1.001495361328125	1.033981789078098E-9	1.033981789078098E-9	975136814.217378855
4788.10937499999999	1.061897277832031	1.011585482046939E-9	1.011585482046939E-9	975136814.217378855
4788.15136718749999	1.122621536254883	9.393943400937133E-10	9.393943400937133E-10	975136814.217378855
4788.19335937499999	1.183700561523437	8.188862921088003E-10	8.188862921088003E-10	975136814.217378855
4788.23535156249999	1.244096755981445	8.380993676837534E-10	8.380993676837534E-10	975136814.217378855
4788.27734374999999	1.304836273193359	9.206360118696466E-10	9.206360118696466E-10	975136814.217378855
4788.31933593749999	1.365169525146484	9.6167696028715E-10	9.6167696028715E-10	975136814.217378855
4788.36132812499999	1.425760269165039	1.179955688712653E-9	1.179955688712653E-9	975136814.217378855
4788.40332031249999	1.486721038818359	1.218836587213445E-9	1.218836587213445E-9	975136814.217378855
4788.44531249999999	1.54698371887207	1.746229827404022E-9	1.746229827404022E-9	975136814.217378855
4788.48730468749999	1.607563018798828	1.679040906310547E-9	1.679040906310547E-9	975136814.217378855
4788.52929687499999	1.667827606201172	8.224105840781704E-10	8.224105840781704E-10	975136814.217378855
4788.57128906249999	1.728763580322266	5.940137270954438E-10	5.940137270954438E-10	975136814.217378855
4788.61328124999999	1.789358139038086	5.973106453893706E-10	5.973106453893706E-10	975136814.217378855
4788.65527343749999	1.849618911743164	7.851213013054803E-10	7.851213013054803E-10	975136814.217378855
4788.69726562499999	1.910228729248047	9.597442840458825E-10	9.597442840458825E-10	975136814.217378855
4788.73925781249999	1.970474243164062	9.627001418266445E-10	9.627001418266445E-10	975136814.217378855
4788.78124999999999	2.031406402587891	9.858922567218542E-10	9.858922567218542E-10	975136814.217378855
4788.82324218749999	2.091960906982422	7.376002031378448E-10	7.376002031378448E-10	975136814.217378855
4788.86523437499999	2.152200698852539	5.884430720470846E-10	5.884430720470846E-10	975136814.217378855
4788.90722656249999	2.212800979614258	7.074731911416166E-10	7.074731911416166E-10	975136814.217378855
4788.94921874999999	2.273067474365234	1.392095327901188E-9	1.392095327901188E-9	975136814.217378855
4788.99023437499999	2.333982467651367	1.392436388414353E-9	1.392436388414353E-9	975136814.217378855
4789.03222656249999	2.39457893371582	1.039211383613292E-9	1.039211383613292E-9	975136814.217378855
4789.07421874999999	2.454843521118164	8.359393177670427E-10	8.359393177670427E-10	975136814.217378855
4789.11621093749999	2.515426635742187	8.556071406928822E-10	8.556071406928822E-10	975136814.217378855
4789.15820312499999	2.576372146606445	1.05944764072774E-9	1.05944764072774E-9	975136814.217378855
4789.20019531249999	2.63664436340332	1.304329089180101E-9	1.304329089180101E-9	975136814.217378855
4789.24218749999999	2.697214126586914	1.364355739497114E-9	1.364355739497114E-9	975136814.217378855
4789.28417968749999	2.757541656494141	1.471107680117711E-9	1.471107680117711E-9	975136814.217378855
4789.32617187499999	2.818300247192383	1.428475115972105E-9	1.428475115972105E-9	975136814.217378855
4789.36816406249999	2.879371643066406	1.294893081649207E-9	1.294893081649207E-9	975136814.217378855
4789.41015624999999	2.939752578735352	1.266926119569689E-9	1.266926119569689E-9	975136814.217378855
4789.45214843749999	3.000494003295898	1.034777596942149E-9	1.034777596942149E-9	975136814.217378855
4875.26171874999999	-3.000905990600586	-5.278948810882866E-5	5.278948810882866E-5	35.437241677719761
4875.30468749999999	-2.940540313720703	-5.302914360072464E-5	5.302914360072464E-5	35.437241677719761
4875.34667968749999	-2.879800796508789	-5.310027336236089E-5	5.310027336236089E-5	35.437241677719761
4875.38867187499999	-2.818700790405273	-5.313841393217444E-5	5.313841393217444E-5	35.437241677719761
4875.43066406249999	-2.758308410644531	-5.315379530657083E-5	5.315379530657083E-5	35.437241677719761
4875.47265624999999	-2.69761848449707	-5.315103044267744E-5	5.315103044267744E-5	35.437241677719761
4875.51464843749999	-2.637027740478516	-5.312683060765266E-5	5.312683060765266E-5	35.437241677719761
4875.55664062499999	-2.576770782470703	-5.309926928021014E-5	5.309926928021014E-5	35.437241677719761
4875.59863281249999	-2.515832901000977	-5.306927778292447E-5	5.306927778292447E-5	35.437241677719761
4875.64062499999999	-2.455226898193359	-5.302968202158809E-5	5.302968202158809E-5	35.437241677719761
4875.68261718749999	-2.394975662231445	-5.297789175529033E-5	5.297789175529033E-5	35.437241677719761
4875.72460937499999	-2.334371566772461	-5.291505658533424E-5	5.291505658533424E-5	35.437241677719761
4875.76660156249999	-2.273452758789062	-5.285430233925581E-5	5.285430233925581E-5	35.437241677719761
4875.80761718749999	-2.213180541992187	-5.278569005895406E-5	5.278569005895406E-5	35.437241677719761
4875.84960937499999	-2.152584075927734	-5.271061672829092E-5	5.271061672829092E-5	35.437241677719761
4875.89160156249999	-2.092344284057617	-5.262075865175575E-5	5.262075865175575E-5	35.437241677719761
4875.93359374999999	-2.031721115112305	-5.252778646536171E-5	5.252778646536171E-5	35.437241677719761
4875.97558593749999	-1.970844268798828	-5.243047780822963E-5	5.243047780822963E-5	35.437241677719761
4876.01757812499999	-1.910619735717773	-5.23257622262463E-5	5.23257622262463E-5	35.437241677719761
4876.05957031249999	-1.849998474121094	-5.220515595283359E-5	5.220515595283359E-5	35.437241677719761
4876.10156249999999	-1.789737701416016	-5.207615322433412E-5	5.207615322433412E-5	35.437241677719761
4876.14355468749999	-1.729154586791992	-5.194684490561485E-5	5.194684490561485E-5	35.437241677719761
4876.18554687499999	-1.668197631835937	-5.180700100027025E-5	5.180700100027025E-5	35.437241677719761
4876.22753906249999	-1.607948303222656	-5.16518484801054E-5	5.16518484801054E-5	35.437241677719761
4876.26953124999999	-1.547334671020508	-5.148083437234163E-5	5.148083437234163E-5	35.437241677719761
4876.31152343749999	-1.48707389831543	-5.131000943947583E-5	5.131000943947583E-5	35.437241677719761
4876.35351562499999	-1.426126480102539	-5.112653889227659E-5	5.112653889227659E-5	35.437241677719761
4876.39550781249999	-1.365524291992187	-5.092185165267438E-5	5.092185165267438E-5	35.437241677719761
4876.43749999999999	-1.305210113525391	-5.069983308203518E-5	5.069983308203518E-5	35.437241677719761
4876.47949218749999	-1.244441986083984	-5.046470323577523E-5	5.046470323577523E-5	35.437241677719761
4876.52148437499999	-1.183731079101562	-5.022398545406759E-5	5.022398545406759E-5	35.437241677719761
4876.56347656249999	-1.122657775878906	-4.99555462738499E-5	4.99555462738499E-5	35.437241677719761
4876.60546874999999	-1.062261581420898	-4.966520646121353E-5	4.966520646121353E-5	35.437241677719761
4876.64746093749999	-1.001506805419922	-4.934820753987879E-5	4.934820753987879E-5	35.437241677719761
4876.68945312499999	-0.941118240356445	-4.901719512417912E-5	4.901719512417912E-5	35.437241677719761
4876.73144531249999	-0.880392074584961	-4.866308881901205E-5	4.866308881901205E-5	35.437241677719761
4876.77343749999999	-0.819299697875977	-4.826749500352889E-5	4.826749500352889E-5	35.437241677719761
4876.81542968749999	-0.758899688720703	-4.784060001838952E-5	4.784060001838952E-5	35.437241677719761
4876.85742187499999	-0.698162078857422	-4.73830004921183E-5	4.73830004921183E-5	35.437241677719761
4876.89941406249999	-0.637752532958984	-4.689375055022538E-5	4.689375055022538E-5	35.437241677719761
4876.94140624999999	-0.577079772949219	-4.635621735360473E-5	4.635621735360473E-5	35.437241677719761
4876.98339843749999	-0.516010284423828	-4.575848288368434E-5	4.575848288368434E-5	35.437241677719761
4877.02539062499999	-0.455593109130859	-4.510872531682253E-5	4.510872531682253E-5	35.437241677719761
4877.06738281249999	-0.39484977722168	-4.44074539700523E-5	4.44074539700523E-5	35.437241677719761
4877.10937499999999	-0.334476470947266	-4.363759944681078E-5	4.363759944681078E-5	35.437241677719761
4877.15136718749999	-0.273368835449219	-4.277046537026763E-5	4.277046537026763E-5	35.437241677719761
4877.19335937499999	-0.212631225585937	-4.181241092737764E-5	4.181241092737764E-5	35.437241677719761
4877.23535156249999	-0.152250289916992	-4.075895412825048E-5	4.075895412825048E-5	35.437241677719761
4877.27734374999999	-0.091499328613281	-3.957557782996446E-5	3.957557782996446E-5	35.437241677719761
4877.31933593749999	-0.031099319458008	-3.824221494141966E-5	3.824221494141966E-5	35.437241677719761
4877.36132812499999	0.030742645263672	-3.665836993604898E-5	3.665836993604898E-5	35.437241677719761
4877.40332031249999	0.091482162475586	-3.458041464909911E-5	3.458041464909911E-5	35.437241677719761
4877.44531249999999	0.151891708374023	-2.935148950200528E-5	2.935148950200528E-5	35.437241677719761
4877.54296874999999	0.212745666503906	3.709255906869657E-6	3.709255906869657E-6	35.437241677719761
4877.67773437499999	0.27311897277832	0.000245356699452	0.000245356699452	35.437241677719761
4877.81249999999999	0.334177017211914	0.001236290670931	0.001236290670931	35.437241677719761
4877.85449218749999	0.394937515258789	0.003056700341403	0.003056700341403	35.437241677719761
4877.89648437499999	0.455379486083984	0.005347873549908	0.005347873549908	35.437241677719761
4877.93847656249999	0.516189575195312	0.007897682487965	0.007897682487965	35.437241677719761
4878.02636718749999	0.577095031738281	0.010805584490299	0.010805584490299	35.437241677719761
4878.06835937499999	0.637416839599609	0.013597831130028	0.013597831130028	35.437241677719761
4878.11035156249999	0.69819450378418	0.016459077596664	0.016459077596664	35.437241677719761
4878.15234374999999	0.758569717407227	0.019327506422997	0.019327506422997	35.437241677719761
4878.19433593749999	0.819313049316406	0.022241592407227	0.022241592407227	35.437241677719761
4878.23632812499999	0.88041877746582	0.025178171694279	0.025178171694279	35.437241677719761
4878.27832031249999	0.940793991088867	0.02814868837595	0.02814868837595	35.437241677719761
4878.32031249999999	1.001550674438477	0.031165681779385	0.031165681779385	35.437241677719761
4878.36230468749999	1.061956405639648	0.03421825915575	0.03421825915575	35.437241677719761
4878.40429687499999	1.122682571411133	0.037355713546276	0.037355713546276	35.437241677719761
4878.44628906249999	1.183761596679687	0.040515944361687	0.040515944361687	35.437241677719761
4878.48828124999999	1.244174957275391	0.043896056711674	0.043896056711674	35.437241677719761
4878.53027343749999	1.304912567138672	0.047445438802242	0.047445438802242	35.437241677719761
4878.57226562499999	1.365262985229492	0.051128149032593	0.051128149032593	35.437241677719761
4878.61425781249999	1.425849914550781	0.054660700261593	0.054660700261593	35.437241677719761
4878.65624999999999	1.486820220947266	0.058465778827667	0.058465778827667	35.437241677719761
4878.69824218749999	1.547079086303711	0.062195636332035	0.062195636332035	35.437241677719761
4878.74023437499999	1.607671737670898	0.066109195351601	0.066109195351601	35.437241677719761
4878.78222656249999	1.667945861816406	0.069998286664486	0.069998286664486	35.437241677719761
4878.82421874999999	1.728899002075195	0.073859058320522	0.073859058320522	35.437241677719761
4878.86621093749999	1.789505004882812	0.077854864299297	0.077854864299297	35.437241677719761
4878.90820312499999	1.849761962890625	0.081765554845333	0.081765554845333	35.437241677719761
4878.95019531249999	1.910383224487305	0.085661739110947	0.085661739110947	35.437241677719761
4878.99218749999999	1.970630645751953	0.090351693332195	0.090351693332195	35.437241677719761
4879.03417968749999	2.031579971313477	0.094253815710545	0.094253815710545	35.437241677719761
4879.07617187499999	2.092117309570312	0.096140682697296	0.096140682697296	35.437241677719761
4879.11718749999999	2.124351501464844	0.100002855062485	0.100002855062485	35.437241677719761
4879.16015624999999	2.114374160766602	0.100002489984035	0.100002489984035	35.437241677719761
4879.20214843749999	2.099451065063477	0.100002460181713	0.100002460181713	35.437241677719761
4879.24414062499999	2.0943603515625	0.100002452731133	0.100002452731133	35.437241677719761
4879.28710937499999	2.093769073486328	0.100002445280552	0.100002445280552	35.437241677719761
4879.32910156249999	2.094324111938477	0.100002460181713	0.100002460181713	35.437241677719761
4879.37109374999999	2.159910202026367	0.100002452731133	0.100002452731133	35.437241677719761
4879.41308593749999	2.1802978515625	0.1000025421381	0.1000025421381	35.437241677719761
4879.45605468749999	2.173114776611328	0.100002467632294	0.100002467632294	35.437241677719761
4879.49804687499999	2.169898986816406	0.100002467632294	0.100002467632294	35.437241677719761
4879.54003906249999	2.167558670043945	0.100002489984035	0.100002489984035	35.437241677719761
4879.58203124999999	2.166952133178711	0.100002489984035	0.100002489984035	35.437241677719761
4879.62499999999999	2.168355941772461	0.100002460181713	0.100002460181713	35.437241677719761
4879.66699218749999	2.167827606201172	0.100002452731133	0.100002452731133	35.437241677719761
4879.70898437499999	2.165809631347656	0.100002437829971	0.100002437829971	35.437241677719761
