[INFO]
Keithley 2400
Meas Time: 2021/1/19 11:10:09
Params: GPIB address = GPIB0::21::INSTR; DataFile = D:\工艺实验\张浩; Compliance  Level (0.1) = 0.100000000000000; Number of Points (5) = 100; Minimum Amplitude (1) = -3.000000000000000; Maximum Amplitude (2) = 3.000000000000000; Timeout (100000 ms) = 100000; Source Mode  (0: Voltage) = 0; 4-wire? = FALSE; delay(S) = 0.000000000000000; Start = ; 

[COMMENT]


[DATA]
time (s)	Voltage (V)	Current (A)	absCurrent (A)	Fitting Resistance (Ohms)

11575.8212890625	-3.00078010559082	-0.000303172739223	0.000303172739223	1589.08252484580453
11575.86328125	-2.940395355224609	-0.000298953731544	0.000298953731544	1589.08252484580453
11575.9052734375	-2.87965202331543	-0.000293898861855	0.000293898861855	1589.08252484580453
11575.947265625	-2.818552017211914	-0.000289049581625	0.000289049581625	1589.08252484580453
11575.9892578125	-2.758148193359375	-0.000283857807517	0.000283857807517	1589.08252484580453
11576.03125	-2.697458267211914	-0.000278014456853	0.000278014456853	1589.08252484580453
11576.0732421875	-2.636877059936523	-0.000271899276413	0.000271899276413	1589.08252484580453
11576.115234375	-2.576614379882812	-0.000266340677626	0.000266340677626	1589.08252484580453
11576.1572265625	-2.515676498413086	-0.000259917927906	0.000259917927906	1589.08252484580453
11576.19921875	-2.455078125	-0.000253943260759	0.000253943260759	1589.08252484580453
11576.2412109375	-2.394824981689453	-0.000248454743996	0.000248454743996	1589.08252484580453
11576.283203125	-2.334226608276367	-0.000242451322265	0.000242451322265	1589.08252484580453
11576.3251953125	-2.273300170898437	-0.000236569321714	0.000236569321714	1589.08252484580453
11576.3671875	-2.213024139404297	-0.000231116311625	0.000231116311625	1589.08252484580453
11576.4091796875	-2.152437210083008	-0.000225460273214	0.000225460273214	1589.08252484580453
11576.451171875	-2.092187881469727	-0.000220026704483	0.000220026704483	1589.08252484580453
11576.4931640625	-2.031566619873047	-0.000213532708585	0.000213532708585	1589.08252484580453
11576.53515625	-1.970697402954102	-0.000207264791243	0.000207264791243	1589.08252484580453
11576.5771484375	-1.910463333129883	-0.000201071728952	0.000201071728952	1589.08252484580453
11576.619140625	-1.849847793579102	-0.000194249325432	0.000194249325432	1589.08252484580453
11576.6611328125	-1.789583206176758	-0.000187890604138	0.000187890604138	1589.08252484580453
11576.703125	-1.72900390625	-0.000181858194992	0.000181858194992	1589.08252484580453
11576.7451171875	-1.668041229248047	-0.000175735563971	0.000175735563971	1589.08252484580453
11576.787109375	-1.6077880859375	-0.000169946346432	0.000169946346432	1589.08252484580453
11576.8291015625	-1.547189712524414	-0.000164135242812	0.000164135242812	1589.08252484580453
11576.87109375	-1.486917495727539	-0.000157892121933	0.000157892121933	1589.08252484580453
11576.9130859375	-1.425971984863281	-0.000151684973389	0.000151684973389	1589.08252484580453
11576.955078125	-1.36536979675293	-0.000145670725033	0.000145670725033	1589.08252484580453
11576.9970703125	-1.305055618286133	-0.000139046343975	0.000139046343975	1589.08252484580453
11577.0390625	-1.244291305541992	-0.000132484012283	0.000132484012283	1589.08252484580453
11577.0810546875	-1.183572769165039	-0.000126573024318	0.000126573024318	1589.08252484580453
11577.123046875	-1.122493743896484	-0.000119940494187	0.000119940494187	1589.08252484580453
11577.1650390625	-1.062093734741211	-0.000114130903967	0.000114130903967	1589.08252484580453
11577.20703125	-1.001340866088867	-0.000107880448923	0.000107880448923	1589.08252484580453
11577.2490234375	-0.940954208374023	-0.000101766781881	0.000101766781881	1589.08252484580453
11577.341796875	-0.88043212890625	-9.519196464680135E-5	9.519196464680135E-5	1589.08252484580453
11577.3837890625	-0.81932258605957	-8.907858864404261E-5	8.907858864404261E-5	1589.08252484580453
11577.42578125	-0.758909225463867	-8.291544509120286E-5	8.291544509120286E-5	1589.08252484580453
11577.4677734375	-0.698154449462891	-7.651181658729911E-5	7.651181658729911E-5	1589.08252484580453
11577.509765625	-0.637739181518555	-7.040284981485456E-5	7.040284981485456E-5	1589.08252484580453
11577.5517578125	-0.577041625976562	-6.443059828598052E-5	6.443059828598052E-5	1589.08252484580453
11577.59375	-0.515964508056641	-5.836060154251754E-5	5.836060154251754E-5	1589.08252484580453
11577.6357421875	-0.455530166625977	-5.200212763156742E-5	5.200212763156742E-5	1589.08252484580453
11577.677734375	-0.394765853881836	-4.571019962895662E-5	4.571019962895662E-5	1589.08252484580453
11577.7197265625	-0.334373474121094	-3.947271034121513E-5	3.947271034121513E-5	1589.08252484580453
11577.76171875	-0.273263931274414	-3.318689414300025E-5	3.318689414300025E-5	1589.08252484580453
11577.8037109375	-0.212516784667969	-2.684532955754548E-5	2.684532955754548E-5	1589.08252484580453
11577.845703125	-0.152116775512695	-2.028699964284897E-5	2.028699964284897E-5	1589.08252484580453
11577.8876953125	-0.091350555419922	-1.330915256403387E-5	1.330915256403387E-5	1589.08252484580453
11577.984375	-0.031040191650391	-5.4009142331779E-6	5.4009142331779E-6	1589.08252484580453
11578.02734375	0.030925750732422	4.824772076972295E-6	4.824772076972295E-6	1589.08252484580453
11578.166015625	0.091604232788086	2.00614522327669E-5	2.00614522327669E-5	1589.08252484580453
11578.2080078125	0.152042388916016	4.121970414416865E-5	4.121970414416865E-5	1589.08252484580453
11578.25	0.212833404541016	6.970387767069042E-5	6.970387767069042E-5	1589.08252484580453
11578.3857421875	0.273109436035156	0.000104858074337	0.000104858074337	1589.08252484580453
11578.427734375	0.334213256835937	0.000146401696838	0.000146401696838	1589.08252484580453
11578.4697265625	0.394943237304687	0.000192488892935	0.000192488892935	1589.08252484580453
11578.51171875	0.455350875854492	0.000241911504418	0.000241911504418	1589.08252484580453
11578.5537109375	0.516124725341797	0.000294414232485	0.000294414232485	1589.08252484580453
11578.595703125	0.577190399169922	0.000349293230101	0.000349293230101	1589.08252484580453
11578.6376953125	0.63751220703125	0.000405268801842	0.000405268801842	1589.08252484580453
11578.6796875	0.698282241821289	0.000463045027573	0.000463045027573	1589.08252484580453
11578.7216796875	0.758684158325195	0.000521698093507	0.000521698093507	1589.08252484580453
11578.763671875	0.819438934326172	0.000581665779464	0.000581665779464	1589.08252484580453
11578.8056640625	0.880538940429687	0.00064276275225	0.00064276275225	1589.08252484580453
11578.84765625	0.940923690795898	0.000703881494701	0.000703881494701	1589.08252484580453
11578.8896484375	1.001682281494141	0.000765946519095	0.000765946519095	1589.08252484580453
11578.931640625	1.062103271484375	0.000828022544738	0.000828022544738	1589.08252484580453
11578.9736328125	1.122840881347656	0.000890769297257	0.000890769297257	1589.08252484580453
11579.015625	1.183923721313477	0.000954270770308	0.000954270770308	1589.08252484580453
11579.0576171875	1.244346618652344	0.001017736969516	0.001017736969516	1589.08252484580453
11579.19140625	1.304891586303711	0.00108146853745	0.00108146853745	1589.08252484580453
11579.2333984375	1.365228652954102	0.001145344227552	0.001145344227552	1589.08252484580453
11579.275390625	1.425823211669922	0.001210102811456	0.001210102811456	1589.08252484580453
11579.3173828125	1.486780166625977	0.001275491900742	0.001275491900742	1589.08252484580453
11579.359375	1.547029495239258	0.001340010203421	0.001340010203421	1589.08252484580453
11579.4013671875	1.607620239257812	0.001405433751643	0.001405433751643	1589.08252484580453
11579.443359375	1.667888641357422	0.001470617949963	0.001470617949963	1589.08252484580453
11579.4853515625	1.728830337524414	0.001536815427244	0.001536815427244	1589.08252484580453
11579.52734375	1.789430618286133	0.001602746546268	0.001602746546268	1589.08252484580453
11579.5693359375	1.84967041015625	0.001669293269515	0.001669293269515	1589.08252484580453
11579.611328125	1.910285949707031	0.001736140809953	0.001736140809953	1589.08252484580453
11579.6533203125	1.970529556274414	0.001804077066481	0.001804077066481	1589.08252484580453
11579.6953125	2.031469345092773	0.001871769316494	0.001871769316494	1589.08252484580453
11579.7373046875	2.092008590698242	0.001938855275512	0.001938855275512	1589.08252484580453
11579.779296875	2.152256011962891	0.002005788497627	0.002005788497627	1589.08252484580453
11579.8212890625	2.212852478027344	0.002074595540762	0.002074595540762	1589.08252484580453
11579.86328125	2.273120880126953	0.002144144847989	0.002144144847989	1589.08252484580453
11579.9052734375	2.334037780761719	0.002213662490249	0.002213662490249	1589.08252484580453
11579.947265625	2.394626617431641	0.002283588983119	0.002283588983119	1589.08252484580453
11579.9892578125	2.454900741577148	0.0023527527228	0.0023527527228	1589.08252484580453
11580.03125	2.515497207641602	0.002425412647426	0.002425412647426	1589.08252484580453
11580.0732421875	2.576433181762695	0.002495066262782	0.002495066262782	1589.08252484580453
11580.115234375	2.636690139770508	0.002565543167293	0.002565543167293	1589.08252484580453
11580.1572265625	2.697275161743164	0.002639162354171	0.002639162354171	1589.08252484580453
11580.19921875	2.757596969604492	0.002710952423513	0.002710952423513	1589.08252484580453
11580.2412109375	2.818363189697266	0.002784016542137	0.002784016542137	1589.08252484580453
11580.283203125	2.879428863525391	0.00285535864532	0.00285535864532	1589.08252484580453
11580.3251953125	2.939836502075195	0.002928794361651	0.002928794361651	1589.08252484580453
11580.3671875	3.000579833984375	0.003001994453371	0.003001994453371	1589.08252484580453
11767.17578125	-3.000707626342773	-0.001555376686156	0.001555376686156	29.689479574182492
11767.2177734375	-2.94032096862793	-0.001553044654429	0.001553044654429	29.689479574182492
11767.259765625	-2.879581451416016	-0.001550486311316	0.001550486311316	29.689479574182492
11767.3017578125	-2.818496704101562	-0.001547688618302	0.001547688618302	29.689479574182492
11767.34375	-2.758083343505859	-0.001544278115034	0.001544278115034	29.689479574182492
11767.3857421875	-2.697395324707031	-0.001540777273476	0.001540777273476	29.689479574182492
11767.427734375	-2.636819839477539	-0.001537254080176	0.001537254080176	29.689479574182492
11767.4697265625	-2.576562881469727	-0.001533910632133	0.001533910632133	29.689479574182492
11767.51171875	-2.515625	-0.001530249603093	0.001530249603093	29.689479574182492
11767.5537109375	-2.45503044128418	-0.001525987870991	0.001525987870991	29.689479574182492
11767.595703125	-2.394767761230469	-0.001521492376924	0.001521492376924	29.689479574182492
11767.6376953125	-2.334165573120117	-0.00151726230979	0.00151726230979	29.689479574182492
11767.6796875	-2.273242950439453	-0.00151290372014	0.00151290372014	29.689479574182492
11767.7216796875	-2.212978363037109	-0.001508435234427	0.001508435234427	29.689479574182492
11767.7626953125	-2.152387619018555	-0.001503273844719	0.001503273844719	29.689479574182492
11767.8046875	-2.092138290405273	-0.001497965306044	0.001497965306044	29.689479574182492
11767.8466796875	-2.031524658203125	-0.001492897979915	0.001492897979915	29.689479574182492
11767.888671875	-1.97065544128418	-0.001487597823143	0.001487597823143	29.689479574182492
11767.9306640625	-1.910421371459961	-0.00148175470531	0.00148175470531	29.689479574182492
11767.97265625	-1.84980583190918	-0.001475526019931	0.001475526019931	29.689479574182492
11768.0146484375	-1.789546966552734	-0.001469468697906	0.001469468697906	29.689479574182492
11768.056640625	-1.728960037231445	-0.001463233493268	0.001463233493268	29.689479574182492
11768.0986328125	-1.668001174926758	-0.001456413418055	0.001456413418055	29.689479574182492
11768.140625	-1.607751846313477	-0.001449229195714	0.001449229195714	29.689479574182492
11768.1826171875	-1.547155380249023	-0.001441772095859	0.001441772095859	29.689479574182492
11768.224609375	-1.486888885498047	-0.001434397883713	0.001434397883713	29.689479574182492
11768.2666015625	-1.425931930541992	-0.001426588743925	0.001426588743925	29.689479574182492
11768.30859375	-1.365341186523437	-0.001418237574399	0.001418237574399	29.689479574182492
11768.3505859375	-1.305032730102539	-0.001409481279552	0.001409481279552	29.689479574182492
11768.392578125	-1.244268417358398	-0.001400371082127	0.001400371082127	29.689479574182492
11768.4345703125	-1.18354606628418	-0.001391100697219	0.001391100697219	29.689479574182492
11768.4765625	-1.122480392456055	-0.001381440088153	0.001381440088153	29.689479574182492
11768.5185546875	-1.062084197998047	-0.001370656304061	0.001370656304061	29.689479574182492
11768.560546875	-1.001335144042969	-0.001359550282359	0.001359550282359	29.689479574182492
11768.6025390625	-0.940940856933594	-0.001348202116787	0.001348202116787	29.689479574182492
11768.64453125	-0.880210876464844	-0.001336353830993	0.001336353830993	29.689479574182492
11768.6865234375	-0.819120407104492	-0.001323439180851	0.001323439180851	29.689479574182492
11768.728515625	-0.758712768554687	-0.001309878192842	0.001309878192842	29.689479574182492
11768.7705078125	-0.697978973388672	-0.001295519992709	0.001295519992709	29.689479574182492
11768.8125	-0.637571334838867	-0.001280679367483	0.001280679367483	29.689479574182492
11768.8544921875	-0.576894760131836	-0.001264787279069	0.001264787279069	29.689479574182492
11768.896484375	-0.515827178955078	-0.001247365027666	0.001247365027666	29.689479574182492
11768.9384765625	-0.455406188964844	-0.001228971406817	0.001228971406817	29.689479574182492
11768.98046875	-0.394664764404297	-0.001209145411849	0.001209145411849	29.689479574182492
11769.0224609375	-0.334295272827148	-0.001187761314213	0.001187761314213	29.689479574182492
11769.064453125	-0.273187637329102	-0.001161654479802	0.001161654479802	29.689479574182492
11769.1064453125	-0.212453842163086	-0.001118238084018	0.001118238084018	29.689479574182492
11769.1484375	-0.152067184448242	-0.001035118475556	0.001035118475556	29.689479574182492
11769.2373046875	-0.091497421264648	-0.000913397641852	0.000913397641852	29.689479574182492
11769.279296875	-0.031064987182617	-0.00077041098848	0.00077041098848	29.689479574182492
11769.3212890625	0.030708312988281	-0.000609692418948	0.000609692418948	29.689479574182492
11769.36328125	0.091482162475586	-0.000442460528575	0.000442460528575	29.689479574182492
11769.4052734375	0.151914596557617	-0.000262169982307	0.000262169982307	29.689479574182492
11769.4990234375	0.212575912475586	-5.698755558114499E-5	5.698755558114499E-5	29.689479574182492
11769.6337890625	0.273193359375	0.000504843250383	0.000504843250383	29.689479574182492
11769.7685546875	0.334220886230469	0.002012337557971	0.002012337557971	29.689479574182492
11769.810546875	0.394987106323242	0.004272839054465	0.004272839054465	29.689479574182492
11769.8525390625	0.455438613891602	0.00696551380679	0.00696551380679	29.689479574182492
11769.89453125	0.516260147094727	0.009871697053313	0.009871697053313	29.689479574182492
11769.982421875	0.577119827270508	0.013281725347042	0.013281725347042	29.689479574182492
11770.0244140625	0.637451171875	0.016354367136955	0.016354367136955	29.689479574182492
11770.06640625	0.698225021362305	0.019441023468971	0.019441023468971	29.689479574182492
11770.1083984375	0.758615493774414	0.022481590509415	0.022481590509415	29.689479574182492
11770.150390625	0.819358825683594	0.025508746504784	0.025508746504784	29.689479574182492
11770.1923828125	0.880455017089844	0.028523229062557	0.028523229062557	29.689479574182492
11770.234375	0.940847396850586	0.03148078173399	0.03148078173399	29.689479574182492
11770.2763671875	1.001590728759766	0.034438744187355	0.034438744187355	29.689479574182492
11770.318359375	1.061992645263672	0.037395715713501	0.037395715713501	29.689479574182492
11770.3603515625	1.122732162475586	0.041118256747723	0.041118256747723	29.689479574182492
11770.40234375	1.183803558349609	0.045691505074501	0.045691505074501	29.689479574182492
11770.4443359375	1.244228363037109	0.051790155470371	0.051790155470371	29.689479574182492
11770.486328125	1.304977416992187	0.057846769690514	0.057846769690514	29.689479574182492
11770.5283203125	1.365327835083008	0.064312726259232	0.064312726259232	29.689479574182492
11770.5703125	1.425920486450195	0.071432456374168	0.071432456374168	29.689479574182492
11770.6123046875	1.486896514892578	0.077978454530239	0.077978454530239	29.689479574182492
11770.654296875	1.547153472900391	0.084103427827358	0.084103427827358	29.689479574182492
11770.6962890625	1.607763290405273	0.090928979218006	0.090928979218006	29.689479574182492
11770.73828125	1.668046951293945	0.097582221031189	0.097582221031189	29.689479574182492
11770.7802734375	1.682580947875977	0.100003458559513	0.100003458559513	29.689479574182492
11770.822265625	1.676311492919922	0.100002937018871	0.100002937018871	29.689479574182492
11770.8642578125	1.672901153564453	0.10000291466713	0.10000291466713	29.689479574182492
11770.90625	1.66917610168457	0.100002884864807	0.100002884864807	29.689479574182492
11770.94921875	1.665321350097656	0.10000291466713	0.10000291466713	29.689479574182492
11770.9912109375	1.661384582519531	0.100002869963646	0.100002869963646	29.689479574182492
11771.033203125	1.656675338745117	0.100002899765968	0.100002899765968	29.689479574182492
11771.0751953125	1.651866912841797	0.100002892315388	0.100002892315388	29.689479574182492
11771.1181640625	1.650655746459961	0.100002869963646	0.100002869963646	29.689479574182492
11771.16015625	1.649929046630859	0.100002877414227	0.100002877414227	29.689479574182492
11771.2021484375	1.649576187133789	0.100002877414227	0.100002877414227	29.689479574182492
11771.244140625	1.649234771728516	0.100002877414227	0.100002877414227	29.689479574182492
11771.287109375	1.648994445800781	0.100002884864807	0.100002884864807	29.689479574182492
11771.3291015625	1.648731231689453	0.100002862513065	0.100002862513065	29.689479574182492
11771.37109375	1.648488998413086	0.100002877414227	0.100002877414227	29.689479574182492
11771.4130859375	1.647747039794922	0.10000291466713	0.10000291466713	29.689479574182492
11771.4560546875	1.646261215209961	0.100002832710743	0.100002832710743	29.689479574182492
11771.498046875	1.645866394042969	0.100002877414227	0.100002877414227	29.689479574182492
11771.5400390625	1.645538330078125	0.100002855062485	0.100002855062485	29.689479574182492
11771.58203125	1.645318984985352	0.100002877414227	0.100002877414227	29.689479574182492
11771.625	1.645105361938477	0.100002855062485	0.100002855062485	29.689479574182492
11771.6669921875	1.644893646240234	0.100002832710743	0.100002832710743	29.689479574182492
11777.416015625	-3.000726699829102	-0.001567794010043	0.001567794010043	29.622074817330159
11777.4580078125	-2.940341949462891	-0.001565566286445	0.001565566286445	29.622074817330159
11777.5	-2.879613876342773	-0.001562932506204	0.001562932506204	29.622074817330159
11777.5419921875	-2.818511962890625	-0.00156033411622	0.00156033411622	29.622074817330159
11777.583984375	-2.758115768432617	-0.001557779498398	0.001557779498398	29.622074817330159
11777.6259765625	-2.697425842285156	-0.001554926857352	0.001554926857352	29.622074817330159
11777.66796875	-2.636835098266602	-0.001551835797727	0.001551835797727	29.622074817330159
11777.7099609375	-2.576578140258789	-0.001548227854073	0.001548227854073	29.622074817330159
11777.751953125	-2.515651702880859	-0.001544923521578	0.001544923521578	29.622074817330159
11777.7939453125	-2.455055236816406	-0.001541757956147	0.001541757956147	29.622074817330159
11777.8359375	-2.394796371459961	-0.001538079231977	0.001538079231977	29.622074817330159
11777.8779296875	-2.334197998046875	-0.001534014940262	0.001534014940262	29.622074817330159
11777.919921875	-2.273271560668945	-0.001529808156192	0.001529808156192	29.622074817330159
11777.9619140625	-2.213001251220703	-0.001525779254735	0.001525779254735	29.622074817330159
11778.00390625	-2.152408599853516	-0.001521661877632	0.001521661877632	29.622074817330159
11778.0458984375	-2.0921630859375	-0.001517211087048	0.001517211087048	29.622074817330159
11778.087890625	-2.031534194946289	-0.001512384973466	0.001512384973466	29.622074817330159
11778.1298828125	-1.970668792724609	-0.001507245004177	0.001507245004177	29.622074817330159
11778.171875	-1.910436630249023	-0.001502427272499	0.001502427272499	29.622074817330159
11778.2138671875	-1.849822998046875	-0.001497428864241	0.001497428864241	29.622074817330159
11778.255859375	-1.78956413269043	-0.001491921953857	0.001491921953857	29.622074817330159
11778.2978515625	-1.728979110717773	-0.001486116088927	0.001486116088927	29.622074817330159
11778.33984375	-1.667999267578125	-0.001480021513999	0.001480021513999	29.622074817330159
11778.3818359375	-1.607772827148437	-0.001474161632359	0.001474161632359	29.622074817330159
11778.423828125	-1.547168731689453	-0.001467882655561	0.001467882655561	29.622074817330159
11778.4658203125	-1.486911773681641	-0.001461204141378	0.001461204141378	29.622074817330159
11778.5078125	-1.425956726074219	-0.001453941687942	0.001453941687942	29.622074817330159
11778.5498046875	-1.365364074707031	-0.001446715556085	0.001446715556085	29.622074817330159
11778.591796875	-1.305049896240234	-0.001439344137907	0.001439344137907	29.622074817330159
11778.6337890625	-1.244295120239258	-0.001431566663086	0.001431566663086	29.622074817330159
11778.67578125	-1.183570861816406	-0.001423203386366	0.001423203386366	29.622074817330159
11778.7177734375	-1.122486114501953	-0.001414304599166	0.001414304599166	29.622074817330159
11778.759765625	-1.062095642089844	-0.001405354589224	0.001405354589224	29.622074817330159
11778.8017578125	-1.001340866088867	-0.00139613263309	0.00139613263309	29.622074817330159
11778.84375	-0.940961837768555	-0.001386285759509	0.001386285759509	29.622074817330159
11778.884765625	-0.880216598510742	-0.001375602558255	0.001375602558255	29.622074817330159
11778.9267578125	-0.819143295288086	-0.001364249736071	0.001364249736071	29.622074817330159
11778.96875	-0.758735656738281	-0.001352957449853	0.001352957449853	29.622074817330159
11779.0107421875	-0.697988510131836	-0.001340927556157	0.001340927556157	29.622074817330159
11779.052734375	-0.637592315673828	-0.001327947713435	0.001327947713435	29.622074817330159
11779.0947265625	-0.576919555664062	-0.001313956454396	0.001313956454396	29.622074817330159
11779.13671875	-0.515844345092773	-0.001299398951232	0.001299398951232	29.622074817330159
11779.1787109375	-0.455427169799805	-0.001284117810428	0.001284117810428	29.622074817330159
11779.220703125	-0.394678115844727	-0.001267607323825	0.001267607323825	29.622074817330159
11779.2626953125	-0.334312438964844	-0.001249734312296	0.001249734312296	29.622074817330159
11779.3046875	-0.273200988769531	-0.001230455003679	0.001230455003679	29.622074817330159
11779.3466796875	-0.212467193603516	-0.001209943555295	0.001209943555295	29.622074817330159
11779.388671875	-0.152076721191406	-0.001187210902572	0.001187210902572	29.622074817330159
11779.4306640625	-0.091335296630859	-0.001158704049885	0.001158704049885	29.622074817330159
11779.47265625	-0.030927658081055	-0.001104604452848	0.001104604452848	29.622074817330159
11779.5625	0.030609130859375	-0.00097202102188	0.00097202102188	29.622074817330159
11779.6044921875	0.091396331787109	-0.000756947440095	0.000756947440095	29.622074817330159
11779.646484375	0.151851654052734	-0.000484496238641	0.000484496238641	29.622074817330159
11779.6884765625	0.212657928466797	-0.000130290165544	0.000130290165544	29.622074817330159
11779.73046875	0.273191452026367	0.000552444776986	0.000552444776986	29.622074817330159
11779.865234375	0.33421516418457	0.002434607595205	0.002434607595205	29.622074817330159
11779.90625	0.395000457763672	0.005537290591747	0.005537290591747	29.622074817330159
11779.9482421875	0.455476760864258	0.009394242428243	0.009394242428243	29.622074817330159
11780.037109375	0.516061782836914	0.013730101287365	0.013730101287365	29.622074817330159
11780.0791015625	0.577121734619141	0.018240861594677	0.018240861594677	29.622074817330159
11780.12109375	0.637458801269531	0.022831872105598	0.022831872105598	29.622074817330159
11780.1630859375	0.698226928710937	0.02752947807312	0.02752947807312	29.622074817330159
11780.205078125	0.758623123168945	0.03223729878664	0.03223729878664	29.622074817330159
11780.2470703125	0.819370269775391	0.036992862820625	0.036992862820625	29.622074817330159
11780.2890625	0.880464553833008	0.041782304644585	0.041782304644585	29.622074817330159
11780.3310546875	0.940851211547852	0.046510204672813	0.046510204672813	29.622074817330159
11780.373046875	1.001607894897461	0.051255233585835	0.051255233585835	29.622074817330159
11780.4150390625	1.062015533447266	0.055955238640308	0.055955238640308	29.622074817330159
11780.45703125	1.122762680053711	0.060664892196655	0.060664892196655	29.622074817330159
11780.498046875	1.183839797973633	0.065372601151466	0.065372601151466	29.622074817330159
11780.5400390625	1.2442626953125	0.07001256942749	0.07001256942749	29.622074817330159
11780.58203125	1.305004119873047	0.074652455747128	0.074652455747128	29.622074817330159
11780.6240234375	1.365350723266602	0.079234384000301	0.079234384000301	29.622074817330159
11780.666015625	1.425952911376953	0.083810463547707	0.083810463547707	29.622074817330159
11780.7080078125	1.486927032470703	0.088391281664371	0.088391281664371	29.622074817330159
11780.75	1.547191619873047	0.092894345521927	0.092894345521927	29.622074817330159
11780.7919921875	1.607784271240234	0.097398333251476	0.097398333251476	29.622074817330159
11780.833984375	1.642618179321289	0.100001998245716	0.100001998245716	29.622074817330159
11780.8759765625	1.64202880859375	0.100002817809582	0.100002817809582	29.622074817330159
11780.91796875	1.64129638671875	0.100002810359001	0.100002810359001	29.622074817330159
11780.9609375	1.640928268432617	0.100002788007259	0.100002788007259	29.622074817330159
11781.0029296875	1.640800476074219	0.10000279545784	0.10000279545784	29.622074817330159
11781.044921875	1.640680313110352	0.100002802908421	0.100002802908421	29.622074817330159
11781.0869140625	1.640531539916992	0.100002817809582	0.100002817809582	29.622074817330159
11781.1298828125	1.640308380126953	0.100002802908421	0.100002802908421	29.622074817330159
11781.171875	1.640134811401367	0.100002802908421	0.100002802908421	29.622074817330159
11781.2138671875	1.640043258666992	0.10000279545784	0.10000279545784	29.622074817330159
11781.255859375	1.639976501464844	0.100002788007259	0.100002788007259	29.622074817330159
11781.298828125	1.639892578125	0.100002780556679	0.100002780556679	29.622074817330159
11781.3408203125	1.639768600463867	0.10000279545784	0.10000279545784	29.622074817330159
11781.3828125	1.639677047729492	0.100002773106098	0.100002773106098	29.622074817330159
11781.4248046875	1.63953971862793	0.100002788007259	0.100002788007259	29.622074817330159
11781.4677734375	1.639387130737305	0.100002758204937	0.100002758204937	29.622074817330159
11781.509765625	1.639272689819336	0.100002773106098	0.100002773106098	29.622074817330159
11781.5517578125	1.638935089111328	0.100002788007259	0.100002788007259	29.622074817330159
11781.59375	1.638322830200195	0.100002743303776	0.100002743303776	29.622074817330159
11781.63671875	1.637617111206055	0.100002780556679	0.100002780556679	29.622074817330159
11781.6787109375	1.637239456176758	0.100002735853195	0.100002735853195	29.622074817330159
11781.720703125	1.636354446411133	0.100002773106098	0.100002773106098	29.622074817330159
11781.7626953125	1.631437301635742	0.100002802908421	0.100002802908421	29.622074817330159
