[INFO]
Keithley 2400
Meas Time: 2021/1/19 14:16:15
Params: GPIB address = GPIB0::21::INSTR; DataFile = D:\工艺实验\张煜超; Compliance  Level (0.1) = 0.100000000000000; Number of Points (5) = 300; Minimum Amplitude (1) = -3.000000000000000; Maximum Amplitude (2) = 3.000000000000000; Timeout (100000 ms) = 100000; Source Mode  (0: Voltage) = 0; 4-wire? = FALSE; delay(S) = 0.000000000000000; Start = ; 

[COMMENT]


[DATA]
time (s)	Voltage (V)	Current (A)	absCurrent (A)	Fitting Resistance (Ohms)

4480.62695312499999	-3.000730514526367	-0.000136380782351	0.000136380782351	29.961796359846783
4480.66894531249999	-2.980846405029297	-0.000136380083859	0.000136380083859	29.961796359846783
4480.71093749999999	-2.960594177246094	-0.000136330607347	0.000136330607347	29.961796359846783
4480.75292968749999	-2.940700531005859	-0.000136268790811	0.000136268790811	29.961796359846783
4480.79492187499999	-2.920097351074219	-0.000136193237267	0.000136193237267	29.961796359846783
4480.83691406249999	-2.900190353393555	-0.000136126880534	0.000136126880534	29.961796359846783
4480.87890624999999	-2.879947662353516	-0.000136055750772	0.000136055750772	29.961796359846783
4480.92089843749999	-2.86003303527832	-0.000135963782668	0.000135963782668	29.961796359846783
4480.96289062499999	-2.840129852294922	-0.00013585598208	0.00013585598208	29.961796359846783
4481.00488281249999	-2.81987190246582	-0.000135755166411	0.000135755166411	29.961796359846783
4481.04687499999999	-2.799991607666016	-0.000135670299642	0.000135670299642	29.961796359846783
4481.08886718749999	-2.780084609985352	-0.000135562266223	0.000135562266223	29.961796359846783
4481.13085937499999	-2.759487152099609	-0.000135437352583	0.000135437352583	29.961796359846783
4481.17285156249999	-2.739570617675781	-0.000135312438942	0.000135312438942	29.961796359846783
4481.21484374999999	-2.719324111938477	-0.000135213136673	0.000135213136673	29.961796359846783
4481.25683593749999	-2.699491500854492	-0.000135106150992	0.000135106150992	29.961796359846783
4481.29882812499999	-2.679275512695312	-0.000134973437525	0.000134973437525	29.961796359846783
4481.34082031249999	-2.659421920776367	-0.000134833040647	0.000134833040647	29.961796359846783
4481.38281249999999	-2.639562606811523	-0.000134711735882	0.000134711735882	29.961796359846783
4481.42480468749999	-2.619045257568359	-0.000134605797939	0.000134605797939	29.961796359846783
4481.46679687499999	-2.599174499511719	-0.000134463305585	0.000134463305585	29.961796359846783
4481.50878906249999	-2.578973770141602	-0.000134319067001	0.000134319067001	29.961796359846783
4481.55078124999999	-2.559112548828125	-0.00013417378068	0.00013417378068	29.961796359846783
4481.59277343749999	-2.539262771606445	-0.000134044676088	0.000134044676088	29.961796359846783
4481.63476562499999	-2.519063949584961	-0.000133918481879	0.000133918481879	29.961796359846783
4481.67675781249999	-2.499187469482422	-0.000133768306114	0.000133768306114	29.961796359846783
4481.71874999999999	-2.479001998901367	-0.000133601832204	0.000133601832204	29.961796359846783
4481.76074218749999	-2.458824157714844	-0.00013345933985	0.00013345933985	29.961796359846783
4481.80273437499999	-2.438625335693359	-0.000133322901092	0.000133322901092	29.961796359846783
4481.84472656249999	-2.41874885559082	-0.000133174471557	0.000133174471557	29.961796359846783
4481.88671874999999	-2.398895263671875	-0.000133002642542	0.000133002642542	29.961796359846783
4481.92871093749999	-2.378692626953125	-0.000132839661092	0.000132839661092	29.961796359846783
4481.97070312499999	-2.35883903503418	-0.000132684013806	0.000132684013806	29.961796359846783
4482.01269531249999	-2.338638305664062	-0.000132537563331	0.000132537563331	29.961796359846783
4482.05468749999999	-2.318443298339844	-0.000132361310534	0.000132361310534	29.961796359846783
4482.09667968749999	-2.298238754272461	-0.000132172717713	0.000132172717713	29.961796359846783
4482.13867187499999	-2.278398513793945	-0.00013201625552	0.00013201625552	29.961796359846783
4482.18066406249999	-2.258544921875	-0.00013185874559	0.00013185874559	29.961796359846783
4482.22265624999999	-2.238346099853516	-0.000131683540531	0.000131683540531	29.961796359846783
4482.26464843749999	-2.218484878540039	-0.000131488544866	0.000131488544866	29.961796359846783
4482.30664062499999	-2.19862174987793	-0.000131311360747	0.000131311360747	29.961796359846783
4482.34863281249999	-2.178434371948242	-0.000131145701744	0.000131145701744	29.961796359846783
4482.39062499999999	-2.157867431640625	-0.00013096362818	0.00013096362818	29.961796359846783
4482.43261718749999	-2.138017654418945	-0.000130770378746	0.000130770378746	29.961796359846783
4482.47460937499999	-2.118148803710937	-0.000130572356284	0.000130572356284	29.961796359846783
4482.51660156249999	-2.097969055175781	-0.000130384694785	0.000130384694785	29.961796359846783
4482.55859374999999	-2.078113555908203	-0.000130200758576	0.000130200758576	29.961796359846783
4482.60058593749999	-2.058233261108398	-0.000130013446324	0.000130013446324	29.961796359846783
4482.64257812499999	-2.038045883178711	-0.000129788415506	0.000129788415506	29.961796359846783
4482.68457031249999	-2.017562866210937	-0.000129585037939	0.000129585037939	29.961796359846783
4482.72656249999999	-1.997718811035156	-0.000129386549816	0.000129386549816	29.961796359846783
4482.76855468749999	-1.977846145629883	-0.000129191786982	0.000129191786982	29.961796359846783
4482.81054687499999	-1.957666397094727	-0.000128960236907	0.000128960236907	29.961796359846783
4482.85253906249999	-1.937812805175781	-0.000128734973259	0.000128734973259	29.961796359846783
4482.89453124999999	-1.917963027954102	-0.000128535786644	0.000128535786644	29.961796359846783
4482.93652343749999	-1.897754669189453	-0.000128329731524	0.000128329731524	29.961796359846783
4482.97851562499999	-1.877895355224609	-0.000128101091832	0.000128101091832	29.961796359846783
4483.02050781249999	-1.857334136962891	-0.00012786348816	0.00012786348816	29.961796359846783
4483.06249999999999	-1.837486267089844	-0.000127633567899	0.000127633567899	29.961796359846783
4483.10449218749999	-1.817293167114258	-0.000127414125018	0.000127414125018	29.961796359846783
4483.14648437499999	-1.797428131103516	-0.000127185485326	0.000127185485326	29.961796359846783
4483.18749999999999	-1.777561187744141	-0.000126943108626	0.000126943108626	29.961796359846783
4483.22949218749999	-1.757387161254883	-0.000126687111333	0.000126687111333	29.961796359846783
4483.27148437499999	-1.737537384033203	-0.000126459286548	0.000126459286548	29.961796359846783
4483.31347656249999	-1.71697998046875	-0.000126222730614	0.000126222730614	29.961796359846783
4483.35546874999999	-1.697122573852539	-0.000125963939354	0.000125963939354	29.961796359846783
4483.39746093749999	-1.676904678344727	-0.000125690945424	0.000125690945424	29.961796359846783
4483.43945312499999	-1.657068252563477	-0.000125435413793	0.000125435413793	29.961796359846783
4483.48144531249999	-1.637205123901367	-0.000125197228044	0.000125197228044	29.961796359846783
4483.52343749999999	-1.617000579833984	-0.000124932732433	0.000124932732433	29.961796359846783
4483.56542968749999	-1.597143173217773	-0.000124655314721	0.000124655314721	29.961796359846783
4483.60742187499999	-1.576616287231445	-0.000124370097183	0.000124370097183	29.961796359846783
4483.64941406249999	-1.556758880615234	-0.000124109443277	0.000124109443277	29.961796359846783
4483.69140624999999	-1.536540985107422	-0.000123836100101	0.000123836100101	29.961796359846783
4483.73339843749999	-1.516691207885742	-0.000123552628793	0.000123552628793	29.961796359846783
4483.77539062499999	-1.496829986572266	-0.000123255536892	0.000123255536892	29.961796359846783
4483.81738281249999	-1.476640701293945	-0.000122963800095	0.000122963800095	29.961796359846783
4483.85937499999999	-1.456764221191406	-0.000122693600133	0.000122693600133	29.961796359846783
4483.90136718749999	-1.436910629272461	-0.00012239580974	0.00012239580974	29.961796359846783
4483.94335937499999	-1.416351318359375	-0.000122072175145	0.000122072175145	29.961796359846783
4483.98535156249999	-1.396522521972656	-0.000121755874716	0.000121755874716	29.961796359846783
4484.02734374999999	-1.376314163208008	-0.000121452379972	0.000121452379972	29.961796359846783
4484.06933593749999	-1.356441497802734	-0.00012114609126	0.00012114609126	29.961796359846783
4484.11132812499999	-1.336235046386719	-0.000120819546282	0.000120819546282	29.961796359846783
4484.15332031249999	-1.316339492797852	-0.000120481010526	0.000120481010526	29.961796359846783
4484.19531249999999	-1.296453475952148	-0.000120147014968	0.000120147014968	29.961796359846783
4484.23730468749999	-1.275856018066406	-0.000119821634144	0.000119821634144	29.961796359846783
4484.27929687499999	-1.255962371826172	-0.000119490898214	0.000119490898214	29.961796359846783
4484.32128906249999	-1.235719680786133	-0.000119135831483	0.000119135831483	29.961796359846783
4484.36328124999999	-1.215822219848633	-0.000118769006804	0.000118769006804	29.961796359846783
4484.40527343749999	-1.195556640625	-0.00011842767708	0.00011842767708	29.961796359846783
4484.44726562499999	-1.175661087036133	-0.000118076917715	0.000118076917715	29.961796359846783
4484.48925781249999	-1.155733108520508	-0.0001177060185	0.0001177060185	29.961796359846783
4484.53124999999999	-1.135503768920898	-0.000117320218123	0.000117320218123	29.961796359846783
4484.57324218749999	-1.115259170532227	-0.000116948853247	0.000116948853247	29.961796359846783
4484.61523437499999	-1.095006942749023	-0.000116575858556	0.000116575858556	29.961796359846783
4484.65722656249999	-1.075099945068359	-0.000116183189675	0.000116183189675	29.961796359846783
4484.69921874999999	-1.055215835571289	-0.000115779927	0.000115779927	29.961796359846783
4484.74121093749999	-1.034971237182617	-0.000115371542051	0.000115371542051	29.961796359846783
4484.78320312499999	-1.015056610107422	-0.000114984228276	0.000114984228276	29.961796359846783
4484.82519531249999	-0.99481201171875	-0.000114575028419	0.000114575028419	29.961796359846783
4484.86718749999999	-0.974557876586914	-0.000114133465104	0.000114133465104	29.961796359846783
4484.90917968749999	-0.954313278198242	-0.000113692483865	0.000113692483865	29.961796359846783
4484.95117187499999	-0.934417724609375	-0.000113279558718	0.000113279558718	29.961796359846783
4484.99218749999999	-0.914510726928711	-0.00011285499204	0.00011285499204	29.961796359846783
4485.03417968749999	-0.894258499145508	-0.000112390727736	0.000112390727736	29.961796359846783
4485.07617187499999	-0.874380111694336	-0.000111929140985	0.000111929140985	29.961796359846783
4485.11816406249999	-0.854473114013672	-0.00011148257181	0.00011148257181	29.961796359846783
4485.16015624999999	-0.834218978881836	-0.000111022614874	0.000111022614874	29.961796359846783
4485.20214843749999	-0.813640594482422	-0.000110529363155	0.000110529363155	29.961796359846783
4485.24414062499999	-0.793724060058594	-0.000110040535219	0.000110040535219	29.961796359846783
4485.28613281249999	-0.773826599121094	-0.000109547399916	0.000109547399916	29.961796359846783
4485.32812499999999	-0.753572463989258	-0.000109050306492	0.000109050306492	29.961796359846783
4485.37011718749999	-0.733663558959961	-0.000108554959297	0.000108554959297	29.961796359846783
4485.41210937499999	-0.713737487792969	-0.000108031672426	0.000108031672426	29.961796359846783
4485.45410156249999	-0.693532943725586	-0.000107485451736	0.000107485451736	29.961796359846783
4485.49609374999999	-0.672935485839844	-0.000106945284642	0.000106945284642	29.961796359846783
4485.53808593749999	-0.65301513671875	-0.000106408144347	0.000106408144347	29.961796359846783
4485.58007812499999	-0.633111953735352	-0.000105851679109	0.000105851679109	29.961796359846783
4485.62207031249999	-0.61292839050293	-0.000105271697976	0.000105271697976	29.961796359846783
4485.66406249999999	-0.593040466308594	-0.000104705337435	0.000104705337435	29.961796359846783
4485.70605468749999	-0.573122024536133	-0.000104136765003	0.000104136765003	29.961796359846783
4485.74804687499999	-0.552886962890625	-0.000103525351733	0.000103525351733	29.961796359846783
4485.79003906249999	-0.532993316650391	-0.000102908932604	0.000102908932604	29.961796359846783
4485.83203124999999	-0.512405395507812	-0.000102264690213	0.000102264690213	29.961796359846783
4485.87402343749999	-0.492488861083984	-0.000101649784483	0.000101649784483	29.961796359846783
4485.91601562499999	-0.472236633300781	-0.000101004028693	0.000101004028693	29.961796359846783
4485.95800781249999	-0.452329635620117	-0.000100337900221	0.000100337900221	29.961796359846783
4486.05078124999999	-0.432643890380859	-9.967696678359061E-5	9.967696678359061E-5	29.961796359846783
4486.09277343749999	-0.412410736083984	-9.896843403112143E-5	9.896843403112143E-5	29.961796359846783
4486.13476562499999	-0.392494201660156	-9.827708709053695E-5	9.827708709053695E-5	29.961796359846783
4486.17675781249999	-0.371906280517578	-9.754837083164603E-5	9.754837083164603E-5	29.961796359846783
4486.21874999999999	-0.352012634277344	-9.682436939328909E-5	9.682436939328909E-5	29.961796359846783
4486.26074218749999	-0.331762313842773	-9.605313243810087E-5	9.605313243810087E-5	29.961796359846783
4486.30273437499999	-0.311843872070312	-9.529056842438877E-5	9.529056842438877E-5	29.961796359846783
4486.34472656249999	-0.29194450378418	-9.451828373130411E-5	9.451828373130411E-5	29.961796359846783
4486.38671874999999	-0.271696090698242	-9.371433407068253E-5	9.371433407068253E-5	29.961796359846783
4486.42871093749999	-0.251802444458008	-9.288129513151944E-5	9.288129513151944E-5	29.961796359846783
4486.47070312499999	-0.231882095336914	-9.203399531543255E-5	9.203399531543255E-5	29.961796359846783
4486.51269531249999	-0.211280822753906	-9.114763815887272E-5	9.114763815887272E-5	29.961796359846783
4486.55468749999999	-0.191041946411133	-9.025525650940835E-5	9.025525650940835E-5	29.961796359846783
4486.59667968749999	-0.171154022216797	-8.933710341807455E-5	8.933710341807455E-5	29.961796359846783
4486.63867187499999	-0.151239395141602	-8.838226494845003E-5	8.838226494845003E-5	29.961796359846783
4486.68066406249999	-0.130985260009766	-8.739283657632768E-5	8.739283657632768E-5	29.961796359846783
4486.72265624999999	-0.111068725585937	-8.639930456411093E-5	8.639930456411093E-5	29.961796359846783
4486.76464843749999	-0.091180801391602	-8.535639790352434E-5	8.535639790352434E-5	29.961796359846783
4486.80664062499999	-0.070594787597656	-8.422802784480155E-5	8.422802784480155E-5	29.961796359846783
4486.84863281249999	-0.050662994384766	-8.307755342684686E-5	8.307755342684686E-5	29.961796359846783
4486.89062499999999	-0.030412673950195	-8.187828643713146E-5	8.187828643713146E-5	29.961796359846783
4486.93261718749999	-0.010524749755859	-8.06277384981513E-5	8.06277384981513E-5	29.961796359846783
4486.97460937499999	0.010049819946289	-7.923528028186411E-5	7.923528028186411E-5	29.961796359846783
4487.01660156249999	0.030284881591797	-7.775820267852396E-5	7.775820267852396E-5	29.961796359846783
4487.05859374999999	0.050199508666992	-7.615942740812898E-5	7.615942740812898E-5	29.961796359846783
4487.10058593749999	0.070114135742187	-7.436232408508658E-5	7.436232408508658E-5	29.961796359846783
4487.14257812499999	0.090702056884766	-7.215884397737682E-5	7.215884397737682E-5	29.961796359846783
4487.18457031249999	0.110605239868164	-6.945421046111733E-5	6.945421046111733E-5	29.961796359846783
4487.22656249999999	0.130868911743164	-6.568898970726877E-5	6.568898970726877E-5	29.961796359846783
4487.26855468749999	0.150783538818359	-6.012078665662557E-5	6.012078665662557E-5	29.961796359846783
4487.31054687499999	0.170707702636719	-5.090776539873332E-5	5.090776539873332E-5	29.961796359846783
4487.35253906249999	0.19097900390625	-3.414932871237397E-5	3.414932871237397E-5	29.961796359846783
4487.44921874999999	0.210958480834961	-1.645860720600467E-6	1.645860720600467E-6	29.961796359846783
4487.58886718749999	0.231655120849609	6.125188519945368E-5	6.125188519945368E-5	29.961796359846783
4487.72460937499999	0.251482009887695	0.000178343034349	0.000178343034349	29.961796359846783
4487.76660156249999	0.271755218505859	0.000388286018278	0.000388286018278	29.961796359846783
4487.80859374999999	0.291721343994141	0.000730734493118	0.000730734493118	29.961796359846783
4487.94238281249999	0.311504364013672	0.001263909041882	0.001263909041882	29.961796359846783
4487.98437499999999	0.331777572631836	0.001967316493392	0.001967316493392	29.961796359846783
4488.02636718749999	0.351696014404297	0.002822696231306	0.002822696231306	29.961796359846783
4488.06835937499999	0.371599197387695	0.003809046000242	0.003809046000242	29.961796359846783
4488.11035156249999	0.392217636108398	0.004941899329424	0.004941899329424	29.961796359846783
4488.15234374999999	0.412487030029297	0.006143651902676	0.006143651902676	29.961796359846783
4488.19433593749999	0.432428359985352	0.00739177223295	0.00739177223295	29.961796359846783
4488.23632812499999	0.452348709106445	0.008690964430571	0.008690964430571	29.961796359846783
4488.27832031249999	0.472627639770508	0.01005578879267	0.01005578879267	29.961796359846783
4488.36621093749999	0.492340087890625	0.011450253427029	0.011450253427029	29.961796359846783
4488.40820312499999	0.512247085571289	0.012850791215897	0.012850791215897	29.961796359846783
4488.45019531249999	0.532838821411133	0.014328137040138	0.014328137040138	29.961796359846783
4488.49218749999999	0.553066253662109	0.015800423920155	0.015800423920155	29.961796359846783
4488.53417968749999	0.572973251342773	0.017265416681767	0.017265416681767	29.961796359846783
4488.57617187499999	0.592880249023437	0.018743708729744	0.018743708729744	29.961796359846783
4488.61816406249999	0.613119125366211	0.020259544253349	0.020259544253349	29.961796359846783
4488.66015624999999	0.633029937744141	0.02175872027874	0.02175872027874	29.961796359846783
4488.70214843749999	0.652870178222656	0.023262545466423	0.023262545466423	29.961796359846783
4488.74414062499999	0.673126220703125	0.024804212152958	0.024804212152958	29.961796359846783
4488.78613281249999	0.693386077880859	0.026353247463703	0.026353247463703	29.961796359846783
4488.82812499999999	0.713640213012695	0.02790605276823	0.02790605276823	29.961796359846783
4488.87011718749999	0.7335205078125	0.029435440897942	0.029435440897942	29.961796359846783
4488.91210937499999	0.753772735595703	0.030996643006802	0.030996643006802	29.961796359846783
4488.95410156249999	0.773691177368164	0.032535627484322	0.032535627484322	29.961796359846783
4488.99609374999999	0.793586730957031	0.03407184034586	0.03407184034586	29.961796359846783
4489.03808593749999	0.813833236694336	0.035637743771076	0.035637743771076	29.961796359846783
4489.08007812499999	0.834095001220703	0.037207901477814	0.037207901477814	29.961796359846783
4489.12207031249999	0.854331970214844	0.038776159286499	0.038776159286499	29.961796359846783
4489.16406249999999	0.87425422668457	0.040321685373783	0.040321685373783	29.961796359846783
4489.20605468749999	0.894159317016602	0.041865579783916	0.041865579783916	29.961796359846783
4489.24804687499999	0.914392471313477	0.043435610830784	0.043435610830784	29.961796359846783
4489.29003906249999	0.934297561645508	0.044981524348259	0.044981524348259	29.961796359846783
4489.33203124999999	0.954555511474609	0.04655347019434	0.04655347019434	29.961796359846783
4489.37402343749999	0.974445343017578	0.048097655177116	0.048097655177116	29.961796359846783
4489.41601562499999	0.995031356811523	0.049695447087288	0.049695447087288	29.961796359846783
4489.45800781249999	1.014947891235352	0.051237620413303	0.051237620413303	29.961796359846783
4489.49902343749999	1.034868240356445	0.052778884768486	0.052778884768486	29.961796359846783
4489.54101562499999	1.055110931396484	0.054347716271877	0.054347716271877	29.961796359846783
4489.58300781249999	1.074996948242187	0.055885456502438	0.055885456502438	29.961796359846783
4489.62499999999999	1.094913482666016	0.057425484061241	0.057425484061241	29.961796359846783
4489.66699218749999	1.115152359008789	0.058987617492676	0.058987617492676	29.961796359846783
4489.70898437499999	1.135759353637695	0.060572572052479	0.060572572052479	29.961796359846783
4489.75097656249999	1.155662536621094	0.062102444469929	0.062102444469929	29.961796359846783
4489.79296874999999	1.175565719604492	0.063631318509579	0.063631318509579	29.961796359846783
4489.83496093749999	1.195819854736328	0.065184369683266	0.065184369683266	29.961796359846783
4489.87695312499999	1.215726852416992	0.066706620156765	0.066706620156765	29.961796359846783
4489.91894531249999	1.235631942749023	0.068225421011448	0.068225421011448	29.961796359846783
4489.96093749999999	1.255865097045898	0.069774083793163	0.069774083793163	29.961796359846783
4490.00292968749999	1.276449203491211	0.071342423558235	0.071342423558235	29.961796359846783
4490.04492187499999	1.296361923217773	0.072852268815041	0.072852268815041	29.961796359846783
4490.08691406249999	1.316267013549805	0.074359454214573	0.074359454214573	29.961796359846783
4490.12890624999999	1.336503982543945	0.075894214212894	0.075894214212894	29.961796359846783
4490.17089843749999	1.356389999389648	0.077395088970661	0.077395088970661	29.961796359846783
4490.21289062499999	1.376255035400391	0.078894719481468	0.078894719481468	29.961796359846783
4490.25488281249999	1.396472930908203	0.080409280955791	0.080409280955791	29.961796359846783
4490.29687499999999	1.416332244873047	0.081902004778385	0.081902004778385	29.961796359846783
4490.33886718749999	1.436866760253906	0.08344192802906	0.08344192802906	29.961796359846783
4490.38085937499999	1.456714630126953	0.08492536842823	0.08492536842823	29.961796359846783
4490.42285156249999	1.4769287109375	0.086424343287945	0.086424343287945	29.961796359846783
4490.46386718749999	1.496795654296875	0.087899930775166	0.087899930775166	29.961796359846783
4490.50585937499999	1.516643524169922	0.089361742138863	0.089361742138863	29.961796359846783
4490.54785156249999	1.536857604980469	0.090848475694656	0.090848475694656	29.961796359846783
4490.58984374999999	1.556716918945312	0.092301495373249	0.092301495373249	29.961796359846783
4490.63183593749999	1.577274322509766	0.093795329332352	0.093795329332352	29.961796359846783
4490.67382812499999	1.597126007080078	0.095224842429161	0.095224842429161	29.961796359846783
4490.71582031249999	1.616977691650391	0.096638739109039	0.096638739109039	29.961796359846783
4490.75781249999999	1.637170791625977	0.098088070750237	0.098088070750237	29.961796359846783
4490.79980468749999	1.657049179077148	0.099498189985752	0.099498189985752	29.961796359846783
4490.84179687499999	1.664289474487305	0.100002788007259	0.100002788007259	29.961796359846783
4490.88378906249999	1.664268493652344	0.100002460181713	0.100002460181713	29.961796359846783
4490.92578124999999	1.664300918579102	0.100002489984035	0.100002489984035	29.961796359846783
4490.96874999999999	1.664358139038086	0.100002445280552	0.100002445280552	29.961796359846783
4491.01074218749999	1.66448974609375	0.100002482533455	0.100002482533455	29.961796359846783
4491.05273437499999	1.664602279663086	0.100002467632294	0.100002467632294	29.961796359846783
4491.09472656249999	1.664463043212891	0.100002489984035	0.100002489984035	29.961796359846783
4491.13769531249999	1.664421081542969	0.100002489984035	0.100002489984035	29.961796359846783
4491.17968749999999	1.664352416992187	0.100002489984035	0.100002489984035	29.961796359846783
4491.22167968749999	1.664289474487305	0.100002482533455	0.100002482533455	29.961796359846783
4491.26367187499999	1.664155960083008	0.100002452731133	0.100002452731133	29.961796359846783
4491.30664062499999	1.664113998413086	0.100002467632294	0.100002467632294	29.961796359846783
4491.34863281249999	1.664037704467773	0.100002489984035	0.100002489984035	29.961796359846783
4491.39062499999999	1.663896560668945	0.100002452731133	0.100002452731133	29.961796359846783
4491.43261718749999	1.663900375366211	0.100002482533455	0.100002482533455	29.961796359846783
4491.47558593749999	1.663661956787109	0.100002460181713	0.100002460181713	29.961796359846783
4491.51757812499999	1.663595199584961	0.100002452731133	0.100002452731133	29.961796359846783
4491.55957031249999	1.663360595703125	0.100002452731133	0.100002452731133	29.961796359846783
4491.60156249999999	1.663078308105469	0.100002437829971	0.100002437829971	29.961796359846783
4491.64453124999999	1.662958145141602	0.100002460181713	0.100002460181713	29.961796359846783
4491.68652343749999	1.662942886352539	0.100002452731133	0.100002452731133	29.961796359846783
4491.72851562499999	1.662723541259766	0.10000242292881	0.10000242292881	29.961796359846783
4491.77050781249999	1.662668228149414	0.100002445280552	0.100002445280552	29.961796359846783
4491.81347656249999	1.662700653076172	0.100002460181713	0.100002460181713	29.961796359846783
4491.85546874999999	1.662513732910156	0.100002452731133	0.100002452731133	29.961796359846783
4491.89746093749999	1.662624359130859	0.100002460181713	0.100002460181713	29.961796359846783
4491.93945312499999	1.662652969360352	0.100002430379391	0.100002430379391	29.961796359846783
4491.98242187499999	1.662572860717773	0.100002430379391	0.100002430379391	29.961796359846783
4492.02441406249999	1.662446975708008	0.10000242292881	0.10000242292881	29.961796359846783
4492.06640624999999	1.662420272827148	0.10000241547823	0.10000241547823	29.961796359846783
4492.10839843749999	1.662363052368164	0.100002475082874	0.100002475082874	29.961796359846783
4492.15136718749999	1.662014007568359	0.100002445280552	0.100002445280552	29.961796359846783
4492.19335937499999	1.661931991577148	0.10000242292881	0.10000242292881	29.961796359846783
4492.23535156249999	1.661624908447266	0.100002430379391	0.100002430379391	29.961796359846783
4492.27734374999999	1.661348342895508	0.100002437829971	0.100002437829971	29.961796359846783
4492.32031249999999	1.661075592041016	0.100002408027649	0.100002408027649	29.961796359846783
4492.36230468749999	1.661125183105469	0.100002452731133	0.100002452731133	29.961796359846783
4492.40429687499999	1.660974502563477	0.100002452731133	0.100002452731133	29.961796359846783
4492.44628906249999	1.660520553588867	0.100002445280552	0.100002445280552	29.961796359846783
4492.48925781249999	1.660188674926758	0.100002430379391	0.100002430379391	29.961796359846783
4492.53124999999999	1.660121917724609	0.100002437829971	0.100002437829971	29.961796359846783
4492.57324218749999	1.659883499145508	0.10000242292881	0.10000242292881	29.961796359846783
4492.61523437499999	1.659370422363281	0.100002452731133	0.100002452731133	29.961796359846783
4492.65820312499999	1.659217834472656	0.100002430379391	0.100002430379391	29.961796359846783
4492.70019531249999	1.659200668334961	0.100002437829971	0.100002437829971	29.961796359846783
4492.74218749999999	1.659116744995117	0.100002445280552	0.100002445280552	29.961796359846783
4492.78417968749999	1.659152984619141	0.100002437829971	0.100002437829971	29.961796359846783
4492.82714843749999	1.659143447875977	0.10000241547823	0.10000241547823	29.961796359846783
4492.86914062499999	1.65898323059082	0.100002437829971	0.100002437829971	29.961796359846783
4492.91113281249999	1.659072875976562	0.100002445280552	0.100002445280552	29.961796359846783
4492.95312499999999	1.659019470214844	0.100002452731133	0.100002452731133	29.961796359846783
4492.99609374999999	1.658975601196289	0.10000241547823	0.10000241547823	29.961796359846783
4493.03808593749999	1.658845901489258	0.100002482533455	0.100002482533455	29.961796359846783
4493.08007812499999	1.658891677856445	0.100002452731133	0.100002452731133	29.961796359846783
4493.12207031249999	1.658918380737305	0.100002482533455	0.100002482533455	29.961796359846783
4493.16503906249999	1.658761978149414	0.100002460181713	0.100002460181713	29.961796359846783
4493.20703124999999	1.65846061706543	0.100002445280552	0.100002445280552	29.961796359846783
4493.24902343749999	1.658315658569336	0.100002482533455	0.100002482533455	29.961796359846783
4493.29101562499999	1.658432006835937	0.100002467632294	0.100002467632294	29.961796359846783
4493.33398437499999	1.658563613891602	0.100002497434616	0.100002497434616	29.961796359846783
4493.37597656249999	1.658483505249023	0.100002497434616	0.100002497434616	29.961796359846783
4493.41796874999999	1.658416748046875	0.100002482533455	0.100002482533455	29.961796359846783
4493.45996093749999	1.658422470092773	0.100002460181713	0.100002460181713	29.961796359846783
4493.50292968749999	1.658288955688477	0.100002452731133	0.100002452731133	29.961796359846783
4493.54492187499999	1.658309936523437	0.100002452731133	0.100002452731133	29.961796359846783
4493.58691406249999	1.658130645751953	0.100002467632294	0.100002467632294	29.961796359846783
4493.62890624999999	1.658168792724609	0.100002467632294	0.100002467632294	29.961796359846783
