[INFO]
Keithley 2400
Meas Time: 2021/1/19 9:48:43
Params: GPIB address = GPIB0::21::INSTR; DataFile = D:\工艺实验\张金宝; Compliance  Level (0.1) = 0.100000000000000; Number of Points (5) = 100; Minimum Amplitude (1) = -3.000000000000000; Maximum Amplitude (2) = 3.000000000000000; Timeout (100000 ms) = 100000; Source Mode  (0: Voltage) = 0; 4-wire? = FALSE; delay(S) = 0.000000000000000; Start = ; 

[COMMENT]


[DATA]
time (s)	Voltage (V)	Current (A)	absCurrent (A)	Fitting Resistance (Ohms)

6690.39355468749999	-3.000883102416992	-5.797838093712926E-5	5.797838093712926E-5	32.562391241652747
6690.43652343749999	-2.940496444702148	-5.824856634717435E-5	5.824856634717435E-5	32.562391241652747
6690.47851562499999	-2.879751205444336	-5.832931492477655E-5	5.832931492477655E-5	32.562391241652747
6690.52050781249999	-2.818658828735352	-5.837870412506163E-5	5.837870412506163E-5	32.562391241652747
6690.56249999999999	-2.758258819580078	-5.840745870955288E-5	5.840745870955288E-5	32.562391241652747
6690.60351562499999	-2.697572708129883	-5.840270023327321E-5	5.840270023327321E-5	32.562391241652747
6690.64550781249999	-2.636980056762695	-5.837951903231442E-5	5.837951903231442E-5	32.562391241652747
6690.68749999999999	-2.576717376708984	-5.835389310959727E-5	5.835389310959727E-5	32.562391241652747
6690.72949218749999	-2.515783309936523	-5.832854367326945E-5	5.832854367326945E-5	32.562391241652747
6690.77148437499999	-2.455198287963867	-5.828854045830667E-5	5.828854045830667E-5	32.562391241652747
6690.81347656249999	-2.394937515258789	-5.823097308166325E-5	5.823097308166325E-5	32.562391241652747
6690.85546874999999	-2.334329605102539	-5.816711927764118E-5	5.816711927764118E-5	32.562391241652747
6690.89746093749999	-2.273410797119141	-5.810247967019677E-5	5.810247967019677E-5	32.562391241652747
6690.93945312499999	-2.213136672973633	-5.803460953757167E-5	5.803460953757167E-5	32.562391241652747
6690.98144531249999	-2.152545928955078	-5.794876778963953E-5	5.794876778963953E-5	32.562391241652747
6691.02343749999999	-2.092308044433594	-5.785786197520792E-5	5.785786197520792E-5	32.562391241652747
6691.06542968749999	-2.031673431396484	-5.774915916845202E-5	5.774915916845202E-5	32.562391241652747
6691.10742187499999	-1.970809936523437	-5.765179230365902E-5	5.765179230365902E-5	32.562391241652747
6691.14941406249999	-1.910575866699219	-5.753560981247574E-5	5.753560981247574E-5	32.562391241652747
6691.19140624999999	-1.849964141845703	-5.740580672863871E-5	5.740580672863871E-5	32.562391241652747
6691.23339843749999	-1.789703369140625	-5.726738891098648E-5	5.726738891098648E-5	32.562391241652747
6691.27539062499999	-1.729110717773437	-5.712182610295713E-5	5.712182610295713E-5	32.562391241652747
6691.31738281249999	-1.668155670166016	-5.696959851775318E-5	5.696959851775318E-5	32.562391241652747
6691.35937499999999	-1.607900619506836	-5.680113099515438E-5	5.680113099515438E-5	32.562391241652747
6691.40136718749999	-1.547304153442383	-5.661830073222518E-5	5.661830073222518E-5	32.562391241652747
6691.44335937499999	-1.487039566040039	-5.642030737362802E-5	5.642030737362802E-5	32.562391241652747
6691.48535156249999	-1.426092147827148	-5.621697346214205E-5	5.621697346214205E-5	32.562391241652747
6691.52734374999999	-1.365499496459961	-5.60002081329003E-5	5.60002081329003E-5	32.562391241652747
6691.56933593749999	-1.305183410644531	-5.575551767833531E-5	5.575551767833531E-5	32.562391241652747
6691.61132812499999	-1.244426727294922	-5.549014895223081E-5	5.549014895223081E-5	32.562391241652747
6691.65332031249999	-1.183700561523437	-5.521517596207559E-5	5.521517596207559E-5	32.562391241652747
6691.69531249999999	-1.122627258300781	-5.492652417160571E-5	5.492652417160571E-5	32.562391241652747
6691.73730468749999	-1.062232971191406	-5.460540705826133E-5	5.460540705826133E-5	32.562391241652747
6691.77929687499999	-1.001472473144531	-5.42539928574115E-5	5.42539928574115E-5	32.562391241652747
6691.82128906249999	-0.941091537475586	-5.388264253269881E-5	5.388264253269881E-5	32.562391241652747
6691.86328124999999	-0.880352020263672	-5.348242120817304E-5	5.348242120817304E-5	32.562391241652747
6691.90527343749999	-0.819269180297852	-5.304964724928141E-5	5.304964724928141E-5	32.562391241652747
6691.94726562499999	-0.75886344909668	-5.258109013084322E-5	5.258109013084322E-5	32.562391241652747
6691.98925781249999	-0.698125839233398	-5.206183413974941E-5	5.206183413974941E-5	32.562391241652747
6692.03124999999999	-0.637714385986328	-5.151318327989429E-5	5.151318327989429E-5	32.562391241652747
6692.07324218749999	-0.577035903930664	-5.091467755846679E-5	5.091467755846679E-5	32.562391241652747
6692.11523437499999	-0.51597785949707	-5.026126746088266E-5	5.026126746088266E-5	32.562391241652747
6692.15722656249999	-0.455554962158203	-4.954378528054804E-5	4.954378528054804E-5	32.562391241652747
6692.19921874999999	-0.394809722900391	-4.875306331086904E-5	4.875306331086904E-5	32.562391241652747
6692.24121093749999	-0.334428787231445	-4.790321690961719E-5	4.790321690961719E-5	32.562391241652747
6692.28320312499999	-0.27332878112793	-4.695700772572309E-5	4.695700772572309E-5	32.562391241652747
6692.32519531249999	-0.212591171264648	-4.59152361145243E-5	4.59152361145243E-5	32.562391241652747
6692.36718749999999	-0.152202606201172	-4.475370224099606E-5	4.475370224099606E-5	32.562391241652747
6692.40917968749999	-0.091455459594727	-4.345826164353639E-5	4.345826164353639E-5	32.562391241652747
6692.45117187499999	-0.031042098999023	-4.201520641800016E-5	4.201520641800016E-5	32.562391241652747
6692.49316406249999	0.030729293823242	-4.031462594866753E-5	4.031462594866753E-5	32.562391241652747
6692.53515624999999	0.091476440429687	-3.812930663116276E-5	3.812930663116276E-5	32.562391241652747
6692.57714843749999	0.151887893676758	-3.299606032669544E-5	3.299606032669544E-5	32.562391241652747
6692.67382812499999	0.212625503540039	-2.57928877545055E-6	2.57928877545055E-6	32.562391241652747
6692.80957031249999	0.273113250732422	0.000193254556507	0.000193254556507	32.562391241652747
6692.85156249999999	0.334333419799805	0.000828956370242	0.000828956370242	32.562391241652747
6692.98632812499999	0.394939422607422	0.002704923972487	0.002704923972487	32.562391241652747
6693.02832031249999	0.455373764038086	0.004703112877905	0.004703112877905	32.562391241652747
6693.07031249999999	0.516183853149414	0.006921644788235	0.006921644788235	32.562391241652747
6693.11230468749999	0.577281951904297	0.00923222117126	0.00923222117126	32.562391241652747
6693.20019531249999	0.637434005737305	0.011637166142464	0.011637166142464	32.562391241652747
6693.24218749999999	0.698204040527344	0.014002315700054	0.014002315700054	32.562391241652747
6693.28417968749999	0.758588790893555	0.016338460147381	0.016338460147381	32.562391241652747
6693.32617187499999	0.819328308105469	0.018635623157024	0.018635623157024	32.562391241652747
6693.36816406249999	0.880426406860352	0.020926624536514	0.020926624536514	32.562391241652747
6693.41015624999999	0.94080924987793	0.023174211382866	0.023174211382866	32.562391241652747
6693.45214843749999	1.001556396484375	0.02539224177599	0.02539224177599	32.562391241652747
6693.49414062499999	1.061956405639648	0.027623131871223	0.027623131871223	32.562391241652747
6693.53613281249999	1.122692108154297	0.029906958341599	0.029906958341599	32.562391241652747
6693.57812499999999	1.183773040771484	0.032316699624062	0.032316699624062	32.562391241652747
6693.62011718749999	1.244186401367187	0.034681789577007	0.034681789577007	32.562391241652747
6693.66210937499999	1.304924011230469	0.036958649754524	0.036958649754524	32.562391241652747
6693.70410156249999	1.365243911743164	0.039142727851868	0.039142727851868	32.562391241652747
6693.74609374999999	1.425838470458984	0.042337574064732	0.042337574064732	32.562391241652747
6693.78808593749999	1.486763000488281	0.022345691919327	0.022345691919327	32.562391241652747
6693.87597656249999	1.547140121459961	0.006965859793127	0.006965859793127	32.562391241652747
6693.91796874999999	1.607744216918945	0.007674824912101	0.007674824912101	32.562391241652747
6693.95996093749999	1.668024063110352	0.008492958731949	0.008492958731949	32.562391241652747
6694.04785156249999	1.72894287109375	0.082467801868916	0.082467801868916	32.562391241652747
6694.08984374999999	1.78955078125	0.085813276469707	0.085813276469707	32.562391241652747
6694.13183593749999	1.849809646606445	0.088923677802086	0.088923677802086	32.562391241652747
6694.17382812499999	1.910429000854492	0.092020303010941	0.092020303010941	32.562391241652747
6694.21582031249999	1.970682144165039	0.095015309751034	0.095015309751034	32.562391241652747
6694.25781249999999	2.031614303588867	0.097972482442856	0.097972482442856	32.562391241652747
6694.29980468749999	2.067035675048828	0.10000241547823	0.10000241547823	32.562391241652747
6694.34277343749999	2.065284729003906	0.100002653896809	0.100002653896809	32.562391241652747
6694.38476562499999	2.065425872802734	0.10000266879797	0.10000266879797	32.562391241652747
6694.42675781249999	2.063451766967773	0.100002706050873	0.100002706050873	32.562391241652747
6694.46874999999999	2.063289642333984	0.10000266879797	0.10000266879797	32.562391241652747
6694.51171874999999	2.066429138183594	0.100002609193325	0.100002609193325	32.562391241652747
6694.55371093749999	2.066579818725586	0.100002601742744	0.100002601742744	32.562391241652747
6694.59570312499999	2.067930221557617	0.100002616643906	0.100002616643906	32.562391241652747
6694.63769531249999	2.066398620605469	0.100002609193325	0.100002609193325	32.562391241652747
6694.68066406249999	2.064630508422852	0.100002616643906	0.100002616643906	32.562391241652747
6694.72265624999999	2.064046859741211	0.100002624094486	0.100002624094486	32.562391241652747
6694.76464843749999	2.065475463867187	0.100002601742744	0.100002601742744	32.562391241652747
6694.80664062499999	2.065986633300781	0.100002609193325	0.100002609193325	32.562391241652747
6694.84960937499999	2.064388275146484	0.100002616643906	0.100002616643906	32.562391241652747
6694.89160156249999	2.06342887878418	0.100002609193325	0.100002609193325	32.562391241652747
6694.93359374999999	2.065746307373047	0.1000025421381	0.1000025421381	32.562391241652747
6771.03515624999999	-3.000886917114258	-6.019968714099377E-5	6.019968714099377E-5	33.925790732025973
6771.07812499999999	-2.940511703491211	-6.044517795089632E-5	6.044517795089632E-5	33.925790732025973
6771.12011718749999	-2.879772186279297	-6.052340904716402E-5	6.052340904716402E-5	33.925790732025973
6771.16210937499999	-2.818685531616211	-6.054954428691417E-5	6.054954428691417E-5	33.925790732025973
6771.20410156249999	-2.758260726928711	-6.054795812815428E-5	6.054795812815428E-5	33.925790732025973
6771.24609374999999	-2.697582244873047	-6.054452387616038E-5	6.054452387616038E-5	33.925790732025973
6771.28710937499999	-2.637001037597656	-6.05324748903513E-5	6.05324748903513E-5	33.925790732025973
6771.32910156249999	-2.576745986938477	-6.049883086234331E-5	6.049883086234331E-5	33.925790732025973
6771.37109374999999	-2.515800476074219	-6.045421469025314E-5	6.045421469025314E-5	33.925790732025973
6771.41308593749999	-2.455202102661133	-6.04013039264828E-5	6.04013039264828E-5	33.925790732025973
6771.45507812499999	-2.394933700561523	-6.034979014657438E-5	6.034979014657438E-5	33.925790732025973
6771.49707031249999	-2.334348678588867	-6.028907955624163E-5	6.028907955624163E-5	33.925790732025973
6771.53906249999999	-2.273429870605469	-6.021087756380439E-5	6.021087756380439E-5	33.925790732025973
6771.58105468749999	-2.213146209716797	-6.012809171807021E-5	6.012809171807021E-5	33.925790732025973
6771.62304687499999	-2.152561187744141	-6.003802991472185E-5	6.003802991472185E-5	33.925790732025973
6771.66503906249999	-2.092319488525391	-5.994741513859481E-5	5.994741513859481E-5	33.925790732025973
6771.70703124999999	-2.031688690185547	-5.984595918562263E-5	5.984595918562263E-5	33.925790732025973
6771.74902343749999	-1.970827102661133	-5.97223115619272E-5	5.97223115619272E-5	33.925790732025973
6771.79101562499999	-1.910585403442383	-5.959485133644193E-5	5.959485133644193E-5	33.925790732025973
6771.83300781249999	-1.8499755859375	-5.94714074395597E-5	5.94714074395597E-5	33.925790732025973
6771.87499999999999	-1.78972053527832	-5.933314969297498E-5	5.933314969297498E-5	33.925790732025973
6771.91699218749999	-1.729131698608398	-5.918025271967053E-5	5.918025271967053E-5	33.925790732025973
6771.95898437499999	-1.668167114257812	-5.900522228330374E-5	5.900522228330374E-5	33.925790732025973
6772.00097656249999	-1.607913970947266	-5.882592813577503E-5	5.882592813577503E-5	33.925790732025973
6772.04296874999999	-1.547323226928711	-5.864455306436867E-5	5.864455306436867E-5	33.925790732025973
6772.08496093749999	-1.487064361572266	-5.84436347708106E-5	5.84436347708106E-5	33.925790732025973
6772.12695312499999	-1.426113128662109	-5.8220379287377E-5	5.8220379287377E-5	33.925790732025973
6772.16894531249999	-1.365507125854492	-5.797969060949981E-5	5.797969060949981E-5	33.925790732025973
6772.21093749999999	-1.305185317993164	-5.77287282794714E-5	5.77287282794714E-5	33.925790732025973
6772.25292968749999	-1.24444580078125	-5.745943053625524E-5	5.745943053625524E-5	33.925790732025973
6772.29492187499999	-1.183710098266602	-5.717003659810871E-5	5.717003659810871E-5	33.925790732025973
6772.33691406249999	-1.122636795043945	-5.685319774784148E-5	5.685319774784148E-5	33.925790732025973
6772.37890624999999	-1.062234878540039	-5.650593084283173E-5	5.650593084283173E-5	33.925790732025973
6772.42089843749999	-1.001485824584961	-5.615163536276668E-5	5.615163536276668E-5	33.925790732025973
6772.46289062499999	-0.941102981567383	-5.576800322160125E-5	5.576800322160125E-5	33.925790732025973
6772.50488281249999	-0.880373001098633	-5.534224328584969E-5	5.534224328584969E-5	33.925790732025973
6772.54687499999999	-0.819278717041016	-5.487608723342419E-5	5.487608723342419E-5	33.925790732025973
6772.58886718749999	-0.758867263793945	-5.438092921394855E-5	5.438092921394855E-5	33.925790732025973
6772.63085937499999	-0.698129653930664	-5.385751137509942E-5	5.385751137509942E-5	33.925790732025973
6772.67285156249999	-0.637737274169922	-5.328364204615355E-5	5.328364204615355E-5	33.925790732025973
6772.71484374999999	-0.577053070068359	-5.264948413241655E-5	5.264948413241655E-5	33.925790732025973
6772.75683593749999	-0.515985488891602	-5.195601261220872E-5	5.195601261220872E-5	33.925790732025973
6772.79882812499999	-0.455574035644531	-5.121702270116657E-5	5.121702270116657E-5	33.925790732025973
6772.84082031249999	-0.394826889038086	-5.040495307184756E-5	5.040495307184756E-5	33.925790732025973
6772.88281249999999	-0.334451675415039	-4.95161657454446E-5	4.95161657454446E-5	33.925790732025973
6772.92480468749999	-0.273347854614258	-4.851758421864361E-5	4.851758421864361E-5	33.925790732025973
6772.96679687499999	-0.212600708007812	-4.742066084872931E-5	4.742066084872931E-5	33.925790732025973
6773.00878906249999	-0.15220832824707	-4.622786946129054E-5	4.622786946129054E-5	33.925790732025973
6773.05078124999999	-0.091464996337891	-4.488688136916608E-5	4.488688136916608E-5	33.925790732025973
6773.09277343749999	-0.031061172485352	-4.338036524131894E-5	4.338036524131894E-5	33.925790732025973
6773.13476562499999	0.030725479125977	-4.161476681474596E-5	4.161476681474596E-5	33.925790732025973
6773.17675781249999	0.091472625732422	-3.937359724659473E-5	3.937359724659473E-5	33.925790732025973
6773.21874999999999	0.151887893676758	-3.431928053032607E-5	3.431928053032607E-5	33.925790732025973
6773.31542968749999	0.212596893310547	-4.244884621584788E-6	4.244884621584788E-6	33.925790732025973
6773.45117187499999	0.273115158081055	0.000225066789426	0.000225066789426	33.925790732025973
6773.58593749999999	0.334194183349609	0.001353398896754	0.001353398896754	33.925790732025973
6773.62792968749999	0.394966125488281	0.003748754039407	0.003748754039407	33.925790732025973
6773.66992187499999	0.455419540405273	0.006942943204194	0.006942943204194	33.925790732025973
6773.75781249999999	0.516063690185547	0.010613165795803	0.010613165795803	33.925790732025973
6773.79980468749999	0.577112197875977	0.014473631978035	0.014473631978035	33.925790732025973
6773.84179687499999	0.63743782043457	0.018418990075588	0.018418990075588	33.925790732025973
6773.88378906249999	0.698215484619141	0.022467091679573	0.022467091679573	33.925790732025973
6773.92578124999999	0.758607864379883	0.026527643203735	0.026527643203735	33.925790732025973
6773.96777343749999	0.819353103637695	0.030625611543655	0.030625611543655	33.925790732025973
6774.00976562499999	0.880453109741211	0.034744545817375	0.034744545817375	33.925790732025973
6774.05175781249999	0.940834045410156	0.038793489336967	0.038793489336967	33.925790732025973
6774.09374999999999	1.001590728759766	0.042832843959332	0.042832843959332	33.925790732025973
6774.13574218749999	1.061996459960937	0.046797707676888	0.046797707676888	33.925790732025973
6774.17773437499999	1.12274169921875	0.050716929137707	0.050716929137707	33.925790732025973
6774.21972656249999	1.183818817138672	0.054574899375439	0.054574899375439	33.925790732025973
6774.26171874999999	1.244234085083008	0.058297127485275	0.058297127485275	33.925790732025973
6774.30371093749999	1.304975509643555	0.061942219734192	0.061942219734192	33.925790732025973
6774.34570312499999	1.365310668945312	0.06546800583601	0.06546800583601	33.925790732025973
6774.38769531249999	1.425914764404297	0.068921007215977	0.068921007215977	33.925790732025973
6774.42968749999999	1.486879348754883	0.072314105927944	0.072314105927944	33.925790732025973
6774.47167968749999	1.547142028808594	0.075600080192089	0.075600080192089	33.925790732025973
6774.51367187499999	1.607734680175781	0.07884119451046	0.07884119451046	33.925790732025973
6774.55566406249999	1.667999267578125	0.082010820508003	0.082010820508003	33.925790732025973
6774.59765624999999	1.728950500488281	0.08516488969326	0.08516488969326	33.925790732025973
6774.63964843749999	1.78955078125	0.088253781199455	0.088253781199455	33.925790732025973
6774.68164062499999	1.849809646606445	0.091288693249226	0.091288693249226	33.925790732025973
6774.72265624999999	1.910427093505859	0.094298586249352	0.094298586249352	33.925790732025973
6774.76464843749999	1.970670700073242	0.097249433398247	0.097249433398247	33.925790732025973
6774.80664062499999	2.026865005493164	0.099999614059925	0.099999614059925	33.925790732025973
6774.84960937499999	2.026514053344727	0.100002594292164	0.100002594292164	33.925790732025973
6774.89160156249999	2.026273727416992	0.10000254958868	0.10000254958868	33.925790732025973
6774.93359374999999	2.026256561279297	0.100002579391003	0.100002579391003	33.925790732025973
6774.97558593749999	2.026149749755859	0.100002564489841	0.100002564489841	33.925790732025973
6775.01855468749999	2.025960922241211	0.100002579391003	0.100002579391003	33.925790732025973
6775.06054687499999	2.025791168212891	0.10000254958868	0.10000254958868	33.925790732025973
6775.10253906249999	2.025625228881836	0.1000025421381	0.1000025421381	33.925790732025973
6775.14453124999999	2.025455474853516	0.100002534687519	0.100002534687519	33.925790732025973
6775.18749999999999	2.025476455688477	0.100002557039261	0.100002557039261	33.925790732025973
6775.22949218749999	2.025289535522461	0.10000254958868	0.10000254958868	33.925790732025973
6775.27148437499999	2.025180816650391	0.100002504885197	0.100002504885197	33.925790732025973
6775.31347656249999	2.025068283081055	0.100002519786358	0.100002519786358	33.925790732025973
6775.35644531249999	2.024946212768555	0.100002497434616	0.100002497434616	33.925790732025973
6775.39843749999999	2.024873733520508	0.100002497434616	0.100002497434616	33.925790732025973
6775.44042968749999	2.024911880493164	0.1000025421381	0.1000025421381	33.925790732025973
6775.48242187499999	2.024858474731445	0.100002504885197	0.100002504885197	33.925790732025973
