[INFO]
Keithley 2400
Meas Time: 2021/1/19 11:06:54
Params: GPIB address = GPIB0::21::INSTR; DataFile = D:\工艺实验\张]浪; Compliance  Level (0.1) = 0.100000000000000; Number of Points (5) = 100; Minimum Amplitude (1) = -3.000000000000000; Maximum Amplitude (2) = 3.000000000000000; Timeout (100000 ms) = 100000; Source Mode  (0: Voltage) = 0; 4-wire? = FALSE; delay(S) = 0.000000000000000; Start = ; 

[COMMENT]


[DATA]
time (s)	Voltage (V)	Current (A)	absCurrent (A)	Fitting Resistance (Ohms)

11381.3818359375	-3.000705718994141	-2.090700945700519E-10	2.090700945700519E-10	-536702361.042928755
11381.423828125	-2.940324783325195	9.780478649190627E-10	9.780478649190627E-10	-536702361.042928755
11381.4658203125	-2.879583358764648	1.050466380547732E-9	1.050466380547732E-9	-536702361.042928755
11381.5078125	-2.818489074707031	1.036823960021138E-9	1.036823960021138E-9	-536702361.042928755
11381.5498046875	-2.758083343505859	9.972609404940158E-10	9.972609404940158E-10	-536702361.042928755
11381.591796875	-2.697402954101562	9.670202416600659E-10	9.670202416600659E-10	-536702361.042928755
11381.6337890625	-2.636814117431641	1.109469849325251E-9	1.109469849325251E-9	-536702361.042928755
11381.67578125	-2.576557159423828	1.056378096109256E-9	1.056378096109256E-9	-536702361.042928755
11381.7177734375	-2.515613555908203	8.61291482578963E-10	8.61291482578963E-10	-536702361.042928755
11381.759765625	-2.455028533935547	9.31777321966365E-10	9.31777321966365E-10	-536702361.042928755
11381.8017578125	-2.394771575927734	9.19044396141544E-10	9.19044396141544E-10	-536702361.042928755
11381.84375	-2.33416748046875	1.051489562087227E-9	1.051489562087227E-9	-536702361.042928755
11381.8857421875	-2.273250579833984	1.098783286579419E-9	1.098783286579419E-9	-536702361.042928755
11381.927734375	-2.212974548339844	1.019088813336566E-9	1.019088813336566E-9	-536702361.042928755
11381.9697265625	-2.152385711669922	1.064904608938377E-9	1.064904608938377E-9	-536702361.042928755
11382.01171875	-2.092136383056641	1.028297447192017E-9	1.028297447192017E-9	-536702361.042928755
11382.0537109375	-2.031509399414062	9.100631359615363E-10	9.100631359615363E-10	-536702361.042928755
11382.095703125	-1.970649719238281	1.054786480381154E-9	1.054786480381154E-9	-536702361.042928755
11382.13671875	-1.910415649414062	1.001012606138829E-9	1.001012606138829E-9	-536702361.042928755
11382.1787109375	-1.849798202514648	9.388259059051052E-10	9.388259059051052E-10	-536702361.042928755
11382.220703125	-1.789541244506836	9.691802915767767E-10	9.691802915767767E-10	-536702361.042928755
11382.2626953125	-1.728963851928711	1.091279955289792E-9	1.091279955289792E-9	-536702361.042928755
11382.3046875	-1.668003082275391	1.050125320034567E-9	1.050125320034567E-9	-536702361.042928755
11382.3466796875	-1.607751846313477	1.087641976482701E-9	1.087641976482701E-9	-536702361.042928755
11382.388671875	-1.547155380249023	1.08479980553966E-9	1.08479980553966E-9	-536702361.042928755
11382.4306640625	-1.486888885498047	9.774794307304546E-10	9.774794307304546E-10	-536702361.042928755
11382.47265625	-1.425930023193359	1.143462213804014E-9	1.143462213804014E-9	-536702361.042928755
11382.5146484375	-1.365341186523437	1.086505108105484E-9	1.086505108105484E-9	-536702361.042928755
11382.556640625	-1.305023193359375	1.299667928833514E-9	1.299667928833514E-9	-536702361.042928755
11382.5986328125	-1.244274139404297	1.892658474389464E-9	1.892658474389464E-9	-536702361.042928755
11382.640625	-1.183544158935547	1.526700543763582E-9	1.526700543763582E-9	-536702361.042928755
11382.6826171875	-1.122461318969727	1.391754267388023E-9	1.391754267388023E-9	-536702361.042928755
11382.724609375	-1.06207275390625	1.249077286047395E-9	1.249077286047395E-9	-536702361.042928755
11382.7666015625	-1.001319885253906	1.17063336801948E-9	1.17063336801948E-9	-536702361.042928755
11382.80859375	-0.940940856933594	1.178136699309107E-9	1.178136699309107E-9	-536702361.042928755
11382.8505859375	-0.880205154418945	1.135276761488058E-9	1.135276761488058E-9	-536702361.042928755
11382.892578125	-0.819116592407227	1.062517185346223E-9	1.062517185346223E-9	-536702361.042928755
11382.9345703125	-0.75871467590332	1.071953192877118E-9	1.071953192877118E-9	-536702361.042928755
11382.9765625	-0.697973251342773	1.057173903973307E-9	1.057173903973307E-9	-536702361.042928755
11383.0185546875	-0.637577056884766	9.358700481243432E-10	9.358700481243432E-10	-536702361.042928755
11383.0595703125	-0.57689094543457	1.0918483894784E-9	1.0918483894784E-9	-536702361.042928755
11383.1015625	-0.515823364257812	1.088778844859917E-9	1.088778844859917E-9	-536702361.042928755
11383.1435546875	-0.455410003662109	9.554241842124611E-10	9.554241842124611E-10	-536702361.042928755
11383.185546875	-0.394683837890625	1.021248863253277E-9	1.021248863253277E-9	-536702361.042928755
11383.2275390625	-0.334299087524414	9.505356501904316E-10	9.505356501904316E-10	-536702361.042928755
11383.26953125	-0.273191452026367	1.015905581880361E-9	1.015905581880361E-9	-536702361.042928755
11383.3115234375	-0.21246337890625	1.024432094709482E-9	1.024432094709482E-9	-536702361.042928755
11383.353515625	-0.152082443237305	1.101284397009294E-9	1.101284397009294E-9	-536702361.042928755
11383.3955078125	-0.091325759887695	9.600853445590474E-10	9.600853445590474E-10	-536702361.042928755
11383.4375	-0.030921936035156	7.336211638175882E-10	7.336211638175882E-10	-536702361.042928755
11383.4794921875	0.030813217163086	5.497895472217351E-10	5.497895472217351E-10	-536702361.042928755
11383.521484375	0.091552734375	1.073658495442942E-9	1.073658495442942E-9	-536702361.042928755
11383.5634765625	0.151954650878906	1.021362550090998E-9	1.021362550090998E-9	-536702361.042928755
11383.60546875	0.212680816650391	9.978293746826239E-10	9.978293746826239E-10	-536702361.042928755
11383.6474609375	0.273078918457031	9.927134669851512E-10	9.927134669851512E-10	-536702361.042928755
11383.689453125	0.334165573120117	1.082980816136114E-9	1.082980816136114E-9	-536702361.042928755
11383.7314453125	0.3948974609375	1.158355189545546E-9	1.158355189545546E-9	-536702361.042928755
11383.7734375	0.455286026000977	8.910774340620264E-10	8.910774340620264E-10	-536702361.042928755
11383.8154296875	0.516054153442383	9.673613021732308E-10	9.673613021732308E-10	-536702361.042928755
11383.857421875	0.577091217041016	9.470113582210615E-10	9.470113582210615E-10	-536702361.042928755
11383.8994140625	0.637413024902344	9.514451448922045E-10	9.514451448922045E-10	-536702361.042928755
11383.94140625	0.698177337646484	9.825953384279273E-10	9.825953384279273E-10	-536702361.042928755
11383.9833984375	0.758567810058594	9.493987818132155E-10	9.493987818132155E-10	-536702361.042928755
11384.025390625	0.819299697875977	9.755467544891871E-10	9.755467544891871E-10	-536702361.042928755
11384.0673828125	0.880392074584961	1.035118657455314E-9	1.035118657455314E-9	-536702361.042928755
11384.109375	0.940776824951172	1.014200279314537E-9	1.014200279314537E-9	-536702361.042928755
11384.1513671875	1.001522064208984	9.524683264316991E-10	9.524683264316991E-10	-536702361.042928755
11384.193359375	1.061922073364258	1.128455551224761E-9	1.128455551224761E-9	-536702361.042928755
11384.2353515625	1.122653961181641	1.067519406205975E-9	1.067519406205975E-9	-536702361.042928755
11384.2763671875	1.183732986450195	1.049329512170516E-9	1.049329512170516E-9	-536702361.042928755
11384.318359375	1.244140625	1.001239979814272E-9	1.001239979814272E-9	-536702361.042928755
11384.3603515625	1.304868698120117	1.017156137095299E-9	1.017156137095299E-9	-536702361.042928755
11384.40234375	1.365201950073242	9.313225746154785E-10	9.313225746154785E-10	-536702361.042928755
11384.4443359375	1.425800323486328	9.356426744488999E-10	9.356426744488999E-10	-536702361.042928755
11384.486328125	1.48675537109375	8.781171345617622E-10	8.781171345617622E-10	-536702361.042928755
11384.5283203125	1.54701042175293	1.051489562087227E-9	1.051489562087227E-9	-536702361.042928755
11384.5703125	1.607601165771484	1.244757186213974E-9	1.244757186213974E-9	-536702361.042928755
11384.6123046875	1.667861938476562	1.027615326165687E-9	1.027615326165687E-9	-536702361.042928755
11384.654296875	1.728797912597656	9.740688255988061E-10	9.740688255988061E-10	-536702361.042928755
11384.6962890625	1.789388656616211	8.741380952415056E-10	8.741380952415056E-10	-536702361.042928755
11384.73828125	1.849647521972656	7.667040335945785E-10	7.667040335945785E-10	-536702361.042928755
11384.7802734375	1.910255432128906	7.933067536214367E-10	7.933067536214367E-10	-536702361.042928755
11384.822265625	1.970495223999023	7.971721061039716E-10	7.971721061039716E-10	-536702361.042928755
11384.8642578125	2.031431198120117	7.818243830115534E-10	7.818243830115534E-10	-536702361.042928755
11384.90625	2.091964721679687	7.987637218320742E-10	7.987637218320742E-10	-536702361.042928755
11384.9482421875	2.152200698852539	9.771383702172898E-10	9.771383702172898E-10	-536702361.042928755
11384.990234375	2.212802886962891	9.973746273317374E-10	9.973746273317374E-10	-536702361.042928755
11385.0322265625	2.273080825805664	7.653397915419191E-10	7.653397915419191E-10	-536702361.042928755
11385.07421875	2.333990097045898	7.237304089358076E-10	7.237304089358076E-10	-536702361.042928755
11385.1162109375	2.394584655761719	8.48558556754142E-10	8.48558556754142E-10	-536702361.042928755
11385.1572265625	2.454851150512695	6.409663910744712E-10	6.409663910744712E-10	-536702361.042928755
11385.19921875	2.515434265136719	6.771188054699451E-10	6.771188054699451E-10	-536702361.042928755
11385.2412109375	2.576385498046875	1.001922100840602E-9	1.001922100840602E-9	-536702361.042928755
11385.283203125	2.636627197265625	1.11788267531665E-9	1.11788267531665E-9	-536702361.042928755
11385.3251953125	2.697227478027344	1.185867404274177E-9	1.185867404274177E-9	-536702361.042928755
11385.3671875	2.757535934448242	1.321609488513786E-9	1.321609488513786E-9	-536702361.042928755
11385.4091796875	2.818296432495117	1.501462065789383E-9	1.501462065789383E-9	-536702361.042928755
11385.451171875	2.879371643066406	1.253283699043095E-9	1.253283699043095E-9	-536702361.042928755
11385.4931640625	2.939767837524414	1.03693764685886E-9	1.03693764685886E-9	-536702361.042928755
11385.53515625	3.000507354736328	8.899405656848103E-10	8.899405656848103E-10	-536702361.042928755
11407.8134765625	-3.000726699829102	-0.001409365795553	0.001409365795553	27.453422072946744
11407.85546875	-2.940349578857422	-0.001408782787621	0.001408782787621	27.453422072946744
11407.896484375	-2.879610061645508	-0.00140765029937	0.00140765029937	27.453422072946744
11407.9384765625	-2.818515777587891	-0.001406527124345	0.001406527124345	27.453422072946744
11407.98046875	-2.758111953735352	-0.001405431888998	0.001405431888998	27.453422072946744
11408.0224609375	-2.697422027587891	-0.001403936184943	0.001403936184943	27.453422072946744
11408.064453125	-2.636835098266602	-0.001402111724019	0.001402111724019	27.453422072946744
11408.1064453125	-2.576574325561523	-0.001400297507644	0.001400297507644	27.453422072946744
11408.1484375	-2.515644073486328	-0.00139862857759	0.00139862857759	27.453422072946744
11408.1904296875	-2.455053329467773	-0.001396830193698	0.001396830193698	27.453422072946744
11408.232421875	-2.394796371459961	-0.001394533552229	0.001394533552229	27.453422072946744
11408.2744140625	-2.334194183349609	-0.001392092555761	0.001392092555761	27.453422072946744
11408.31640625	-2.273273468017578	-0.001389840617776	0.001389840617776	27.453422072946744
11408.3583984375	-2.213005065917969	-0.001387557946146	0.001387557946146	27.453422072946744
11408.400390625	-2.152408599853516	-0.001384919509292	0.001384919509292	27.453422072946744
11408.4423828125	-2.0921630859375	-0.001382009126246	0.001382009126246	27.453422072946744
11408.484375	-2.031543731689453	-0.001378970220685	0.001378970220685	27.453422072946744
11408.5263671875	-1.970674514770508	-0.001376021653414	0.001376021653414	27.453422072946744
11408.568359375	-1.910436630249023	-0.001373078674078	0.001373078674078	27.453422072946744
11408.6103515625	-1.849828720092773	-0.001369313336909	0.001369313336909	27.453422072946744
11408.65234375	-1.789566040039062	-0.001365525647998	0.001365525647998	27.453422072946744
11408.6943359375	-1.728981018066406	-0.001361955888569	0.001361955888569	27.453422072946744
11408.736328125	-1.668018341064453	-0.001358202658594	0.001358202658594	27.453422072946744
11408.7783203125	-1.607772827148437	-0.001353906467557	0.001353906467557	27.453422072946744
11408.8203125	-1.547178268432617	-0.001349305734038	0.001349305734038	27.453422072946744
11408.8623046875	-1.486921310424805	-0.001344449818134	0.001344449818134	27.453422072946744
11408.904296875	-1.425968170166016	-0.001339852809906	0.001339852809906	27.453422072946744
11408.9462890625	-1.365375518798828	-0.001334813423455	0.001334813423455	27.453422072946744
11408.98828125	-1.305057525634766	-0.00132919382304	0.00132919382304	27.453422072946744
11409.0302734375	-1.244300842285156	-0.00132324360311	0.00132324360311	27.453422072946744
11409.072265625	-1.183574676513672	-0.00131722074002	0.00131722074002	27.453422072946744
11409.1142578125	-1.122503280639648	-0.001311000436544	0.001311000436544	27.453422072946744
11409.15625	-1.062099456787109	-0.001304206438363	0.001304206438363	27.453422072946744
11409.1982421875	-1.001346588134766	-0.001296582631767	0.001296582631767	27.453422072946744
11409.240234375	-0.940959930419922	-0.001289018429816	0.001289018429816	27.453422072946744
11409.2822265625	-0.880218505859375	-0.001281046308577	0.001281046308577	27.453422072946744
11409.32421875	-0.819129943847656	-0.001272698864341	0.001272698864341	27.453422072946744
11409.3662109375	-0.758743286132812	-0.00126332975924	0.00126332975924	27.453422072946744
11409.408203125	-0.697988510131836	-0.001253440976143	0.001253440976143	27.453422072946744
11409.4501953125	-0.637578964233398	-0.001243221573532	0.001243221573532	27.453422072946744
11409.4921875	-0.576911926269531	-0.001232262700796	0.001232262700796	27.453422072946744
11409.5341796875	-0.515850067138672	-0.001220414415002	0.001220414415002	27.453422072946744
11409.576171875	-0.455432891845703	-0.001207585446537	0.001207585446537	27.453422072946744
11409.6181640625	-0.394691467285156	-0.001193780452013	0.001193780452013	27.453422072946744
11409.66015625	-0.334308624267578	-0.001179319806397	0.001179319806397	27.453422072946744
11409.7021484375	-0.273212432861328	-0.001163361594081	0.001163361594081	27.453422072946744
11409.744140625	-0.212469100952148	-0.001145783811808	0.001145783811808	27.453422072946744
11409.7861328125	-0.152082443237305	-0.00112643186003	0.00112643186003	27.453422072946744
11409.828125	-0.091333389282227	-0.001102298498154	0.001102298498154	27.453422072946744
11409.8701171875	-0.030925750732422	-0.001055614091456	0.001055614091456	27.453422072946744
11409.958984375	0.030635833740234	-0.000932524097152	0.000932524097152	27.453422072946744
11410.0009765625	0.091426849365234	-0.000724265933968	0.000724265933968	27.453422072946744
11410.04296875	0.151874542236328	-0.000456572510302	0.000456572510302	27.453422072946744
11410.0849609375	0.212690353393555	-0.000104136648588	0.000104136648588	27.453422072946744
11410.126953125	0.273221969604492	0.000601433916017	0.000601433916017	27.453422072946744
11410.26171875	0.334245681762695	0.002656702883542	0.002656702883542	27.453422072946744
11410.3037109375	0.395034790039062	0.006141006480902	0.006141006480902	27.453422072946744
11410.3916015625	0.455310821533203	0.010589420795441	0.010589420795441	27.453422072946744
11410.43359375	0.516086578369141	0.015472404658794	0.015472404658794	27.453422072946744
11410.4755859375	0.577138900756836	0.020659878849983	0.020659878849983	27.453422072946744
11410.517578125	0.637475967407227	0.025947704911232	0.025947704911232	27.453422072946744
11410.5595703125	0.698246002197266	0.031384952366352	0.031384952366352	27.453422072946744
11410.6015625	0.758640289306641	0.036861315369606	0.036861315369606	27.453422072946744
11410.6435546875	0.819391250610352	0.04242429882288	0.04242429882288	27.453422072946744
11410.685546875	0.880498886108398	0.048057705163956	0.048057705163956	27.453422072946744
11410.7275390625	0.940891265869141	0.053654067218304	0.053654067218304	27.453422072946744
11410.76953125	1.001644134521484	0.059300541877747	0.059300541877747	27.453422072946744
11410.8115234375	1.062067031860352	0.064937330782413	0.064937330782413	27.453422072946744
11410.853515625	1.122808456420898	0.070611551403999	0.070611551403999	27.453422072946744
11410.8955078125	1.18388557434082	0.076330579817295	0.076330579817295	27.453422072946744
11410.9375	1.244306564331055	0.081986211240292	0.081986211240292	27.453422072946744
11410.9794921875	1.305046081542969	0.087678074836731	0.087678074836731	27.453422072946744
11411.021484375	1.365392684936523	0.093332096934319	0.093332096934319	27.453422072946744
11411.0634765625	1.425992965698242	0.099015988409519	0.099015988409519	27.453422072946744
11411.10546875	1.435810089111328	0.10000341385603	0.10000341385603	27.453422072946744
11411.1474609375	1.435520172119141	0.100002847611904	0.100002847611904	27.453422072946744
11411.189453125	1.435264587402344	0.100002847611904	0.100002847611904	27.453422072946744
11411.2314453125	1.435358047485352	0.100002847611904	0.100002847611904	27.453422072946744
11411.2744140625	1.435415267944336	0.100002817809582	0.100002817809582	27.453422072946744
11411.31640625	1.435073852539062	0.100002810359001	0.100002810359001	27.453422072946744
11411.3583984375	1.434934616088867	0.100002847611904	0.100002847611904	27.453422072946744
11411.400390625	1.434906005859375	0.100002832710743	0.100002832710743	27.453422072946744
11411.443359375	1.434745788574219	0.100002847611904	0.100002847611904	27.453422072946744
11411.4853515625	1.434551239013672	0.100002810359001	0.100002810359001	27.453422072946744
11411.52734375	1.434413909912109	0.100002817809582	0.100002817809582	27.453422072946744
11411.5693359375	1.434297561645508	0.100002817809582	0.100002817809582	27.453422072946744
11411.6123046875	1.433849334716797	0.100002802908421	0.100002802908421	27.453422072946744
11411.654296875	1.433708190917969	0.100002810359001	0.100002810359001	27.453422072946744
11411.6962890625	1.433567047119141	0.10000279545784	0.10000279545784	27.453422072946744
11411.73828125	1.433475494384766	0.100002780556679	0.100002780556679	27.453422072946744
11411.78125	1.433401107788086	0.100002765655518	0.100002765655518	27.453422072946744
11411.8232421875	1.433347702026367	0.100002743303776	0.100002743303776	27.453422072946744
11411.865234375	1.433174133300781	0.100002773106098	0.100002773106098	27.453422072946744
11411.9072265625	1.432933807373047	0.100002773106098	0.100002773106098	27.453422072946744
11411.9501953125	1.432779312133789	0.100002810359001	0.100002810359001	27.453422072946744
11411.9921875	1.432605743408203	0.100002743303776	0.100002743303776	27.453422072946744
11412.0341796875	1.432485580444336	0.100002765655518	0.100002765655518	27.453422072946744
11412.076171875	1.432229995727539	0.100002780556679	0.100002780556679	27.453422072946744
11412.119140625	1.432138442993164	0.100002788007259	0.100002788007259	27.453422072946744
11412.1611328125	1.432033538818359	0.100002765655518	0.100002765655518	27.453422072946744
