[INFO]
Keithley 2400
Meas Time: 2021/1/19 15:00:40
Params: GPIB address = GPIB0::21::INSTR; DataFile = D:\工艺实验\方文兵; Compliance  Level (0.1) = 0.100000000000000; Number of Points (5) = 250; Minimum Amplitude (1) = -3.000000000000000; Maximum Amplitude (2) = 3.000000000000000; Timeout (100000 ms) = 100000; Source Mode  (0: Voltage) = 0; 4-wire? = FALSE; delay(S) = 0.000000000000000; Start = ; 

[COMMENT]


[DATA]
time (s)	Voltage (V)	Current (A)	absCurrent (A)	Fitting Resistance (Ohms)

7147.78027343749999	-3.000711441040039	-0.001672816462815	0.001672816462815	25.014106270354869
7147.82226562499999	-2.976713180541992	-0.001671419478953	0.001671419478953	25.014106270354869
7147.86425781249999	-2.952678680419922	-0.001670330762863	0.001670330762863	25.014106270354869
7147.90624999999999	-2.928316116333008	-0.001669268123806	0.001669268123806	25.014106270354869
7147.94824218749999	-2.904285430908203	-0.001667845994234	0.001667845994234	25.014106270354869
7147.99023437499999	-2.879936218261719	-0.001666150987148	0.001666150987148	25.014106270354869
7148.03222656249999	-2.855899810791016	-0.001664521172643	0.001664521172643	25.014106270354869
7148.07421874999999	-2.831878662109375	-0.001663344912231	0.001663344912231	25.014106270354869
7148.11621093749999	-2.807518005371094	-0.001661876216531	0.001661876216531	25.014106270354869
7148.15820312499999	-2.78349494934082	-0.001660115085542	0.001660115085542	25.014106270354869
7148.20019531249999	-2.75946044921875	-0.001658315770328	0.001658315770328	25.014106270354869
7148.24218749999999	-2.735429763793945	-0.001656731590629	0.001656731590629	25.014106270354869
7148.28417968749999	-2.711441040039062	-0.001655293628573	0.001655293628573	25.014106270354869
7148.32617187499999	-2.686790466308594	-0.001653453335166	0.001653453335166	25.014106270354869
7148.36816406249999	-2.662830352783203	-0.001651555299759	0.001651555299759	25.014106270354869
7148.41015624999999	-2.638870239257812	-0.001649531535804	0.001649531535804	25.014106270354869
7148.45214843749999	-2.614919662475586	-0.001647948287427	0.001647948287427	25.014106270354869
7148.49414062499999	-2.590948104858398	-0.00164645537734	0.00164645537734	25.014106270354869
7148.53613281249999	-2.566982269287109	-0.001644565723836	0.001644565723836	25.014106270354869
7148.57812499999999	-2.542673110961914	-0.001642333343625	0.001642333343625	25.014106270354869
7148.62011718749999	-2.518711090087891	-0.001640376634896	0.001640376634896	25.014106270354869
7148.66210937499999	-2.49473762512207	-0.001638697460294	0.001638697460294	25.014106270354869
7148.70410156249999	-2.470767974853516	-0.00163697078824	0.00163697078824	25.014106270354869
7148.74609374999999	-2.446830749511719	-0.001634752377868	0.001634752377868	25.014106270354869
7148.78808593749999	-2.422163009643555	-0.00163253955543	0.00163253955543	25.014106270354869
7148.83007812499999	-2.398199081420898	-0.001630490645766	0.001630490645766	25.014106270354869
7148.87207031249999	-2.374238967895508	-0.001628860831261	0.001628860831261	25.014106270354869
7148.91406249999999	-2.35028076171875	-0.001626636832952	0.001626636832952	25.014106270354869
7148.95605468749999	-2.326311111450195	-0.001624195836484	0.001624195836484	25.014106270354869
7148.99804687499999	-2.301992416381836	-0.001621794886887	0.001621794886887	25.014106270354869
7149.04003906249999	-2.278039932250977	-0.001619963906705	0.001619963906705	25.014106270354869
7149.08203124999999	-2.253746032714844	-0.001617776229978	0.001617776229978	25.014106270354869
7149.12402343749999	-2.229780197143555	-0.001615286804736	0.001615286804736	25.014106270354869
7149.16601562499999	-2.205789566040039	-0.001612954773009	0.001612954773009	25.014106270354869
7149.20800781249999	-2.181493759155273	-0.001610630191863	0.001610630191863	25.014106270354869
7149.24999999999999	-2.157524108886719	-0.001608460210264	0.001608460210264	25.014106270354869
7149.29199218749999	-2.133562088012695	-0.00160623434931	0.00160623434931	25.014106270354869
7149.33398437499999	-2.109615325927734	-0.001603634096682	0.001603634096682	25.014106270354869
7149.37597656249999	-2.085659027099609	-0.001600965857506	0.001600965857506	25.014106270354869
7149.41796874999999	-2.060981750488281	-0.001598697155714	0.001598697155714	25.014106270354869
7149.45996093749999	-2.037010192871094	-0.001596534624696	0.001596534624696	25.014106270354869
7149.50195312499999	-2.013128280639648	-0.001593774184585	0.001593774184585	25.014106270354869
7149.54394531249999	-1.989166259765625	-0.001590956002474	0.001590956002474	25.014106270354869
7149.58593749999999	-1.965194702148437	-0.001588332466781	0.001588332466781	25.014106270354869
7149.62695312499999	-1.941242218017578	-0.001585920341313	0.001585920341313	25.014106270354869
7149.66894531249999	-1.916940689086914	-0.001583362929523	0.001583362929523	25.014106270354869
7149.71093749999999	-1.892972946166992	-0.001580297015607	0.001580297015607	25.014106270354869
7149.75292968749999	-1.868995666503906	-0.001577354036272	0.001577354036272	25.014106270354869
7149.79492187499999	-1.845039367675781	-0.00157477054745	0.00157477054745	25.014106270354869
7149.83691406249999	-1.821065902709961	-0.001572163775563	0.001572163775563	25.014106270354869
7149.87890624999999	-1.796411514282227	-0.001569034531713	0.001569034531713	25.014106270354869
7149.92089843749999	-1.772451400756836	-0.001565853133798	0.001565853133798	25.014106270354869
7149.96289062499999	-1.748495101928711	-0.001562799327075	0.001562799327075	25.014106270354869
7150.00488281249999	-1.724529266357422	-0.001559988595545	0.001559988595545	25.014106270354869
7150.04687499999999	-1.7005615234375	-0.001557117328048	0.001557117328048	25.014106270354869
7150.08886718749999	-1.676231384277344	-0.001553820446134	0.001553820446134	25.014106270354869
7150.13085937499999	-1.651947021484375	-0.001550359651446	0.001550359651446	25.014106270354869
7150.17285156249999	-1.627969741821289	-0.00154725741595	0.00154725741595	25.014106270354869
7150.21484374999999	-1.604011535644531	-0.00154425483197	0.00154425483197	25.014106270354869
7150.25683593749999	-1.580049514770508	-0.001540874131024	0.001540874131024	25.014106270354869
7150.29882812499999	-1.555746078491211	-0.00153726618737	0.00153726618737	25.014106270354869
7150.34082031249999	-1.531768798828125	-0.001533815637231	0.001533815637231	25.014106270354869
7150.38281249999999	-1.507797241210937	-0.001530506648123	0.001530506648123	25.014106270354869
7150.42480468749999	-1.483842849731445	-0.001527331769466	0.001527331769466	25.014106270354869
7150.46679687499999	-1.459877014160156	-0.001523467712104	0.001523467712104	25.014106270354869
7150.50878906249999	-1.435218811035156	-0.001519582234323	0.001519582234323	25.014106270354869
7150.55078124999999	-1.411272048950195	-0.001516034826636	0.001516034826636	25.014106270354869
7150.59277343749999	-1.387311935424805	-0.00151256006211	0.00151256006211	25.014106270354869
7150.63476562499999	-1.363330841064453	-0.001508729532361	0.001508729532361	25.014106270354869
7150.67675781249999	-1.339357376098633	-0.001504732295871	0.001504732295871	25.014106270354869
7150.71874999999999	-1.315008163452148	-0.001500460319221	0.001500460319221	25.014106270354869
7150.76074218749999	-1.290988922119141	-0.001496779732406	0.001496779732406	25.014106270354869
7150.80273437499999	-1.266962051391602	-0.00149289984256	0.00149289984256	25.014106270354869
7150.84472656249999	-1.242937088012695	-0.00148858781904	0.00148858781904	25.014106270354869
7150.88671874999999	-1.218917846679687	-0.001484274864197	0.001484274864197	25.014106270354869
7150.92871093749999	-1.194896697998047	-0.001480044797063	0.001480044797063	25.014106270354869
7150.97070312499999	-1.170196533203125	-0.001475799828768	0.001475799828768	25.014106270354869
7151.01269531249999	-1.146167755126953	-0.001471506431699	0.001471506431699	25.014106270354869
7151.05468749999999	-1.122159957885742	-0.001467056572437	0.001467056572437	25.014106270354869
7151.09667968749999	-1.098117828369141	-0.00146221742034	0.00146221742034	25.014106270354869
7151.13867187499999	-1.074098587036133	-0.001457799226046	0.001457799226046	25.014106270354869
7151.18066406249999	-1.049409866333008	-0.001453189179301	0.001453189179301	25.014106270354869
7151.22265624999999	-1.025386810302734	-0.001448352821171	0.001448352821171	25.014106270354869
7151.26464843749999	-1.001352310180664	-0.001443241722882	0.001443241722882	25.014106270354869
7151.30664062499999	-0.977312088012695	-0.001438404433429	0.001438404433429	25.014106270354869
7151.34863281249999	-0.953319549560547	-0.001433683559299	0.001433683559299	25.014106270354869
7151.39062499999999	-0.928937911987305	-0.001428660936654	0.001428660936654	25.014106270354869
7151.43261718749999	-0.904928207397461	-0.00142327696085	0.00142327696085	25.014106270354869
7151.47460937499999	-0.880910873413086	-0.001417821273208	0.001417821273208	25.014106270354869
7151.51660156249999	-0.856904983520508	-0.001412530429661	0.001412530429661	25.014106270354869
7151.55859374999999	-0.832860946655273	-0.001407301053405	0.001407301053405	25.014106270354869
7151.60058593749999	-0.80815315246582	-0.001401567831635	0.001401567831635	25.014106270354869
7151.64257812499999	-0.78413200378418	-0.001395688392222	0.001395688392222	25.014106270354869
7151.68359374999999	-0.760110855102539	-0.001389838755131	0.001389838755131	25.014106270354869
7151.72558593749999	-0.736076354980469	-0.001384126022458	0.001384126022458	25.014106270354869
7151.76757812499999	-0.712057113647461	-0.001378311775625	0.001378311775625	25.014106270354869
7151.80957031249999	-0.68769645690918	-0.001371940597892	0.001371940597892	25.014106270354869
7151.85156249999999	-0.663669586181641	-0.001365460455418	0.001365460455418	25.014106270354869
7151.89355468749999	-0.6396484375	-0.001359148882329	0.001359148882329	25.014106270354869
7151.93554687499999	-0.615688323974609	-0.00135288387537	0.00135288387537	25.014106270354869
7151.97753906249999	-0.591672897338867	-0.00134639069438	0.00134639069438	25.014106270354869
7152.01953124999999	-0.56764030456543	-0.001339456997812	0.001339456997812	25.014106270354869
7152.06152343749999	-0.542932510375977	-0.001332177780569	0.001332177780569	25.014106270354869
7152.10351562499999	-0.518928527832031	-0.001325187273324	0.001325187273324	25.014106270354869
7152.14550781249999	-0.494905471801758	-0.001318079419434	0.001318079419434	25.014106270354869
7152.18749999999999	-0.470876693725586	-0.001310734078288	0.001310734078288	25.014106270354869
7152.22949218749999	-0.446855545043945	-0.001302802935243	0.001302802935243	25.014106270354869
7152.27148437499999	-0.422147750854492	-0.001294935122132	0.001294935122132	25.014106270354869
7152.31347656249999	-0.398126602172852	-0.001287068240345	0.001287068240345	25.014106270354869
7152.35546874999999	-0.374099731445312	-0.001279169693589	0.001279169693589	25.014106270354869
7152.39746093749999	-0.350088119506836	-0.001270554028451	0.001270554028451	25.014106270354869
7152.43945312499999	-0.32606315612793	-0.001261948607862	0.001261948607862	25.014106270354869
7152.48144531249999	-0.301687240600586	-0.001253106631339	0.001253106631339	25.014106270354869
7152.52343749999999	-0.27766227722168	-0.00124422647059	0.00124422647059	25.014106270354869
7152.56542968749999	-0.253650665283203	-0.001234985888004	0.001234985888004	25.014106270354869
7152.60742187499999	-0.229612350463867	-0.001225157640874	0.001225157640874	25.014106270354869
7152.64941406249999	-0.205608367919922	-0.001215528696775	0.001215528696775	25.014106270354869
7152.69140624999999	-0.180902481079102	-0.00120540894568	0.00120540894568	25.014106270354869
7152.73339843749999	-0.156890869140625	-0.001194823533297	0.001194823533297	25.014106270354869
7152.77539062499999	-0.132850646972656	-0.001183517277241	0.001183517277241	25.014106270354869
7152.81738281249999	-0.108819961547852	-0.001171191222966	0.001171191222966	25.014106270354869
7152.85937499999999	-0.084798812866211	-0.001157338730991	0.001157338730991	25.014106270354869
7152.90136718749999	-0.060430526733398	-0.001139883883297	0.001139883883297	25.014106270354869
7152.94335937499999	-0.036397933959961	-0.001115730032325	0.001115730032325	25.014106270354869
7152.98535156249999	-0.012371063232422	-0.00108088273555	0.00108088273555	25.014106270354869
7153.02734374999999	0.012279510498047	-0.001030337065458	0.001030337065458	25.014106270354869
7153.11718749999999	0.036136627197266	-0.00096597080119	0.00096597080119	25.014106270354869
7153.15917968749999	0.060159683227539	-0.000887367175892	0.000887367175892	25.014106270354869
7153.20019531249999	0.084901809692383	-0.000794102903455	0.000794102903455	25.014106270354869
7153.24218749999999	0.108919143676758	-0.00069341273047	0.00069341273047	25.014106270354869
7153.28417968749999	0.132965087890625	-0.000583652290516	0.000583652290516	25.014106270354869
7153.32617187499999	0.157020568847656	-0.000464470125735	0.000464470125735	25.014106270354869
7153.36816406249999	0.181066513061523	-0.000332254800014	0.000332254800014	25.014106270354869
7153.41015624999999	0.205448150634766	-0.000175368273631	0.000175368273631	25.014106270354869
7153.50390624999999	0.229564666748047	2.785545075312257E-5	2.785545075312257E-5	25.014106270354869
7153.63867187499999	0.253604888916016	0.000324247288518	0.000324247288518	25.014106270354869
7153.68066406249999	0.2777099609375	0.000773685344029	0.000773685344029	25.014106270354869
7153.81542968749999	0.301610946655273	0.001539404504001	0.001539404504001	25.014106270354869
7153.85742187499999	0.326332092285156	0.002652593888342	0.002652593888342	25.014106270354869
7153.89941406249999	0.350395202636719	0.004092555493116	0.004092555493116	25.014106270354869
7153.94140624999999	0.374431610107422	0.00582682993263	0.00582682993263	25.014106270354869
7153.98339843749999	0.398488998413086	0.007797348313034	0.007797348313034	25.014106270354869
7154.02539062499999	0.422573089599609	0.009950160980225	0.009950160980225	25.014106270354869
7154.11328124999999	0.446746826171875	0.012316428124905	0.012316428124905	25.014106270354869
7154.15527343749999	0.470773696899414	0.014710336923599	0.014710336923599	25.014106270354869
7154.19726562499999	0.494796752929687	0.017193183302879	0.017193183302879	25.014106270354869
7154.23925781249999	0.518833160400391	0.019744344055653	0.019744344055653	25.014106270354869
7154.28124999999999	0.542844772338867	0.022347278892994	0.022347278892994	25.014106270354869
7154.32324218749999	0.567550659179687	0.02506822347641	0.02506822347641	25.014106270354869
7154.36523437499999	0.591581344604492	0.027752093970776	0.027752093970776	25.014106270354869
7154.40722656249999	0.615602493286133	0.030464954674244	0.030464954674244	25.014106270354869
7154.44921874999999	0.639558792114258	0.0331946387887	0.0331946387887	25.014106270354869
7154.49121093749999	0.66358757019043	0.035953551530838	0.035953551530838	25.014106270354869
7154.53320312499999	0.68797492980957	0.038770698010921	0.038770698010921	25.014106270354869
7154.57519531249999	0.712003707885742	0.041562877595425	0.041562877595425	25.014106270354869
7154.61718749999999	0.736015319824219	0.044365212321281	0.044365212321281	25.014106270354869
7154.65917968749999	0.76038932800293	0.047219946980476	0.047219946980476	25.014106270354869
7154.70117187499999	0.784427642822266	0.05004496127367	0.05004496127367	25.014106270354869
7154.74316406249999	0.808443069458008	0.052875854074955	0.052875854074955	25.014106270354869
7154.78515624999999	0.832813262939453	0.055755659937859	0.055755659937859	25.014106270354869
7154.82714843749999	0.856851577758789	0.058598853647709	0.058598853647709	25.014106270354869
7154.86914062499999	0.880878448486328	0.061448350548744	0.061448350548744	25.014106270354869
7154.91113281249999	0.904895782470703	0.064297214150429	0.064297214150429	25.014106270354869
7154.95312499999999	0.928920745849609	0.067150145769119	0.067150145769119	25.014106270354869
7154.99511718749999	0.953649520874023	0.070088483393192	0.070088483393192	25.014106270354869
7155.03710937499999	0.97767448425293	0.072942838072777	0.072942838072777	25.014106270354869
7155.07910156249999	1.001699447631836	0.075797468423843	0.075797468423843	25.014106270354869
7155.12109374999999	1.025728225708008	0.078651636838913	0.078651636838913	25.014106270354869
7155.16308593749999	1.049762725830078	0.081506498157978	0.081506498157978	25.014106270354869
7155.20410156249999	1.074104309082031	0.084393076598644	0.084393076598644	25.014106270354869
7155.24609374999999	1.098133087158203	0.087240763008595	0.087240763008595	25.014106270354869
7155.28808593749999	1.122167587280273	0.090086221694946	0.090086221694946	25.014106270354869
7155.33007812499999	1.146200180053711	0.092924937605858	0.092924937605858	25.014106270354869
7155.37207031249999	1.17021369934082	0.095760367810726	0.095760367810726	25.014106270354869
7155.41406249999999	1.194942474365234	0.098675981163979	0.098675981163979	25.014106270354869
7155.45605468749999	1.20610237121582	0.100002162158489	0.100002162158489	25.014106270354869
7155.49804687499999	1.206108093261719	0.10000279545784	0.10000279545784	25.014106270354869
7155.54101562499999	1.206111907958984	0.100002780556679	0.100002780556679	25.014106270354869
7155.58300781249999	1.206089019775391	0.100002788007259	0.100002788007259	25.014106270354869
7155.62499999999999	1.206081390380859	0.100002825260162	0.100002825260162	25.014106270354869
7155.66699218749999	1.206062316894531	0.100002817809582	0.100002817809582	25.014106270354869
7155.70996093749999	1.206050872802734	0.100002780556679	0.100002780556679	25.014106270354869
7155.75195312499999	1.206048965454102	0.100002788007259	0.100002788007259	25.014106270354869
7155.79394531249999	1.20604133605957	0.100002817809582	0.100002817809582	25.014106270354869
7155.83593749999999	1.205995559692383	0.100002802908421	0.100002802908421	25.014106270354869
7155.87890624999999	1.205995559692383	0.100002817809582	0.100002817809582	25.014106270354869
7155.92089843749999	1.205991744995117	0.100002840161324	0.100002840161324	25.014106270354869
7155.96289062499999	1.205987930297852	0.100002780556679	0.100002780556679	25.014106270354869
7156.00488281249999	1.20598030090332	0.100002810359001	0.100002810359001	25.014106270354869
7156.04785156249999	1.205991744995117	0.100002773106098	0.100002773106098	25.014106270354869
7156.08984374999999	1.20600700378418	0.100002765655518	0.100002765655518	25.014106270354869
7156.13183593749999	1.205978393554687	0.100002773106098	0.100002773106098	25.014106270354869
7156.17382812499999	1.20598030090332	0.100002780556679	0.100002780556679	25.014106270354869
7156.21582031249999	1.205966949462891	0.100002802908421	0.100002802908421	25.014106270354869
7156.25878906249999	1.205961227416992	0.100002773106098	0.100002773106098	25.014106270354869
7156.30078124999999	1.205965042114258	0.100002788007259	0.100002788007259	25.014106270354869
7156.34277343749999	1.205961227416992	0.10000279545784	0.10000279545784	25.014106270354869
7156.38476562499999	1.205957412719727	0.100002780556679	0.100002780556679	25.014106270354869
7156.42773437499999	1.205961227416992	0.100002743303776	0.100002743303776	25.014106270354869
7156.46972656249999	1.205940246582031	0.100002788007259	0.100002788007259	25.014106270354869
7156.51171874999999	1.205938339233398	0.100002765655518	0.100002765655518	25.014106270354869
7156.55371093749999	1.205917358398437	0.100002780556679	0.100002780556679	25.014106270354869
7156.59667968749999	1.205917358398437	0.100002735853195	0.100002735853195	25.014106270354869
7156.63867187499999	1.205924987792969	0.100002743303776	0.100002743303776	25.014106270354869
7156.68066406249999	1.205890655517578	0.100002750754356	0.100002750754356	25.014106270354869
7156.72265624999999	1.205883026123047	0.100002750754356	0.100002750754356	25.014106270354869
7156.76562499999999	1.205888748168945	0.100002758204937	0.100002758204937	25.014106270354869
7156.80761718749999	1.205873489379883	0.100002802908421	0.100002802908421	25.014106270354869
7156.84960937499999	1.205886840820312	0.100002728402615	0.100002728402615	25.014106270354869
7156.89160156249999	1.205886840820312	0.100002825260162	0.100002825260162	25.014106270354869
7156.93457031249999	1.205890655517578	0.100002758204937	0.100002758204937	25.014106270354869
7156.97656249999999	1.205881118774414	0.100002773106098	0.100002773106098	25.014106270354869
7157.01855468749999	1.205890655517578	0.100002780556679	0.100002780556679	25.014106270354869
7157.06054687499999	1.205890655517578	0.100002780556679	0.100002780556679	25.014106270354869
7157.10351562499999	1.20587158203125	0.100002825260162	0.100002825260162	25.014106270354869
7157.14550781249999	1.205881118774414	0.100002788007259	0.100002788007259	25.014106270354869
7157.18749999999999	1.205888748168945	0.100002773106098	0.100002773106098	25.014106270354869
7157.22949218749999	1.205907821655273	0.100002780556679	0.100002780556679	25.014106270354869
7157.27246093749999	1.205911636352539	0.100002810359001	0.100002810359001	25.014106270354869
7157.31445312499999	1.205913543701172	0.100002810359001	0.100002810359001	25.014106270354869
7157.35644531249999	1.205913543701172	0.100002780556679	0.100002780556679	25.014106270354869
7157.39843749999999	1.205904006958008	0.100002750754356	0.100002750754356	25.014106270354869
7157.44140624999999	1.205904006958008	0.100002758204937	0.100002758204937	25.014106270354869
7157.48339843749999	1.205930709838867	0.100002720952034	0.100002720952034	25.014106270354869
7157.52539062499999	1.205928802490234	0.100002758204937	0.100002758204937	25.014106270354869
7157.56738281249999	1.205938339233398	0.10000279545784	0.10000279545784	25.014106270354869
7157.61035156249999	1.205926895141602	0.100002773106098	0.100002773106098	25.014106270354869
7157.65234374999999	1.20591926574707	0.100002773106098	0.100002773106098	25.014106270354869
7157.69433593749999	1.205904006958008	0.100002765655518	0.100002765655518	25.014106270354869
7157.73632812499999	1.205905914306641	0.10000279545784	0.10000279545784	25.014106270354869
7157.77929687499999	1.205898284912109	0.100002780556679	0.100002780556679	25.014106270354869
7157.82128906249999	1.205913543701172	0.100002758204937	0.100002758204937	25.014106270354869
7157.86328124999999	1.205911636352539	0.100002773106098	0.100002773106098	25.014106270354869
7157.90527343749999	1.205898284912109	0.100002750754356	0.100002750754356	25.014106270354869
7157.94824218749999	1.205911636352539	0.100002750754356	0.100002750754356	25.014106270354869
7157.99023437499999	1.205909729003906	0.100002788007259	0.100002788007259	25.014106270354869
7158.03222656249999	1.205911636352539	0.100002810359001	0.100002810359001	25.014106270354869
7158.07421874999999	1.205907821655273	0.100002773106098	0.100002773106098	25.014106270354869
7158.11718749999999	1.205894470214844	0.100002780556679	0.100002780556679	25.014106270354869
7158.15917968749999	1.205902099609375	0.100002728402615	0.100002728402615	25.014106270354869
7158.20117187499999	1.205902099609375	0.100002758204937	0.100002758204937	25.014106270354869
7158.24316406249999	1.205917358398437	0.100002743303776	0.100002743303776	25.014106270354869
7158.28613281249999	1.205898284912109	0.100002743303776	0.100002743303776	25.014106270354869
7158.32812499999999	1.205904006958008	0.100002728402615	0.100002728402615	25.014106270354869
7158.37011718749999	1.20588493347168	0.100002728402615	0.100002728402615	25.014106270354869
7158.41210937499999	1.205898284912109	0.100002743303776	0.100002743303776	25.014106270354869
7158.45507812499999	1.205900192260742	0.100002743303776	0.100002743303776	25.014106270354869
7158.49707031249999	1.205886840820312	0.100002743303776	0.100002743303776	25.014106270354869
7158.53906249999999	1.205898284912109	0.100002728402615	0.100002728402615	25.014106270354869
7158.58105468749999	1.20588493347168	0.100002773106098	0.100002773106098	25.014106270354869
