[INFO]
Keithley 2400
Meas Time: 2021/1/19 14:49:53
Params: GPIB address = GPIB0::21::INSTR; DataFile = D:\工艺实验\方成峰; Compliance  Level (0.1) = 0.100000000000000; Number of Points (5) = 200; Minimum Amplitude (1) = -3.000000000000000; Maximum Amplitude (2) = 3.000000000000000; Timeout (100000 ms) = 100000; Source Mode  (0: Voltage) = 0; 4-wire? = FALSE; delay(S) = 0.000000000000000; Start = ; 

[COMMENT]


[DATA]
time (s)	Voltage (V)	Current (A)	absCurrent (A)	Fitting Resistance (Ohms)

6502.88964843749999	-3.000715255737305	-0.001810366287827	0.001810366287827	26.632118543617214
6502.93164062499999	-2.970891952514648	-0.00180971622467	0.00180971622467	26.632118543617214
6502.97363281249999	-2.940324783325195	-0.001809126697481	0.001809126697481	26.632118543617214
6503.01562499999999	-2.910120010375977	-0.001808268949389	0.001808268949389	26.632118543617214
6503.05761718749999	-2.879934310913086	-0.001806762069464	0.001806762069464	26.632118543617214
6503.09960937499999	-2.849720001220703	-0.001805531792343	0.001805531792343	26.632118543617214
6503.14160156249999	-2.819517135620117	-0.001804654486477	0.001804654486477	26.632118543617214
6503.18359374999999	-2.789339065551758	-0.001803448423743	0.001803448423743	26.632118543617214
6503.22558593749999	-2.759471893310547	-0.001801945269108	0.001801945269108	26.632118543617214
6503.26757812499999	-2.728887557983398	-0.00180035084486	0.00180035084486	26.632118543617214
6503.30957031249999	-2.698785781860352	-0.001799170859158	0.001799170859158	26.632118543617214
6503.35156249999999	-2.669000625610352	-0.001797899603844	0.001797899603844	26.632118543617214
6503.39355468749999	-2.638532638549805	-0.001796296797693	0.001796296797693	26.632118543617214
6503.43554687499999	-2.608415603637695	-0.001794514246285	0.001794514246285	26.632118543617214
6503.47753906249999	-2.578620910644531	-0.001792964525521	0.001792964525521	26.632118543617214
6503.51953124999999	-2.548151016235352	-0.001791429705918	0.001791429705918	26.632118543617214
6503.56152343749999	-2.518033981323242	-0.001789981499314	0.001789981499314	26.632118543617214
6503.60351562499999	-2.488246917724609	-0.00178801920265	0.00178801920265	26.632118543617214
6503.64550781249999	-2.458131790161133	-0.001786177046597	0.001786177046597	26.632118543617214
6503.68749999999999	-2.427661895751953	-0.001784560270607	0.001784560270607	26.632118543617214
6503.72949218749999	-2.397865295410156	-0.001783072948456	0.001783072948456	26.632118543617214
6503.77148437499999	-2.367733001708984	-0.00178107060492	0.00178107060492	26.632118543617214
6503.81347656249999	-2.337263107299805	-0.001778887584805	0.001778887584805	26.632118543617214
6503.85546874999999	-2.307479858398437	-0.00177688896656	0.00177688896656	26.632118543617214
6503.89746093749999	-2.277370452880859	-0.001775157637894	0.001775157637894	26.632118543617214
6503.93945312499999	-2.246894836425781	-0.001773119904101	0.001773119904101	26.632118543617214
6503.98144531249999	-2.217111587524414	-0.001770788803697	0.001770788803697	26.632118543617214
6504.02343749999999	-2.186977386474609	-0.001768549904227	0.001768549904227	26.632118543617214
6504.06542968749999	-2.156848907470703	-0.001766546629369	0.001766546629369	26.632118543617214
6504.10742187499999	-2.126375198364258	-0.001764503307641	0.001764503307641	26.632118543617214
6504.14941406249999	-2.096607208251953	-0.001762175932527	0.001762175932527	26.632118543617214
6504.19140624999999	-2.066469192504883	-0.00175971724093	0.00175971724093	26.632118543617214
6504.23339843749999	-2.03599739074707	-0.001757200807333	0.001757200807333	26.632118543617214
6504.27539062499999	-2.006290435791016	-0.00175503641367	0.00175503641367	26.632118543617214
6504.31738281249999	-1.976156234741211	-0.001752545125782	0.001752545125782	26.632118543617214
6504.35937499999999	-1.9456787109375	-0.001749789342284	0.001749789342284	26.632118543617214
6504.40136718749999	-1.915918350219727	-0.001747018657625	0.001747018657625	26.632118543617214
6504.44335937499999	-1.885768890380859	-0.001744509674609	0.001744509674609	26.632118543617214
6504.48535156249999	-1.855974197387695	-0.001742035150528	0.001742035150528	26.632118543617214
6504.52734374999999	-1.825527191162109	-0.001739268191159	0.001739268191159	26.632118543617214
6504.56933593749999	-1.795379638671875	-0.001736122183502	0.001736122183502	26.632118543617214
6504.61132812499999	-1.765609741210937	-0.001733091659844	0.001733091659844	26.632118543617214
6504.65332031249999	-1.735151290893555	-0.001730550080538	0.001730550080538	26.632118543617214
6504.69531249999999	-1.704994201660156	-0.001727779395878	0.001727779395878	26.632118543617214
6504.73632812499999	-1.675210952758789	-0.001724333502352	0.001724333502352	26.632118543617214
6504.77832031249999	-1.644744873046875	-0.001720760017633	0.001720760017633	26.632118543617214
6504.82031249999999	-1.61461067199707	-0.001718075014651	0.001718075014651	26.632118543617214
6504.86230468749999	-1.584846496582031	-0.001714972779155	0.001714972779155	26.632118543617214
6504.90429687499999	-1.55470085144043	-0.001711437478662	0.001711437478662	26.632118543617214
6504.94628906249999	-1.524236679077148	-0.001707599498332	0.001707599498332	26.632118543617214
6504.98828124999999	-1.494100570678711	-0.001704168505967	0.001704168505967	26.632118543617214
6505.03027343749999	-1.464319229125977	-0.001701039262116	0.001701039262116	26.632118543617214
6505.07226562499999	-1.433845520019531	-0.00169731862843	0.00169731862843	26.632118543617214
6505.11425781249999	-1.403726577758789	-0.001693303696811	0.001693303696811	26.632118543617214
6505.15624999999999	-1.373937606811523	-0.001689271070063	0.001689271070063	26.632118543617214
6505.19824218749999	-1.343461990356445	-0.001685773953795	0.001685773953795	26.632118543617214
6505.24023437499999	-1.313282012939453	-0.001681883819401	0.001681883819401	26.632118543617214
6505.28222656249999	-1.283418655395508	-0.001677620224655	0.001677620224655	26.632118543617214
6505.32421874999999	-1.253236770629883	-0.001673144288361	0.001673144288361	26.632118543617214
6505.36621093749999	-1.222707748413086	-0.001669023185968	0.001669023185968	26.632118543617214
6505.40820312499999	-1.192840576171875	-0.001665042713284	0.001665042713284	26.632118543617214
6505.45019531249999	-1.162635803222656	-0.001660486683249	0.001660486683249	26.632118543617214
6505.49218749999999	-1.132099151611328	-0.001655425876379	0.001655425876379	26.632118543617214
6505.53417968749999	-1.102243423461914	-0.001650716178119	0.001650716178119	26.632118543617214
6505.57617187499999	-1.072031021118164	-0.001646103337407	0.001646103337407	26.632118543617214
6505.61816406249999	-1.041519165039062	-0.001641449518502	0.001641449518502	26.632118543617214
6505.66015624999999	-1.011651992797852	-0.001636166125536	0.001636166125536	26.632118543617214
6505.70214843749999	-0.9814453125	-0.001630707643926	0.001630707643926	26.632118543617214
6505.74414062499999	-0.951597213745117	-0.001625551842153	0.001625551842153	26.632118543617214
6505.78613281249999	-0.921045303344727	-0.001620343886316	0.001620343886316	26.632118543617214
6505.82812499999999	-0.890850067138672	-0.001614736393094	0.001614736393094	26.632118543617214
6505.87011718749999	-0.860675811767578	-0.001608679071069	0.001608679071069	26.632118543617214
6505.91210937499999	-0.830118179321289	-0.001602735370398	0.001602735370398	26.632118543617214
6505.95410156249999	-0.800252914428711	-0.001597032882273	0.001597032882273	26.632118543617214
6505.99609374999999	-0.770059585571289	-0.001590975560248	0.001590975560248	26.632118543617214
6506.03808593749999	-0.739517211914062	-0.001584228128195	0.001584228128195	26.632118543617214
6506.08007812499999	-0.70966911315918	-0.00157767161727	0.00157767161727	26.632118543617214
6506.12207031249999	-0.679473876953125	-0.001570889726281	0.001570889726281	26.632118543617214
6506.16406249999999	-0.648908615112305	-0.001564167439938	0.001564167439938	26.632118543617214
6506.20605468749999	-0.619125366210937	-0.001557290554047	0.001557290554047	26.632118543617214
6506.24804687499999	-0.588930130004883	-0.001549754291773	0.001549754291773	26.632118543617214
6506.29003906249999	-0.559062957763672	-0.001542120240629	0.001542120240629	26.632118543617214
6506.33203124999999	-0.528543472290039	-0.001534479670227	0.001534479670227	26.632118543617214
6506.37402343749999	-0.49833869934082	-0.001526765525341	0.001526765525341	26.632118543617214
6506.41601562499999	-0.468484878540039	-0.001518432982266	0.001518432982266	26.632118543617214
6506.45800781249999	-0.437931060791016	-0.001509765163064	0.001509765163064	26.632118543617214
6506.49999999999999	-0.407730102539062	-0.001500839367509	0.001500839367509	26.632118543617214
6506.54101562499999	-0.377878189086914	-0.001492269337177	0.001492269337177	26.632118543617214
6506.58300781249999	-0.347347259521484	-0.001482930034399	0.001482930034399	26.632118543617214
6506.62499999999999	-0.31712532043457	-0.001473088748753	0.001473088748753	26.632118543617214
6506.66699218749999	-0.287284851074219	-0.001463009044528	0.001463009044528	26.632118543617214
6506.70898437499999	-0.257076263427734	-0.00145277287811	0.00145277287811	26.632118543617214
6506.75097656249999	-0.226535797119141	-0.001442210748792	0.001442210748792	26.632118543617214
6506.79296874999999	-0.196674346923828	-0.001431002281606	0.001431002281606	26.632118543617214
6506.83496093749999	-0.166488647460937	-0.001419051550329	0.001419051550329	26.632118543617214
6506.87695312499999	-0.135944366455078	-0.001406918279827	0.001406918279827	26.632118543617214
6506.91894531249999	-0.105731964111328	-0.001394487917423	0.001394487917423	26.632118543617214
6506.96093749999999	-0.075881958007812	-0.001381302252412	0.001381302252412	26.632118543617214
6507.00292968749999	-0.045345306396484	-0.001366535201669	0.001366535201669	26.632118543617214
6507.04492187499999	-0.015119552612305	-0.001349284313619	0.001349284313619	26.632118543617214
6507.08789062499999	0.01533317565918	-0.001326689496636	0.001326689496636	26.632118543617214
6507.12988281249999	0.045200347900391	-0.001291248947382	0.001291248947382	26.632118543617214
6507.17187499999999	0.075761795043945	-0.001225345768034	0.001225345768034	26.632118543617214
6507.21386718749999	0.105937957763672	-0.001112182624638	0.001112182624638	26.632118543617214
6507.30273437499999	0.135641098022461	-0.000941432430409	0.000941432430409	26.632118543617214
6507.34472656249999	0.166252136230469	-0.000707013881765	0.000707013881765	26.632118543617214
6507.38671874999999	0.196477890014648	-0.000406340812333	0.000406340812333	26.632118543617214
6507.47949218749999	0.226385116577148	-1.544378756079823E-5	1.544378756079823E-5	26.632118543617214
6507.61523437499999	0.257064819335937	0.000518431945238	0.000518431945238	26.632118543617214
6507.74999999999999	0.287172317504883	0.00127865280956	0.00127865280956	26.632118543617214
6507.79199218749999	0.317056655883789	0.002338720485568	0.002338720485568	26.632118543617214
6507.83398437499999	0.347291946411133	0.003762217238545	0.003762217238545	26.632118543617214
6507.87499999999999	0.377849578857422	0.005500498227775	0.005500498227775	26.632118543617214
6507.91699218749999	0.407747268676758	0.007429589051753	0.007429589051753	26.632118543617214
6507.95898437499999	0.437986373901367	0.009545201435685	0.009545201435685	26.632118543617214
6508.04785156249999	0.468349456787109	0.011970490217209	0.011970490217209	26.632118543617214
6508.08984374999999	0.498558044433594	0.014322631061077	0.014322631061077	26.632118543617214
6508.13183593749999	0.528427124023437	0.016717158257961	0.016717158257961	26.632118543617214
6508.17382812499999	0.558958053588867	0.019214630126953	0.019214630126953	26.632118543617214
6508.21582031249999	0.589149475097656	0.021717593073845	0.021717593073845	26.632118543617214
6508.25781249999999	0.619010925292969	0.024218685925007	0.024218685925007	26.632118543617214
6508.29980468749999	0.649152755737305	0.026764005422592	0.026764005422592	26.632118543617214
6508.34179687499999	0.679702758789062	0.029345713555813	0.029345713555813	26.632118543617214
6508.38378906249999	0.709569931030273	0.031890772283077	0.031890772283077	26.632118543617214
6508.42578124999999	0.739767074584961	0.034470126032829	0.034470126032829	26.632118543617214
6508.46777343749999	0.770317077636719	0.037099100649357	0.037099100649357	26.632118543617214
6508.50976562499999	0.800178527832031	0.039718069136143	0.039718069136143	26.632118543617214
6508.55175781249999	0.830379486083984	0.042412668466568	0.042412668466568	26.632118543617214
6508.59277343749999	0.860940933227539	0.045226000249386	0.045226000249386	26.632118543617214
6508.63476562499999	0.89079475402832	0.048065938055515	0.048065938055515	26.632118543617214
6508.67675781249999	0.920976638793945	0.050986126065254	0.050986126065254	26.632118543617214
6508.71874999999999	0.95085334777832	0.053935468196869	0.053935468196869	26.632118543617214
6508.76074218749999	0.981388092041016	0.057038851082325	0.057038851082325	26.632118543617214
6508.80273437499999	1.011587142944336	0.060351274907589	0.060351274907589	26.632118543617214
6508.84472656249999	1.041467666625977	0.063543647527695	0.063543647527695	26.632118543617214
6508.88671874999999	1.072013854980469	0.066894680261612	0.066894680261612	26.632118543617214
6508.92871093749999	1.102205276489258	0.070213630795479	0.070213630795479	26.632118543617214
6508.97070312499999	1.132076263427734	0.073423452675343	0.073423452675343	26.632118543617214
6509.01269531249999	1.162601470947266	0.076681450009346	0.076681450009346	26.632118543617214
6509.05468749999999	1.192819595336914	0.079981662333012	0.079981662333012	26.632118543617214
6509.09667968749999	1.222696304321289	0.083305761218071	0.083305761218071	26.632118543617214
6509.13867187499999	1.253217697143555	0.086769416928291	0.086769416928291	26.632118543617214
6509.18066406249999	1.283430099487305	0.090129166841507	0.090129166841507	26.632118543617214
6509.22265624999999	1.313644409179687	0.093465529382229	0.093465529382229	26.632118543617214
6509.26464843749999	1.343490600585937	0.096533998847008	0.096533998847008	26.632118543617214
6509.30664062499999	1.373979568481445	0.099534891545773	0.099534891545773	26.632118543617214
6509.34863281249999	1.375749588012695	0.100003302097321	0.100003302097321	26.632118543617214
6509.39062499999999	1.375143051147461	0.100002735853195	0.100002735853195	26.632118543617214
6509.43261718749999	1.374320983886719	0.100002773106098	0.100002773106098	26.632118543617214
6509.47460937499999	1.373703002929687	0.100002758204937	0.100002758204937	26.632118543617214
6509.51757812499999	1.373153686523437	0.100002698600292	0.100002698600292	26.632118543617214
6509.55957031249999	1.372623443603516	0.100002735853195	0.100002735853195	26.632118543617214
6509.60156249999999	1.372247695922852	0.100002713501453	0.100002713501453	26.632118543617214
6509.64355468749999	1.371732711791992	0.100002713501453	0.100002713501453	26.632118543617214
6509.68652343749999	1.371246337890625	0.100002706050873	0.100002706050873	26.632118543617214
6509.72851562499999	1.371007919311523	0.100002728402615	0.100002728402615	26.632118543617214
6509.77050781249999	1.370639801025391	0.100002758204937	0.100002758204937	26.632118543617214
6509.81249999999999	1.370325088500977	0.100002735853195	0.100002735853195	26.632118543617214
6509.85546874999999	1.370107650756836	0.100002713501453	0.100002713501453	26.632118543617214
6509.89746093749999	1.369821548461914	0.100002735853195	0.100002735853195	26.632118543617214
6509.93945312499999	1.369571685791016	0.100002698600292	0.100002698600292	26.632118543617214
6509.98144531249999	1.369293212890625	0.100002728402615	0.100002728402615	26.632118543617214
6510.02441406249999	1.369241714477539	0.100002713501453	0.100002713501453	26.632118543617214
6510.06640624999999	1.369014739990234	0.100002720952034	0.100002720952034	26.632118543617214
6510.10839843749999	1.368747711181641	0.100002728402615	0.100002728402615	26.632118543617214
6510.15039062499999	1.368539810180664	0.100002765655518	0.100002765655518	26.632118543617214
6510.19335937499999	1.368341445922852	0.100002735853195	0.100002735853195	26.632118543617214
6510.23535156249999	1.368295669555664	0.100002735853195	0.100002735853195	26.632118543617214
6510.27734374999999	1.368227005004883	0.100002728402615	0.100002728402615	26.632118543617214
6510.31933593749999	1.368131637573242	0.100002698600292	0.100002698600292	26.632118543617214
6510.36230468749999	1.367961883544922	0.100002743303776	0.100002743303776	26.632118543617214
6510.40429687499999	1.367706298828125	0.100002661347389	0.100002661347389	26.632118543617214
6510.44628906249999	1.367477416992187	0.100002728402615	0.100002728402615	26.632118543617214
6510.48828124999999	1.367330551147461	0.100002713501453	0.100002713501453	26.632118543617214
6510.53124999999999	1.367286682128906	0.100002691149712	0.100002691149712	26.632118543617214
6510.57324218749999	1.367303848266602	0.100002728402615	0.100002728402615	26.632118543617214
6510.61523437499999	1.367145538330078	0.100002720952034	0.100002720952034	26.632118543617214
6510.65820312499999	1.367082595825195	0.100002706050873	0.100002706050873	26.632118543617214
6510.70019531249999	1.367088317871094	0.100002698600292	0.100002698600292	26.632118543617214
6510.74218749999999	1.366966247558594	0.100002713501453	0.100002713501453	26.632118543617214
6510.78417968749999	1.366884231567383	0.100002698600292	0.100002698600292	26.632118543617214
6510.82714843749999	1.366666793823242	0.100002691149712	0.100002691149712	26.632118543617214
6510.86914062499999	1.366678237915039	0.100002706050873	0.100002706050873	26.632118543617214
6510.91113281249999	1.366691589355469	0.100002691149712	0.100002691149712	26.632118543617214
6510.95312499999999	1.366626739501953	0.100002661347389	0.100002661347389	26.632118543617214
6510.99609374999999	1.366514205932617	0.100002698600292	0.100002698600292	26.632118543617214
6511.03808593749999	1.366571426391602	0.100002698600292	0.100002698600292	26.632118543617214
6511.08007812499999	1.366470336914062	0.100002691149712	0.100002691149712	26.632118543617214
6511.12207031249999	1.366485595703125	0.100002728402615	0.100002728402615	26.632118543617214
6511.16503906249999	1.366489410400391	0.100002728402615	0.100002728402615	26.632118543617214
6511.20703124999999	1.366348266601562	0.100002698600292	0.100002698600292	26.632118543617214
6511.24902343749999	1.366401672363281	0.100002706050873	0.100002706050873	26.632118543617214
6511.29101562499999	1.366575241088867	0.100002706050873	0.100002706050873	26.632118543617214
6511.33398437499999	1.366628646850586	0.100002653896809	0.100002653896809	26.632118543617214
6511.37597656249999	1.366567611694336	0.100002698600292	0.100002698600292	26.632118543617214
6511.41796874999999	1.36662483215332	0.100002691149712	0.100002691149712	26.632118543617214
6511.45996093749999	1.366741180419922	0.10000267624855	0.10000267624855	26.632118543617214
6511.50292968749999	1.366733551025391	0.100002691149712	0.100002691149712	26.632118543617214
6511.54492187499999	1.36646842956543	0.100002691149712	0.100002691149712	26.632118543617214
6511.58691406249999	1.366439819335937	0.10000267624855	0.10000267624855	26.632118543617214
