[INFO]
Keithley 2400
Meas Time: 2021/1/19 8:54:28
Params: GPIB address = GPIB0::21::INSTR; DataFile = D:\工艺实验\曹若川; Compliance  Level (0.1) = 0.100000000000000; Number of Points (5) = 80; Minimum Amplitude (1) = -3.000000000000000; Maximum Amplitude (2) = 15.000000000000000; Timeout (100000 ms) = 100000; Source Mode  (0: Voltage) = 0; 4-wire? = FALSE; delay(S) = 0.000000000000000; Start = ; 

[COMMENT]


[DATA]
time (s)	Voltage (V)	Current (A)	absCurrent (A)	Fitting Resistance (Ohms)

3436.23828125	-3.00090217590332	-4.967000859323889E-5	4.967000859323889E-5	29.406451198676166
3436.2802734375	-2.772708892822266	-4.982661630492657E-5	4.982661630492657E-5	29.406451198676166
3436.322265625	-2.545259475708008	-4.975988122168928E-5	4.975988122168928E-5	29.406451198676166
3436.3642578125	-2.317573547363281	-4.960979276802391E-5	4.960979276802391E-5	29.406451198676166
3436.40625	-2.089569091796875	-4.939429345540702E-5	4.939429345540702E-5	29.406451198676166
3436.4482421875	-1.862621307373047	-4.910092684440315E-5	4.910092684440315E-5	29.406451198676166
3436.490234375	-1.634590148925781	-4.870456177741289E-5	4.870456177741289E-5	29.406451198676166
3436.5322265625	-1.40690803527832	-4.818943853024393E-5	4.818943853024393E-5	29.406451198676166
3436.57421875	-1.178867340087891	-4.752210224978626E-5	4.752210224978626E-5	29.406451198676166
3436.6162109375	-0.951034545898437	-4.66398341814056E-5	4.66398341814056E-5	29.406451198676166
3436.658203125	-0.722827911376953	-4.543423710856587E-5	4.543423710856587E-5	29.406451198676166
3436.7001953125	-0.494709014892578	-4.375095886643976E-5	4.375095886643976E-5	29.406451198676166
3436.7421875	-0.266851425170898	-4.131098103243858E-5	4.131098103243858E-5	29.406451198676166
3436.7841796875	-0.038301467895508	-3.752466000150889E-5	3.752466000150889E-5	29.406451198676166
3436.8818359375	0.190292358398437	-1.439972038497217E-6	1.439972038497217E-6	29.406451198676166
3436.9697265625	0.418264389038086	0.005265401210636	0.005265401210636	29.406451198676166
3437.0576171875	0.646291732788086	0.018202066421509	0.018202066421509	29.406451198676166
3437.099609375	0.87486457824707	0.031785979866982	0.031785979866982	29.406451198676166
3437.1416015625	1.103050231933594	0.04551387578249	0.04551387578249	29.406451198676166
3437.18359375	1.330902099609375	0.059176899492741	0.059176899492741	29.406451198676166
3437.2255859375	1.558666229248047	0.077283680438995	0.077283680438995	29.406451198676166
3437.267578125	1.786361694335937	0.096643723547459	0.096643723547459	29.406451198676166
3437.3095703125	1.778602600097656	0.100002303719521	0.100002303719521	29.406451198676166
3437.3515625	1.775844573974609	0.100001998245716	0.100001998245716	29.406451198676166
3437.39453125	1.775062561035156	0.100001983344555	0.100001983344555	29.406451198676166
3437.4365234375	1.774629592895508	0.100001953542233	0.100001953542233	29.406451198676166
3437.478515625	1.77424430847168	0.10000192373991	0.10000192373991	29.406451198676166
3437.5205078125	1.774162292480469	0.100001953542233	0.100001953542233	29.406451198676166
3437.5634765625	1.773941040039062	0.100001931190491	0.100001931190491	29.406451198676166
3437.60546875	1.77290153503418	0.100001960992813	0.100001960992813	29.406451198676166
3437.6474609375	1.772727966308594	0.10000192373991	0.10000192373991	29.406451198676166
3437.689453125	1.772422790527344	0.100001931190491	0.100001931190491	29.406451198676166
3437.732421875	1.772274017333984	0.100001946091652	0.100001946091652	29.406451198676166
3437.7744140625	1.771989822387695	0.100001901388168	0.100001901388168	29.406451198676166
3437.81640625	1.771818161010742	0.100001871585846	0.100001871585846	29.406451198676166
3437.8583984375	1.771539688110352	0.100001908838749	0.100001908838749	29.406451198676166
3437.9013671875	1.771215438842773	0.100001901388168	0.100001901388168	29.406451198676166
3437.943359375	1.770940780639648	0.100001871585846	0.100001871585846	29.406451198676166
3437.9853515625	1.770000457763672	0.100001879036427	0.100001879036427	29.406451198676166
3438.02734375	1.769638061523437	0.100001849234104	0.100001849234104	29.406451198676166
3438.0703125	1.769502639770508	0.100001841783524	0.100001841783524	29.406451198676166
3438.1123046875	1.769443511962891	0.100001886487007	0.100001886487007	29.406451198676166
3438.154296875	1.769332885742187	0.100001841783524	0.100001841783524	29.406451198676166
3438.1962890625	1.769168853759766	0.100001871585846	0.100001871585846	29.406451198676166
3438.2392578125	1.768836975097656	0.100001826882362	0.100001826882362	29.406451198676166
3438.28125	1.768768310546875	0.100001804530621	0.100001804530621	29.406451198676166
3438.3232421875	1.768556594848633	0.100001826882362	0.100001826882362	29.406451198676166
3438.3662109375	1.768590927124023	0.100001804530621	0.100001804530621	29.406451198676166
3438.408203125	1.768150329589844	0.10000179708004	0.10000179708004	29.406451198676166
3438.4501953125	1.76817512512207	0.100001804530621	0.100001804530621	29.406451198676166
3438.4921875	1.768167495727539	0.100001774728298	0.100001774728298	29.406451198676166
3438.53515625	1.768178939819336	0.100001759827137	0.100001759827137	29.406451198676166
3438.5771484375	1.768205642700195	0.100001752376556	0.100001752376556	29.406451198676166
3438.619140625	1.767250061035156	0.100001759827137	0.100001759827137	29.406451198676166
3438.6611328125	1.767099380493164	0.100001722574234	0.100001722574234	29.406451198676166
3438.7041015625	1.766883850097656	0.100001759827137	0.100001759827137	29.406451198676166
3438.74609375	1.766782760620117	0.100001715123653	0.100001715123653	29.406451198676166
3438.7880859375	1.766899108886719	0.100001730024815	0.100001730024815	29.406451198676166
3438.830078125	1.766750335693359	0.100001707673073	0.100001707673073	29.406451198676166
3438.873046875	1.766555786132812	0.100001759827137	0.100001759827137	29.406451198676166
3438.9150390625	1.766557693481445	0.100001707673073	0.100001707673073	29.406451198676166
3438.95703125	1.766393661499023	0.100001692771912	0.100001692771912	29.406451198676166
3439	1.766080856323242	0.100001707673073	0.100001707673073	29.406451198676166
3439.0419921875	1.765756607055664	0.100001700222492	0.100001700222492	29.406451198676166
3439.083984375	1.76508903503418	0.100001700222492	0.100001700222492	29.406451198676166
3439.1259765625	1.764781951904297	0.10000167787075	0.10000167787075	29.406451198676166
3439.1689453125	1.764629364013672	0.100001692771912	0.100001692771912	29.406451198676166
3439.2109375	1.764314651489258	0.100001685321331	0.100001685321331	29.406451198676166
3439.2529296875	1.764167785644531	0.100001662969589	0.100001662969589	29.406451198676166
3439.294921875	1.763874053955078	0.100001662969589	0.100001662969589	29.406451198676166
3439.337890625	1.763671875	0.100001633167267	0.100001633167267	29.406451198676166
3439.3798828125	1.763463973999023	0.100001633167267	0.100001633167267	29.406451198676166
3439.421875	1.763404846191406	0.100001618266106	0.100001618266106	29.406451198676166
3439.4638671875	1.763063430786133	0.100001640617847	0.100001640617847	29.406451198676166
3439.5068359375	1.762887954711914	0.100001662969589	0.100001662969589	29.406451198676166
3439.548828125	1.762275695800781	0.100001640617847	0.100001640617847	29.406451198676166
3439.5908203125	1.762033462524414	0.10000167042017	0.10000167042017	29.406451198676166
3439.6337890625	1.761709213256836	0.10000167042017	0.10000167042017	29.406451198676166
3439.67578125	1.761728286743164	0.100001633167267	0.100001633167267	29.406451198676166
3439.7177734375	1.761562347412109	0.100001640617847	0.100001640617847	29.406451198676166
