[INFO]
Keithley 2400
Meas Time: 2021/1/19 10:15:59
Params: GPIB address = GPIB0::21::INSTR; DataFile = D:\工艺实验\朱康来; Compliance  Level (0.1) = 0.100000000000000; Number of Points (5) = 100; Minimum Amplitude (1) = -3.000000000000000; Maximum Amplitude (2) = 3.000000000000000; Timeout (100000 ms) = 100000; Source Mode  (0: Voltage) = 0; 4-wire? = FALSE; delay(S) = 0.000000000000000; Start = ; 

[COMMENT]


[DATA]
time (s)	Voltage (V)	Current (A)	absCurrent (A)	Fitting Resistance (Ohms)

8326.57226562499999	-3.000734329223633	-0.001410158351064	0.001410158351064	76.324801440955284
8326.61425781249999	-2.940349578857422	-0.001409858465195	0.001409858465195	76.324801440955284
8326.65624999999999	-2.879617691040039	-0.001409094780684	0.001409094780684	76.324801440955284
8326.69824218749999	-2.818532943725586	-0.001407683826983	0.001407683826983	76.324801440955284
8326.74023437499999	-2.758111953735352	-0.00140601862222	0.00140601862222	76.324801440955284
8326.78222656249999	-2.697433471679687	-0.001404657959938	0.001404657959938	76.324801440955284
8326.82421874999999	-2.636852264404297	-0.001403287984431	0.001403287984431	76.324801440955284
8326.86621093749999	-2.576591491699219	-0.001401551067829	0.001401551067829	76.324801440955284
8326.90820312499999	-2.515661239624023	-0.001399455592036	0.001399455592036	76.324801440955284
8326.95019531249999	-2.455062866210937	-0.001397482119501	0.001397482119501	76.324801440955284
8326.99218749999999	-2.394805908203125	-0.001395558938384	0.001395558938384	76.324801440955284
8327.03417968749999	-2.334203720092773	-0.001393496058881	0.001393496058881	76.324801440955284
8327.07617187499999	-2.273281097412109	-0.001390940509737	0.001390940509737	76.324801440955284
8327.11816406249999	-2.213010787963867	-0.001388177275658	0.001388177275658	76.324801440955284
8327.16015624999999	-2.152416229248047	-0.001385471783578	0.001385471783578	76.324801440955284
8327.20214843749999	-2.092178344726562	-0.001383051276207	0.001383051276207	76.324801440955284
8327.24414062499999	-2.031557083129883	-0.001380294561386	0.001380294561386	76.324801440955284
8327.28613281249999	-1.970687866210937	-0.001377075910568	0.001377075910568	76.324801440955284
8327.32812499999999	-1.910453796386719	-0.001373709179461	0.001373709179461	76.324801440955284
8327.37011718749999	-1.849838256835937	-0.001370353624225	0.001370353624225	76.324801440955284
8327.41210937499999	-1.789577484130859	-0.001367090269923	0.001367090269923	76.324801440955284
8327.45410156249999	-1.728992462158203	-0.001363381743431	0.001363381743431	76.324801440955284
8327.49609374999999	-1.66802978515625	-0.001359282061458	0.001359282061458	76.324801440955284
8327.53808593749999	-1.6077880859375	-0.001355043612421	0.001355043612421	76.324801440955284
8327.58007812499999	-1.547178268432617	-0.001350874081254	0.001350874081254	76.324801440955284
8327.62207031249999	-1.48692512512207	-0.001346496865153	0.001346496865153	76.324801440955284
8327.66406249999999	-1.425973892211914	-0.00134158693254	0.00134158693254	76.324801440955284
8327.70605468749999	-1.365379333496094	-0.001336440443993	0.001336440443993	76.324801440955284
8327.74804687499999	-1.305057525634766	-0.001330869272351	0.001330869272351	76.324801440955284
8327.78906249999999	-1.24431037902832	-0.001325504854321	0.001325504854321	76.324801440955284
8327.83105468749999	-1.183582305908203	-0.001319722272456	0.001319722272456	76.324801440955284
8327.87304687499999	-1.122505187988281	-0.001313279382885	0.001313279382885	76.324801440955284
8327.91503906249999	-1.062110900878906	-0.00130651332438	0.00130651332438	76.324801440955284
8327.95703124999999	-1.001359939575195	-0.001299601048231	0.001299601048231	76.324801440955284
8327.99902343749999	-0.940973281860352	-0.001292399130762	0.001292399130762	76.324801440955284
8328.04101562499999	-0.880229949951172	-0.001284716650844	0.001284716650844	76.324801440955284
8328.08300781249999	-0.81915283203125	-0.001276009716094	0.001276009716094	76.324801440955284
8328.12499999999999	-0.758747100830078	-0.001267048530281	0.001267048530281	76.324801440955284
8328.16699218749999	-0.698019027709961	-0.001257742755115	0.001257742755115	76.324801440955284
8328.20898437499999	-0.637611389160156	-0.001247989945114	0.001247989945114	76.324801440955284
8328.25097656249999	-0.576930999755859	-0.001237084157765	0.001237084157765	76.324801440955284
8328.29296874999999	-0.515867233276367	-0.001225315965712	0.001225315965712	76.324801440955284
8328.33496093749999	-0.455450057983398	-0.001212803646922	0.001212803646922	76.324801440955284
8328.37695312499999	-0.394706726074219	-0.00119955278933	0.00119955278933	76.324801440955284
8328.41894531249999	-0.334331512451172	-0.00118524953723	0.00118524953723	76.324801440955284
8328.46093749999999	-0.273229598999023	-0.00116915255785	0.00116915255785	76.324801440955284
8328.50292968749999	-0.212482452392578	-0.00115146394819	0.00115146394819	76.324801440955284
8328.54492187499999	-0.152101516723633	-0.001131117343903	0.001131117343903	76.324801440955284
8328.58691406249999	-0.091354370117187	-0.001099176704884	0.001099176704884	76.324801440955284
8328.62890624999999	-0.030946731567383	-0.001019827090204	0.001019827090204	76.324801440955284
8328.71874999999999	0.030672073364258	-0.00085033767391	0.00085033767391	76.324801440955284
8328.76074218749999	0.091461181640625	-0.000619510770775	0.000619510770775	76.324801440955284
8328.80273437499999	0.15190315246582	-0.000352160772309	0.000352160772309	76.324801440955284
8328.89550781249999	0.212591171264648	-5.634322587866336E-5	5.634322587866336E-5	76.324801440955284
8329.03124999999999	0.273164749145508	0.000260394299403	0.000260394299403	76.324801440955284
8329.07226562499999	0.334308624267578	0.00064109324012	0.00064109324012	76.324801440955284
8329.20703124999999	0.394927978515625	0.001223805360496	0.001223805360496	76.324801440955284
8329.24902343749999	0.455345153808594	0.002084743231535	0.002084743231535	76.324801440955284
8329.29101562499999	0.51612663269043	0.003169920295477	0.003169920295477	76.324801440955284
8329.33300781249999	0.577201843261719	0.004384562373161	0.004384562373161	76.324801440955284
8329.37499999999999	0.637546539306641	0.005655440501869	0.005655440501869	76.324801440955284
8329.41699218749999	0.698341369628906	0.006979587022215	0.006979587022215	76.324801440955284
8329.45898437499999	0.758758544921875	0.00832483638078	0.00832483638078	76.324801440955284
8329.50097656249999	0.819515228271484	0.009699232876301	0.009699232876301	76.324801440955284
8329.58886718749999	0.88043212890625	0.011103183031082	0.011103183031082	76.324801440955284
8329.63085937499999	0.940814971923828	0.012494184076786	0.012494184076786	76.324801440955284
8329.67285156249999	1.001562118530273	0.013904899358749	0.013904899358749	76.324801440955284
8329.71484374999999	1.061960220336914	0.015314809978008	0.015314809978008	76.324801440955284
8329.75683593749999	1.122695922851562	0.01673811674118	0.01673811674118	76.324801440955284
8329.79882812499999	1.183771133422852	0.018174536526203	0.018174536526203	76.324801440955284
8329.84082031249999	1.244180679321289	0.019598893821239	0.019598893821239	76.324801440955284
8329.88281249999999	1.304916381835937	0.021034114062786	0.021034114062786	76.324801440955284
8329.92480468749999	1.365259170532227	0.022462926805019	0.022462926805019	76.324801440955284
8329.96679687499999	1.425848007202148	0.023899994790554	0.023899994790554	76.324801440955284
8330.00878906249999	1.486810684204102	0.025347493588924	0.025347493588924	76.324801440955284
8330.05078124999999	1.547065734863281	0.02678058296442	0.02678058296442	76.324801440955284
8330.09277343749999	1.607671737670898	0.028222352266312	0.028222352266312	76.324801440955284
8330.13476562499999	1.667924880981445	0.029657788574696	0.029657788574696	76.324801440955284
8330.17675781249999	1.72886848449707	0.031110018491745	0.031110018491745	76.324801440955284
8330.21874999999999	1.789466857910156	0.032554350793362	0.032554350793362	76.324801440955284
8330.26074218749999	1.849720001220703	0.033992230892181	0.033992230892181	76.324801440955284
8330.30273437499999	1.910331726074219	0.035438887774944	0.035438887774944	76.324801440955284
8330.34472656249999	1.970573425292969	0.03687708824873	0.03687708824873	76.324801440955284
8330.38671874999999	2.031511306762695	0.038332939147949	0.038332939147949	76.324801440955284
8330.42871093749999	2.092056274414062	0.039779953658581	0.039779953658581	76.324801440955284
8330.47070312499999	2.152297973632812	0.041220903396606	0.041220903396606	76.324801440955284
8330.51269531249999	2.212896347045898	0.042669989168644	0.042669989168644	76.324801440955284
8330.55468749999999	2.273178100585937	0.044111080467701	0.044111080467701	76.324801440955284
8330.59667968749999	2.334089279174805	0.045565895736217	0.045565895736217	76.324801440955284
8330.63867187499999	2.394691467285156	0.047014862298965	0.047014862298965	76.324801440955284
8330.68066406249999	2.454963684082031	0.048459708690643	0.048459708690643	76.324801440955284
8330.72265624999999	2.515548706054687	0.049911513924599	0.049911513924599	76.324801440955284
8330.76464843749999	2.576496124267578	0.051371105015278	0.051371105015278	76.324801440955284
8330.80664062499999	2.636743545532227	0.052813030779362	0.052813030779362	76.324801440955284
8330.84863281249999	2.697332382202148	0.054266810417175	0.054266810417175	76.324801440955284
8330.89062499999999	2.757661819458008	0.055717185139656	0.055717185139656	76.324801440955284
8330.93261718749999	2.818414688110352	0.057175569236279	0.057175569236279	76.324801440955284
8330.97460937499999	2.879493713378906	0.058642007410526	0.058642007410526	76.324801440955284
8331.01562499999999	2.939889907836914	0.060095436871052	0.060095436871052	76.324801440955284
8331.05761718749999	3.000635147094727	0.061565347015858	0.061565347015858	76.324801440955284
