[INFO]
Keithley 2400
Meas Time: 2021/1/19 14:09:25
Params: GPIB address = GPIB0::21::INSTR; DataFile = D:\工艺实验\李傲阳; Compliance  Level (0.1) = 0.100000000000000; Number of Points (5) = 200; Minimum Amplitude (1) = -3.000000000000000; Maximum Amplitude (2) = 3.000000000000000; Timeout (100000 ms) = 100000; Source Mode  (0: Voltage) = 0; 4-wire? = FALSE; delay(S) = 0.000000000000000; Start = ; 

[COMMENT]


[DATA]
time (s)	Voltage (V)	Current (A)	absCurrent (A)	Fitting Resistance (Ohms)

4075.7275390625	-3.000732421875	-0.001311431638896	0.001311431638896	29.707182665543343
4075.76953125	-2.970891952514648	-0.001311638392508	0.001311638392508	29.707182665543343
4075.8115234375	-2.940347671508789	-0.001311504282057	0.001311504282057	29.707182665543343
4075.853515625	-2.910135269165039	-0.001311477273703	0.001311477273703	29.707182665543343
4075.8955078125	-2.879949569702148	-0.001311619766057	0.001311619766057	29.707182665543343
4075.9375	-2.8497314453125	-0.00131141860038	0.00131141860038	29.707182665543343
4075.9794921875	-2.819528579711914	-0.001310872845352	0.001310872845352	29.707182665543343
4076.021484375	-2.789352416992187	-0.001310448162258	0.001310448162258	29.707182665543343
4076.0634765625	-2.759489059448242	-0.001310341060162	0.001310341060162	29.707182665543343
4076.10546875	-2.728918075561523	-0.001310124993324	0.001310124993324	29.707182665543343
4076.1474609375	-2.698802947998047	-0.001309659332037	0.001309659332037	29.707182665543343
4076.189453125	-2.66900634765625	-0.001309008337557	0.001309008337557	29.707182665543343
4076.2314453125	-2.638551712036133	-0.001308488659561	0.001308488659561	29.707182665543343
4076.2734375	-2.608427047729492	-0.001308249309659	0.001308249309659	29.707182665543343
4076.3154296875	-2.578630447387695	-0.001307823695242	0.001307823695242	29.707182665543343
4076.357421875	-2.548158645629883	-0.001307165250182	0.001307165250182	29.707182665543343
4076.3994140625	-2.518041610717773	-0.001306493766606	0.001306493766606	29.707182665543343
4076.44140625	-2.488246917724609	-0.001306062564254	0.001306062564254	29.707182665543343
4076.4833984375	-2.458141326904297	-0.001305676065385	0.001305676065385	29.707182665543343
4076.525390625	-2.427661895751953	-0.001304985955358	0.001304985955358	29.707182665543343
4076.5673828125	-2.397865295410156	-0.001304030418396	0.001304030418396	29.707182665543343
4076.609375	-2.367733001708984	-0.001303511671722	0.001303511671722	29.707182665543343
4076.6513671875	-2.337276458740234	-0.001302930526435	0.001302930526435	29.707182665543343
4076.693359375	-2.307477951049805	-0.001302390359342	0.001302390359342	29.707182665543343
4076.7353515625	-2.277364730834961	-0.001301484182477	0.001301484182477	29.707182665543343
4076.77734375	-2.246896743774414	-0.001300517469645	0.001300517469645	29.707182665543343
4076.8193359375	-2.217100143432617	-0.001299913041294	0.001299913041294	29.707182665543343
4076.861328125	-2.186977386474609	-0.001299166120589	0.001299166120589	29.707182665543343
4076.9033203125	-2.156845092773437	-0.00129840709269	0.00129840709269	29.707182665543343
4076.9453125	-2.126371383666992	-0.001297381706536	0.001297381706536	29.707182665543343
4076.9873046875	-2.096595764160156	-0.001296324655414	0.001296324655414	29.707182665543343
4077.0283203125	-2.066452026367187	-0.001295785419643	0.001295785419643	29.707182665543343
4077.0703125	-2.035978317260742	-0.001294992864132	0.001294992864132	29.707182665543343
4077.1123046875	-2.006269454956055	-0.001293843612075	0.001293843612075	29.707182665543343
4077.154296875	-1.976137161254883	-0.001292650587857	0.001292650587857	29.707182665543343
4077.1962890625	-1.945659637451172	-0.001291851513088	0.001291851513088	29.707182665543343
4077.23828125	-1.915899276733398	-0.001290898770094	0.001290898770094	29.707182665543343
4077.2802734375	-1.885751724243164	-0.0012900037691	0.0012900037691	29.707182665543343
4077.322265625	-1.855960845947266	-0.001288655214012	0.001288655214012	29.707182665543343
4077.3642578125	-1.82550048828125	-0.001287396065891	0.001287396065891	29.707182665543343
4077.40625	-1.795360565185547	-0.001286523416638	0.001286523416638	29.707182665543343
4077.4482421875	-1.765588760375977	-0.001285479404032	0.001285479404032	29.707182665543343
4077.490234375	-1.735116958618164	-0.001284126192331	0.001284126192331	29.707182665543343
4077.5322265625	-1.704973220825195	-0.001282688230276	0.001282688230276	29.707182665543343
4077.57421875	-1.675189971923828	-0.001281509175897	0.001281509175897	29.707182665543343
4077.6162109375	-1.644718170166016	-0.001280190423131	0.001280190423131	29.707182665543343
4077.658203125	-1.614585876464844	-0.00127917714417	0.00127917714417	29.707182665543343
4077.7001953125	-1.584812164306641	-0.001277616247535	0.001277616247535	29.707182665543343
4077.7421875	-1.554677963256836	-0.00127590727061	0.00127590727061	29.707182665543343
4077.7841796875	-1.524202346801758	-0.001274689100683	0.001274689100683	29.707182665543343
4077.826171875	-1.494073867797852	-0.001273404806852	0.001273404806852	29.707182665543343
4077.8681640625	-1.464284896850586	-0.001271739602089	0.001271739602089	29.707182665543343
4077.91015625	-1.433805465698242	-0.001269919797778	0.001269919797778	29.707182665543343
4077.9521484375	-1.403682708740234	-0.001268160529435	0.001268160529435	29.707182665543343
4077.994140625	-1.373886108398437	-0.001266809180379	0.001266809180379	29.707182665543343
4078.0361328125	-1.343418121337891	-0.001265366561711	0.001265366561711	29.707182665543343
4078.078125	-1.313232421875	-0.001263363286853	0.001263363286853	29.707182665543343
4078.1201171875	-1.283376693725586	-0.001261334866285	0.001261334866285	29.707182665543343
4078.162109375	-1.25318717956543	-0.001259479671717	0.001259479671717	29.707182665543343
4078.2041015625	-1.222665786743164	-0.001257680356503	0.001257680356503	29.707182665543343
4078.24609375	-1.192800521850586	-0.001255802810192	0.001255802810192	29.707182665543343
4078.2880859375	-1.162603378295898	-0.001253598369658	0.001253598369658	29.707182665543343
4078.330078125	-1.132055282592773	-0.001251177862287	0.001251177862287	29.707182665543343
4078.3720703125	-1.102195739746094	-0.00124918948859	0.00124918948859	29.707182665543343
4078.4140625	-1.072002410888672	-0.001247101463377	0.001247101463377	29.707182665543343
4078.4560546875	-1.041482925415039	-0.001244746148586	0.001244746148586	29.707182665543343
4078.498046875	-1.011617660522461	-0.001242305152118	0.001242305152118	29.707182665543343
4078.5400390625	-0.981405258178711	-0.001239690929651	0.001239690929651	29.707182665543343
4078.58203125	-0.951574325561523	-0.001237357035279	0.001237357035279	29.707182665543343
4078.6240234375	-0.921014785766602	-0.001234840601683	0.001234840601683	29.707182665543343
4078.666015625	-0.890811920166016	-0.001231987960637	0.001231987960637	29.707182665543343
4078.7080078125	-0.860649108886719	-0.001228930428624	0.001228930428624	29.707182665543343
4078.75	-0.830095291137695	-0.001226146705449	0.001226146705449	29.707182665543343
4078.7919921875	-0.800222396850586	-0.001223355531693	0.001223355531693	29.707182665543343
4078.833984375	-0.770046234130859	-0.001220306381583	0.001220306381583	29.707182665543343
4078.8759765625	-0.739484786987305	-0.001216855831444	0.001216855831444	29.707182665543343
4078.91796875	-0.70965576171875	-0.001213478855789	0.001213478855789	29.707182665543343
4078.9599609375	-0.679449081420898	-0.001210173591971	0.001210173591971	29.707182665543343
4079.001953125	-0.648899078369141	-0.001206764020026	0.001206764020026	29.707182665543343
4079.0439453125	-0.619113922119141	-0.001203184016049	0.001203184016049	29.707182665543343
4079.0859375	-0.58891487121582	-0.001198997721076	0.001198997721076	29.707182665543343
4079.1279296875	-0.559051513671875	-0.001195251941681	0.001195251941681	29.707182665543343
4079.169921875	-0.528526306152344	-0.00119121093303	0.00119121093303	29.707182665543343
4079.2119140625	-0.49833869934082	-0.001187114045024	0.001187114045024	29.707182665543343
4079.25390625	-0.468477249145508	-0.001182611100376	0.001182611100376	29.707182665543343
4079.2958984375	-0.437923431396484	-0.001177785918117	0.001177785918117	29.707182665543343
4079.337890625	-0.407735824584961	-0.001173050142825	0.001173050142825	29.707182665543343
4079.3798828125	-0.377878189086914	-0.001168347895145	0.001168347895145	29.707182665543343
4079.421875	-0.347339630126953	-0.00116319488734	0.00116319488734	29.707182665543343
4079.4638671875	-0.317131042480469	-0.001157518476248	0.001157518476248	29.707182665543343
4079.5048828125	-0.287277221679687	-0.00115177128464	0.00115177128464	29.707182665543343
4079.546875	-0.257078170776367	-0.001145930029452	0.001145930029452	29.707182665543343
4079.5888671875	-0.226545333862305	-0.001139897853136	0.001139897853136	29.707182665543343
4079.630859375	-0.196685791015625	-0.001133503392339	0.001133503392339	29.707182665543343
4079.6728515625	-0.166494369506836	-0.001126348972321	0.001126348972321	29.707182665543343
4079.71484375	-0.135950088500977	-0.001119121909142	0.001119121909142	29.707182665543343
4079.7568359375	-0.105745315551758	-0.001111656427383	0.001111656427383	29.707182665543343
4079.798828125	-0.075895309448242	-0.001103820279241	0.001103820279241	29.707182665543343
4079.8408203125	-0.045339584350586	-0.001094575040042	0.001094575040042	29.707182665543343
4079.8828125	-0.015134811401367	-0.001084066927433	0.001084066927433	29.707182665543343
4079.92578125	0.015323638916016	-0.001070156693459	0.001070156693459	29.707182665543343
4079.9677734375	0.045181274414062	-0.0010478310287	0.0010478310287	29.707182665543343
4080.009765625	0.075746536254883	-0.001003549434245	0.001003549434245	29.707182665543343
4080.0986328125	0.105764389038086	-0.000918083242141	0.000918083242141	29.707182665543343
4080.140625	0.135648727416992	-0.000776738510467	0.000776738510467	29.707182665543343
4080.1826171875	0.166250228881836	-0.000564630725421	0.000564630725421	29.707182665543343
4080.224609375	0.196466445922852	-0.000285178888589	0.000285178888589	29.707182665543343
4080.3173828125	0.226524353027344	7.751314842607826E-5	7.751314842607826E-5	29.707182665543343
4080.453125	0.257040023803711	0.000583258108236	0.000583258108236	29.707182665543343
4080.587890625	0.287132263183594	0.001285373233259	0.001285373233259	29.707182665543343
4080.6298828125	0.3170166015625	0.002252004109323	0.002252004109323	29.707182665543343
4080.671875	0.347240447998047	0.00353564415127	0.00353564415127	29.707182665543343
4080.7138671875	0.37779426574707	0.005098121240735	0.005098121240735	29.707182665543343
4080.755859375	0.407690048217773	0.006823669187725	0.006823669187725	29.707182665543343
4080.7978515625	0.437921524047852	0.008713119663298	0.008713119663298	29.707182665543343
4080.8857421875	0.468301773071289	0.010758459568024	0.010758459568024	29.707182665543343
4080.927734375	0.498510360717773	0.012828171253204	0.012828171253204	29.707182665543343
4080.9697265625	0.528375625610352	0.014936678111553	0.014936678111553	29.707182665543343
4081.01171875	0.558902740478516	0.017136834561825	0.017136834561825	29.707182665543343
4081.0537109375	0.589099884033203	0.019345410168171	0.019345410168171	29.707182665543343
4081.095703125	0.618959426879883	0.021555379033089	0.021555379033089	29.707182665543343
4081.1376953125	0.649099349975586	0.023804873228073	0.023804873228073	29.707182665543343
4081.1796875	0.679656982421875	0.026102215051651	0.026102215051651	29.707182665543343
4081.2216796875	0.709506988525391	0.028359159827232	0.028359159827232	29.707182665543343
4081.263671875	0.739704132080078	0.030651211738586	0.030651211738586	29.707182665543343
4081.3056640625	0.770252227783203	0.032977253198624	0.032977253198624	29.707182665543343
4081.34765625	0.80010986328125	0.035255968570709	0.035255968570709	29.707182665543343
4081.3896484375	0.830316543579102	0.037564612925053	0.037564612925053	29.707182665543343
4081.431640625	0.860862731933594	0.039903566241264	0.039903566241264	29.707182665543343
4081.4736328125	0.890720367431641	0.042188040912151	0.042188040912151	29.707182665543343
4081.515625	0.920907974243164	0.044501207768917	0.044501207768917	29.707182665543343
4081.5576171875	0.950780868530273	0.046789720654488	0.046789720654488	29.707182665543343
4081.599609375	0.981319427490234	0.049128741025925	0.049128741025925	29.707182665543343
4081.6416015625	1.011514663696289	0.051443032920361	0.051443032920361	29.707182665543343
4081.68359375	1.041389465332031	0.053729861974716	0.053729861974716	29.707182665543343
4081.7255859375	1.071920394897461	0.056062288582325	0.056062288582325	29.707182665543343
4081.767578125	1.102121353149414	0.058369092643261	0.058369092643261	29.707182665543343
4081.8095703125	1.131988525390625	0.060646653175354	0.060646653175354	29.707182665543343
4081.8515625	1.162519454956055	0.062973089516163	0.062973089516163	29.707182665543343
4081.892578125	1.192726135253906	0.065272375941277	0.065272375941277	29.707182665543343
4081.9345703125	1.222599029541016	0.067546017467976	0.067546017467976	29.707182665543343
4081.9765625	1.25311279296875	0.069859437644482	0.069859437644482	29.707182665543343
4082.0185546875	1.283317565917969	0.072153136134148	0.072153136134148	29.707182665543343
4082.060546875	1.31352424621582	0.074447594583035	0.074447594583035	29.707182665543343
4082.1025390625	1.343366622924805	0.076720729470253	0.076720729470253	29.707182665543343
4082.14453125	1.373863220214844	0.079024724662304	0.079024724662304	29.707182665543343
4082.1865234375	1.40400505065918	0.081318609416485	0.081318609416485	29.707182665543343
4082.228515625	1.433774948120117	0.083564452826977	0.083564452826977	29.707182665543343
4082.2705078125	1.464260101318359	0.085871756076813	0.085871756076813	29.707182665543343
4082.3125	1.49439811706543	0.088121369481087	0.088121369481087	29.707182665543343
4082.3544921875	1.524188995361328	0.090350568294525	0.090350568294525	29.707182665543343
4082.396484375	1.554658889770508	0.092654794454575	0.092654794454575	29.707182665543343
4082.4384765625	1.584798812866211	0.094913840293884	0.094913840293884	29.707182665543343
4082.48046875	1.614582061767578	0.097129940986633	0.097129940986633	29.707182665543343
4082.5224609375	1.64471435546875	0.099374413490295	0.099374413490295	29.707182665543343
4082.564453125	1.652933120727539	0.100002855062485	0.100002855062485	29.707182665543343
4082.6064453125	1.652902603149414	0.100002452731133	0.100002452731133	29.707182665543343
4082.6484375	1.652687072753906	0.100002452731133	0.100002452731133	29.707182665543343
4082.69140625	1.652437210083008	0.100002452731133	0.100002452731133	29.707182665543343
4082.7333984375	1.652133941650391	0.100002437829971	0.100002437829971	29.707182665543343
4082.775390625	1.651615142822266	0.100002445280552	0.100002445280552	29.707182665543343
4082.8173828125	1.651111602783203	0.100002445280552	0.100002445280552	29.707182665543343
4082.8603515625	1.650777816772461	0.100002445280552	0.100002445280552	29.707182665543343
4082.90234375	1.650014877319336	0.100002430379391	0.100002430379391	29.707182665543343
4082.9443359375	1.650112152099609	0.10000242292881	0.10000242292881	29.707182665543343
4082.986328125	1.649497985839844	0.10000241547823	0.10000241547823	29.707182665543343
4083.029296875	1.649368286132812	0.100002408027649	0.100002408027649	29.707182665543343
4083.0712890625	1.649133682250977	0.100002445280552	0.100002445280552	29.707182665543343
4083.11328125	1.649023056030273	0.100002452731133	0.100002452731133	29.707182665543343
4083.1552734375	1.648868560791016	0.10000241547823	0.10000241547823	29.707182665543343
4083.1982421875	1.648757934570312	0.100002437829971	0.100002437829971	29.707182665543343
4083.240234375	1.648618698120117	0.10000241547823	0.10000241547823	29.707182665543343
4083.2822265625	1.648580551147461	0.100002430379391	0.100002430379391	29.707182665543343
4083.32421875	1.648345947265625	0.100002430379391	0.100002430379391	29.707182665543343
4083.3671875	1.648109436035156	0.100002445280552	0.100002445280552	29.707182665543343
4083.4091796875	1.647867202758789	0.10000242292881	0.10000242292881	29.707182665543343
4083.451171875	1.647796630859375	0.10000241547823	0.10000241547823	29.707182665543343
4083.4931640625	1.647787094116211	0.100002437829971	0.100002437829971	29.707182665543343
4083.5361328125	1.647806167602539	0.100002452731133	0.100002452731133	29.707182665543343
4083.578125	1.647531509399414	0.100002408027649	0.100002408027649	29.707182665543343
4083.6201171875	1.647493362426758	0.100002400577068	0.100002400577068	29.707182665543343
4083.662109375	1.647308349609375	0.100002385675907	0.100002385675907	29.707182665543343
4083.705078125	1.646989822387695	0.10000241547823	0.10000241547823	29.707182665543343
4083.7470703125	1.646852493286133	0.100002437829971	0.100002437829971	29.707182665543343
4083.7890625	1.646678924560547	0.10000242292881	0.10000242292881	29.707182665543343
4083.83203125	1.646738052368164	0.100002460181713	0.100002460181713	29.707182665543343
4083.8740234375	1.646566390991211	0.10000242292881	0.10000242292881	29.707182665543343
4083.916015625	1.646144866943359	0.100002445280552	0.100002445280552	29.707182665543343
4083.9580078125	1.646125793457031	0.100002408027649	0.100002408027649	29.707182665543343
4084.0009765625	1.645872116088867	0.100002400577068	0.100002400577068	29.707182665543343
4084.04296875	1.645944595336914	0.100002393126488	0.100002393126488	29.707182665543343
4084.0849609375	1.645635604858398	0.100002400577068	0.100002400577068	29.707182665543343
4084.126953125	1.645837783813477	0.100002393126488	0.100002393126488	29.707182665543343
4084.169921875	1.64579963684082	0.100002400577068	0.100002400577068	29.707182665543343
4084.2119140625	1.645523071289062	0.100002363324165	0.100002363324165	29.707182665543343
4084.25390625	1.645425796508789	0.100002370774746	0.100002370774746	29.707182665543343
4084.2958984375	1.645284652709961	0.100002370774746	0.100002370774746	29.707182665543343
4084.3388671875	1.645153045654297	0.100002385675907	0.100002385675907	29.707182665543343
4084.380859375	1.645116806030273	0.100002363324165	0.100002363324165	29.707182665543343
4084.4228515625	1.644962310791016	0.100002400577068	0.100002400577068	29.707182665543343
