[INFO]
Keithley 2400
Meas Time: 2021/1/19 14:18:43
Params: GPIB address = GPIB0::21::INSTR; DataFile = D:\工艺实验\李文韬; Compliance  Level (0.1) = 0.100000000000000; Number of Points (5) = 300; Minimum Amplitude (1) = -3.000000000000000; Maximum Amplitude (2) = 3.000000000000000; Timeout (100000 ms) = 100000; Source Mode  (0: Voltage) = 0; 4-wire? = FALSE; delay(S) = 0.000000000000000; Start = ; 

[COMMENT]


[DATA]
time (s)	Voltage (V)	Current (A)	absCurrent (A)	Fitting Resistance (Ohms)

4628.95019531249999	-3.000724792480469	-0.000167763093486	0.000167763093486	30.871763072640746
4628.99218749999999	-2.980844497680664	-0.000167732243426	0.000167732243426	30.871763072640746
4629.03417968749999	-2.960599899291992	-0.000167686259374	0.000167686259374	30.871763072640746
4629.07617187499999	-2.940677642822266	-0.000167618389241	0.000167618389241	30.871763072640746
4629.11816406249999	-2.920097351074219	-0.000167496851645	0.000167496851645	30.871763072640746
4629.16015624999999	-2.900190353393555	-0.000167372752912	0.000167372752912	30.871763072640746
4629.20214843749999	-2.879945755004883	-0.000167259247974	0.000167259247974	30.871763072640746
4629.24414062499999	-2.860038757324219	-0.000167148071341	0.000167148071341	30.871763072640746
4629.28613281249999	-2.840127944946289	-0.000167015125044	0.000167015125044	30.871763072640746
4629.32812499999999	-2.819879531860352	-0.000166868208908	0.000166868208908	30.871763072640746
4629.37011718749999	-2.799995422363281	-0.000166707322933	0.000166707322933	30.871763072640746
4629.41210937499999	-2.780088424682617	-0.000166589277796	0.000166589277796	30.871763072640746
4629.45410156249999	-2.759490966796875	-0.000166434678249	0.000166434678249	30.871763072640746
4629.49609374999999	-2.739578247070312	-0.000166263431311	0.000166263431311	30.871763072640746
4629.53808593749999	-2.719329833984375	-0.000166096258909	0.000166096258909	30.871763072640746
4629.58007812499999	-2.699493408203125	-0.000165952369571	0.000165952369571	30.871763072640746
4629.62207031249999	-2.679281234741211	-0.000165792531334	0.000165792531334	30.871763072640746
4629.66406249999999	-2.659431457519531	-0.000165612786077	0.000165612786077	30.871763072640746
4629.70605468749999	-2.639581680297852	-0.000165418838151	0.000165418838151	30.871763072640746
4629.74804687499999	-2.619054794311523	-0.000165246194229	0.000165246194229	30.871763072640746
4629.79003906249999	-2.599176406860352	-0.000165080651641	0.000165080651641	30.871763072640746
4629.83203124999999	-2.578981399536133	-0.00016488682013	0.00016488682013	30.871763072640746
4629.87402343749999	-2.559122085571289	-0.000164686236531	0.000164686236531	30.871763072640746
4629.91601562499999	-2.539268493652344	-0.000164493336342	0.000164493336342	30.871763072640746
4629.95800781249999	-2.519073486328125	-0.00016431894619	0.00016431894619	30.871763072640746
4629.99999999999999	-2.499197006225586	-0.000164125696756	0.000164125696756	30.871763072640746
4630.04199218749999	-2.47900390625	-0.000163915217854	0.000163915217854	30.871763072640746
4630.08398437499999	-2.458822250366211	-0.000163681921549	0.000163681921549	30.871763072640746
4630.12597656249999	-2.438625335693359	-0.000163498916663	0.000163498916663	30.871763072640746
4630.16796874999999	-2.418758392333984	-0.000163304968737	0.000163304968737	30.871763072640746
4630.20996093749999	-2.398900985717773	-0.00016307819169	0.00016307819169	30.871763072640746
4630.25195312499999	-2.378698348999023	-0.000162830459885	0.000162830459885	30.871763072640746
4630.29394531249999	-2.358852386474609	-0.000162626150995	0.000162626150995	30.871763072640746
4630.33593749999999	-2.338649749755859	-0.000162420561537	0.000162420561537	30.871763072640746
4630.37792968749999	-2.318445205688477	-0.00016218482051	0.00016218482051	30.871763072640746
4630.41992187499999	-2.298246383666992	-0.000161936157383	0.000161936157383	30.871763072640746
4630.46191406249999	-2.278400421142578	-0.000161702977493	0.000161702977493	30.871763072640746
4630.50390624999999	-2.258546829223633	-0.000161491450854	0.000161491450854	30.871763072640746
4630.54589843749999	-2.238348007202148	-0.000161248841323	0.000161248841323	30.871763072640746
4630.58789062499999	-2.218481063842773	-0.000160996802151	0.000160996802151	30.871763072640746
4630.62988281249999	-2.198612213134766	-0.00016074127052	0.00016074127052	30.871763072640746
4630.67187499999999	-2.178432464599609	-0.000160489580594	0.000160489580594	30.871763072640746
4630.71386718749999	-2.157875061035156	-0.000160249648616	0.000160249648616	30.871763072640746
4630.75488281249999	-2.138023376464844	-0.000159998307936	0.000159998307936	30.871763072640746
4630.79687499999999	-2.118148803710937	-0.000159714138135	0.000159714138135	30.871763072640746
4630.83886718749999	-2.097976684570312	-0.000159443006851	0.000159443006851	30.871763072640746
4630.88085937499999	-2.078115463256836	-0.000159196555614	0.000159196555614	30.871763072640746
4630.92285156249999	-2.058242797851562	-0.000158940674737	0.000158940674737	30.871763072640746
4630.96484374999999	-2.038047790527344	-0.000158638809808	0.000158638809808	30.871763072640746
4631.00683593749999	-2.01756477355957	-0.000158343580551	0.000158343580551	30.871763072640746
4631.04882812499999	-1.997724533081055	-0.000158081064001	0.000158081064001	30.871763072640746
4631.09082031249999	-1.977851867675781	-0.000157812261023	0.000157812261023	30.871763072640746
4631.13281249999999	-1.957653045654297	-0.000157502712682	0.000157502712682	30.871763072640746
4631.17480468749999	-1.937799453735352	-0.000157194910571	0.000157194910571	30.871763072640746
4631.21679687499999	-1.917961120605469	-0.000156913418323	0.000156913418323	30.871763072640746
4631.25878906249999	-1.897737503051758	-0.000156619120389	0.000156619120389	30.871763072640746
4631.30078124999999	-1.877883911132812	-0.000156306428835	0.000156306428835	30.871763072640746
4631.34277343749999	-1.857330322265625	-0.000155984424055	0.000155984424055	30.871763072640746
4631.38476562499999	-1.837480545043945	-0.000155679415911	0.000155679415911	30.871763072640746
4631.42675781249999	-1.817281723022461	-0.000155359972268	0.000155359972268	30.871763072640746
4631.46874999999999	-1.797418594360352	-0.000155054964125	0.000155054964125	30.871763072640746
4631.51074218749999	-1.777563095092773	-0.000154712470248	0.000154712470248	30.871763072640746
4631.55273437499999	-1.757377624511719	-0.000154366483912	0.000154366483912	30.871763072640746
4631.59472656249999	-1.737525939941406	-0.000154045643285	0.000154045643285	30.871763072640746
4631.63671874999999	-1.716970443725586	-0.000153705244884	0.000153705244884	30.871763072640746
4631.67871093749999	-1.697109222412109	-0.00015335669741	0.00015335669741	30.871763072640746
4631.72070312499999	-1.676902770996094	-0.000152984051965	0.000152984051965	30.871763072640746
4631.76269531249999	-1.657060623168945	-0.000152642955072	0.000152642955072	30.871763072640746
4631.80468749999999	-1.63719367980957	-0.000152313848957	0.000152313848957	30.871763072640746
4631.84667968749999	-1.616998672485352	-0.000151932938024	0.000151932938024	30.871763072640746
4631.88867187499999	-1.597116470336914	-0.000151556567289	0.000151556567289	30.871763072640746
4631.93066406249999	-1.576606750488281	-0.000151162268594	0.000151162268594	30.871763072640746
4631.97265624999999	-1.556745529174805	-0.000150797888637	0.000150797888637	30.871763072640746
4632.01464843749999	-1.536533355712891	-0.000150427571498	0.000150427571498	30.871763072640746
4632.05664062499999	-1.516679763793945	-0.000150021049194	0.000150021049194	30.871763072640746
4632.09863281249999	-1.496816635131836	-0.000149626401253	0.000149626401253	30.871763072640746
4632.14062499999999	-1.476615905761719	-0.000149235944264	0.000149235944264	30.871763072640746
4632.18261718749999	-1.456762313842773	-0.000148847815581	0.000148847815581	30.871763072640746
4632.22460937499999	-1.436895370483398	-0.000148435472511	0.000148435472511	30.871763072640746
4632.26660156249999	-1.416343688964844	-0.000147986225784	0.000147986225784	30.871763072640746
4632.30859374999999	-1.396512985229492	-0.00014757423196	0.00014757423196	30.871763072640746
4632.35058593749999	-1.376308441162109	-0.000147164100781	0.000147164100781	30.871763072640746
4632.39257812499999	-1.356426239013672	-0.000146729988046	0.000146729988046	30.871763072640746
4632.43457031249999	-1.336231231689453	-0.000146276317537	0.000146276317537	30.871763072640746
4632.47656249999999	-1.316333770751953	-0.000145831378177	0.000145831378177	30.871763072640746
4632.51855468749999	-1.296453475952148	-0.00014539307449	0.00014539307449	30.871763072640746
4632.56054687499999	-1.275846481323242	-0.00014492997434	0.00014492997434	30.871763072640746
4632.60253906249999	-1.255947113037109	-0.000144452322274	0.000144452322274	30.871763072640746
4632.64453124999999	-1.235713958740234	-0.000143960816786	0.000143960816786	30.871763072640746
4632.68652343749999	-1.215816497802734	-0.000143511570059	0.000143511570059	30.871763072640746
4632.72851562499999	-1.195552825927734	-0.000143014243804	0.000143014243804	30.871763072640746
4632.77050781249999	-1.175651550292969	-0.000142522389069	0.000142522389069	30.871763072640746
4632.81249999999999	-1.155736923217773	-0.000142009812407	0.000142009812407	30.871763072640746
4632.85449218749999	-1.135503768920898	-0.000141505850479	0.000141505850479	30.871763072640746
4632.89648437499999	-1.115261077880859	-0.000140993157402	0.000140993157402	30.871763072640746
4632.93847656249999	-1.095001220703125	-0.000140473828651	0.000140473828651	30.871763072640746
4632.98046874999999	-1.075092315673828	-0.000139920623042	0.000139920623042	30.871763072640746
4633.02246093749999	-1.055217742919922	-0.000139385811053	0.000139385811053	30.871763072640746
4633.06347656249999	-1.034961700439453	-0.000138845760375	0.000138845760375	30.871763072640746
4633.10546874999999	-1.015052795410156	-0.000138317118399	0.000138317118399	30.871763072640746
4633.14746093749999	-0.994800567626953	-0.000137742143124	0.000137742143124	30.871763072640746
4633.18945312499999	-0.97454833984375	-0.000137150636874	0.000137150636874	30.871763072640746
4633.23144531249999	-0.954309463500977	-0.000136564718559	0.000136564718559	30.871763072640746
4633.27343749999999	-0.934408187866211	-0.000136005342938	0.000136005342938	30.871763072640746
4633.31542968749999	-0.914505004882812	-0.0001354055712	0.0001354055712	30.871763072640746
4633.35742187499999	-0.894252777099609	-0.000134777626954	0.000134777626954	30.871763072640746
4633.39941406249999	-0.874361038208008	-0.000134164234623	0.000134164234623	30.871763072640746
4633.44140624999999	-0.854448318481445	-0.00013355538249	0.00013355538249	30.871763072640746
4633.48339843749999	-0.834203720092773	-0.000132925226353	0.000132925226353	30.871763072640746
4633.52539062499999	-0.813625335693359	-0.000132246059366	0.000132246059366	30.871763072640746
4633.56738281249999	-0.793716430664062	-0.000131581909955	0.000131581909955	30.871763072640746
4633.60937499999999	-0.773818969726562	-0.00013093650341	0.00013093650341	30.871763072640746
4633.65136718749999	-0.753562927246094	-0.000130262924358	0.000130262924358	30.871763072640746
4633.69335937499999	-0.73365592956543	-0.00012956163846	0.00012956163846	30.871763072640746
4633.73535156249999	-0.713735580444336	-0.000128857558593	0.000128857558593	30.871763072640746
4633.77734374999999	-0.693513870239258	-0.000128148356453	0.000128148356453	30.871763072640746
4633.81933593749999	-0.672927856445312	-0.000127420760691	0.000127420760691	30.871763072640746
4633.86132812499999	-0.653011322021484	-0.000126682338305	0.000126682338305	30.871763072640746
4633.90332031249999	-0.633102416992187	-0.000125919817947	0.000125919817947	30.871763072640746
4633.94531249999999	-0.612922668457031	-0.000125154620036	0.000125154620036	30.871763072640746
4633.98730468749999	-0.593027114868164	-0.000124399433844	0.000124399433844	30.871763072640746
4634.02929687499999	-0.5731201171875	-0.000123621313833	0.000123621313833	30.871763072640746
4634.07128906249999	-0.552879333496094	-0.000122791621834	0.000122791621834	30.871763072640746
4634.11328124999999	-0.532976150512695	-0.000121975666843	0.000121975666843	30.871763072640746
4634.15527343749999	-0.51240348815918	-0.000121129443869	0.000121129443869	30.871763072640746
4634.19726562499999	-0.492486953735352	-0.000120300333947	0.000120300333947	30.871763072640746
4634.23925781249999	-0.472232818603516	-0.000119414762594	0.000119414762594	30.871763072640746
4634.28124999999999	-0.452322006225586	-0.000118526862934	0.000118526862934	30.871763072640746
4634.32324218749999	-0.432428359985352	-0.000117643852718	0.000117643852718	30.871763072640746
4634.36523437499999	-0.412193298339844	-0.000116737908684	0.000116737908684	30.871763072640746
4634.40722656249999	-0.392276763916016	-0.000115804839879	0.000115804839879	30.871763072640746
4634.44921874999999	-0.371679306030273	-0.000114814261906	0.000114814261906	30.871763072640746
4634.49121093749999	-0.351799011230469	-0.000113840214908	0.000113840214908	30.871763072640746
4634.53320312499999	-0.331560134887695	-0.000112852081656	0.000112852081656	30.871763072640746
4634.57519531249999	-0.3116455078125	-0.000111855915748	0.000111855915748	30.871763072640746
4634.61718749999999	-0.291738510131836	-0.000110817374662	0.000110817374662	30.871763072640746
4634.65917968749999	-0.271482467651367	-0.000109741813503	0.000109741813503	30.871763072640746
4634.70117187499999	-0.251592636108398	-0.000108683132567	0.000108683132567	30.871763072640746
4634.74316406249999	-0.231679916381836	-0.000107588595711	0.000107588595711	30.871763072640746
4634.78515624999999	-0.211082458496094	-0.000106435269117	0.000106435269117	30.871763072640746
4634.82714843749999	-0.190834045410156	-0.00010525889229	0.00010525889229	30.871763072640746
4634.86914062499999	-0.170951843261719	-0.000104068079963	0.000104068079963	30.871763072640746
4634.91113281249999	-0.151052474975586	-0.000102886580862	0.000102886580862	30.871763072640746
4634.95312499999999	-0.130794525146484	-0.000101637211628	0.000101637211628	30.871763072640746
4634.99414062499999	-0.110891342163086	-0.000100365956314	0.000100365956314	30.871763072640746
4635.08789062499999	-0.091201782226562	-9.907873754855245E-5	9.907873754855245E-5	30.871763072640746
4635.12988281249999	-0.07060432434082	-9.7696203738451E-5	9.7696203738451E-5	30.871763072640746
4635.17187499999999	-0.050691604614258	-9.633561421651393E-5	9.633561421651393E-5	30.871763072640746
4635.21386718749999	-0.030445098876953	-9.491681703366339E-5	9.491681703366339E-5	30.871763072640746
4635.25585937499999	-0.01054573059082	-9.346705337520689E-5	9.346705337520689E-5	30.871763072640746
4635.29785156249999	0.010038375854492	-9.190861601382494E-5	9.190861601382494E-5	30.871763072640746
4635.33984374999999	0.030290603637695	-9.030725050251931E-5	9.030725050251931E-5	30.871763072640746
4635.38183593749999	0.050182342529297	-8.866602729540318E-5	8.866602729540318E-5	30.871763072640746
4635.42382812499999	0.070096969604492	-8.689665992278606E-5	8.689665992278606E-5	30.871763072640746
4635.46582031249999	0.090692520141602	-8.480876567773521E-5	8.480876567773521E-5	30.871763072640746
4635.50781249999999	0.110589981079102	-8.234893903136253E-5	8.234893903136253E-5	30.871763072640746
4635.54980468749999	0.130844116210937	-7.896448369137943E-5	7.896448369137943E-5	30.871763072640746
4635.59179687499999	0.1507568359375	-7.389103120658547E-5	7.389103120658547E-5	30.871763072640746
4635.63378906249999	0.170688629150391	-6.519573798868805E-5	6.519573798868805E-5	30.871763072640746
4635.67578124999999	0.19096565246582	-4.876614548265934E-5	4.876614548265934E-5	30.871763072640746
4635.71777343749999	0.210926055908203	-1.772114774212241E-5	1.772114774212241E-5	30.871763072640746
4635.75976562499999	0.231637954711914	4.216043453197926E-5	4.216043453197926E-5	30.871763072640746
4635.89550781249999	0.251487731933594	0.000171196064912	0.000171196064912	30.871763072640746
4635.93749999999999	0.271762847900391	0.000389181426726	0.000389181426726	30.871763072640746
4635.97949218749999	0.291728973388672	0.000742003205232	0.000742003205232	30.871763072640746
4636.11425781249999	0.311517715454102	0.001286492682993	0.001286492682993	30.871763072640746
4636.15527343749999	0.331785202026367	0.001994146965444	0.001994146965444	30.871763072640746
4636.19726562499999	0.351718902587891	0.002846197225153	0.002846197225153	30.871763072640746
4636.23925781249999	0.371610641479492	0.003822577185929	0.003822577185929	30.871763072640746
4636.28124999999999	0.392219543457031	0.004938459955156	0.004938459955156	30.871763072640746
4636.32324218749999	0.412492752075195	0.006116737611592	0.006116737611592	30.871763072640746
4636.36523437499999	0.432432174682617	0.007337880786508	0.007337880786508	30.871763072640746
4636.40722656249999	0.452350616455078	0.008607441559434	0.008607441559434	30.871763072640746
4636.44921874999999	0.472631454467773	0.009940854273736	0.009940854273736	30.871763072640746
4636.53710937499999	0.492345809936523	0.011300541460514	0.011300541460514	30.871763072640746
4636.57910156249999	0.512262344360352	0.012666009366512	0.012666009366512	30.871763072640746
4636.62109374999999	0.53285026550293	0.014102779328823	0.014102779328823	30.871763072640746
4636.66308593749999	0.553081512451172	0.015536151826382	0.015536151826382	30.871763072640746
4636.70507812499999	0.572986602783203	0.016960620880127	0.016960620880127	30.871763072640746
4636.74707031249999	0.592897415161133	0.018399305641651	0.018399305641651	30.871763072640746
4636.78906249999999	0.613138198852539	0.019872792065144	0.019872792065144	30.871763072640746
4636.83105468749999	0.633037567138672	0.021330781280994	0.021330781280994	30.871763072640746
4636.87304687499999	0.65289306640625	0.022790670394897	0.022790670394897	30.871763072640746
4636.91503906249999	0.673139572143555	0.02428862452507	0.02428862452507	30.871763072640746
4636.95703124999999	0.693399429321289	0.025792337954044	0.025792337954044	30.871763072640746
4636.99902343749999	0.713645935058594	0.027298614382744	0.027298614382744	30.871763072640746
4637.04101562499999	0.733530044555664	0.028783939778805	0.028783939778805	30.871763072640746
4637.08300781249999	0.753789901733398	0.030297502875328	0.030297502875328	30.871763072640746
4637.12499999999999	0.773696899414062	0.031789764761925	0.031789764761925	30.871763072640746
4637.16699218749999	0.793598175048828	0.03328013420105	0.03328013420105	30.871763072640746
4637.20898437499999	0.813846588134766	0.034810334444046	0.034810334444046	30.871763072640746
4637.25097656249999	0.834102630615234	0.036331124603748	0.036331124603748	30.871763072640746
4637.29296874999999	0.854347229003906	0.037851542234421	0.037851542234421	30.871763072640746
4637.33496093749999	0.874279022216797	0.039345517754555	0.039345517754555	30.871763072640746
4637.37695312499999	0.894172668457031	0.040845148265362	0.040845148265362	30.871763072640746
4637.41894531249999	0.914407730102539	0.042367979884148	0.042367979884148	30.871763072640746
4637.46093749999999	0.934307098388672	0.043864220380783	0.043864220380783	30.871763072640746
4637.50292968749999	0.954572677612305	0.045378692448139	0.045378692448139	30.871763072640746
4637.54492187499999	0.974468231201172	0.046864084899426	0.046864084899426	30.871763072640746
4637.58691406249999	0.995050430297852	0.048407517373562	0.048407517373562	30.871763072640746
4637.62890624999999	1.014959335327148	0.049889966845512	0.049889966845512	30.871763072640746
4637.67089843749999	1.034879684448242	0.051371030509472	0.051371030509472	30.871763072640746
4637.71289062499999	1.055130004882812	0.052875630557537	0.052875630557537	30.871763072640746
4637.75488281249999	1.075014114379883	0.05434463173151	0.05434463173151	30.871763072640746
4637.79687499999999	1.094936370849609	0.055815666913986	0.055815666913986	30.871763072640746
4637.83886718749999	1.11517333984375	0.05730652064085	0.05730652064085	30.871763072640746
4637.88085937499999	1.135778427124023	0.058833546936512	0.058833546936512	30.871763072640746
4637.92187499999999	1.155677795410156	0.060284353792667	0.060284353792667	30.871763072640746
4637.96386718749999	1.175588607788086	0.061726659536362	0.061726659536362	30.871763072640746
4638.00585937499999	1.195831298828125	0.063239134848118	0.063239134848118	30.871763072640746
4638.04785156249999	1.215755462646484	0.064682878553867	0.064682878553867	30.871763072640746
4638.08984374999999	1.235652923583984	0.066127277910709	0.066127277910709	30.871763072640746
4638.13183593749999	1.255882263183594	0.067589022219181	0.067589022219181	30.871763072640746
4638.17382812499999	1.276472091674805	0.069061376154423	0.069061376154423	30.871763072640746
4638.21582031249999	1.296382904052734	0.070495195686817	0.070495195686817	30.871763072640746
4638.25781249999999	1.316287994384766	0.071894340217113	0.071894340217113	30.871763072640746
4638.29980468749999	1.336532592773437	0.073375552892685	0.073375552892685	30.871763072640746
4638.34179687499999	1.356410980224609	0.074727542698383	0.074727542698383	30.871763072640746
4638.38378906249999	1.376279830932617	0.076134696602821	0.076134696602821	30.871763072640746
4638.42578124999999	1.396495819091797	0.077511623501778	0.077511623501778	30.871763072640746
4638.46777343749999	1.416353225708008	0.078844144940376	0.078844144940376	30.871763072640746
4638.50976562499999	1.436882019042969	0.080243699252605	0.080243699252605	30.871763072640746
4638.55175781249999	1.456737518310547	0.081666760146618	0.081666760146618	30.871763072640746
4638.59374999999999	1.476953506469727	0.083016164600849	0.083016164600849	30.871763072640746
4638.63574218749999	1.496810913085937	0.084246024489403	0.084246024489403	30.871763072640746
4638.67773437499999	1.51666259765625	0.085477225482464	0.085477225482464	30.871763072640746
4638.71972656249999	1.53687858581543	0.086822487413883	0.086822487413883	30.871763072640746
4638.76171874999999	1.556735992431641	0.088097207248211	0.088097207248211	30.871763072640746
4638.80371093749999	1.577293395996094	0.089434906840324	0.089434906840324	30.871763072640746
4638.84570312499999	1.597139358520508	0.090676262974739	0.090676262974739	30.871763072640746
4638.88769531249999	1.616996765136719	0.091988727450371	0.091988727450371	30.871763072640746
4638.92871093749999	1.637189865112305	0.093256890773773	0.093256890773773	30.871763072640746
4638.97070312499999	1.657062530517578	0.09443961083889	0.09443961083889	30.871763072640746
4639.01269531249999	1.677263259887695	0.095624893903732	0.095624893903732	30.871763072640746
4639.05468749999999	1.697109222412109	0.096805810928345	0.096805810928345	30.871763072640746
4639.09667968749999	1.71697998046875	0.097968488931656	0.097968488931656	30.871763072640746
4639.13867187499999	1.737527847290039	0.099189840257168	0.099189840257168	30.871763072640746
4639.18066406249999	1.750068664550781	0.100002221763134	0.100002221763134	30.871763072640746
4639.22265624999999	1.749683380126953	0.100002527236938	0.100002527236938	30.871763072640746
4639.26562499999999	1.749650955200195	0.100002512335777	0.100002512335777	30.871763072640746
4639.30761718749999	1.750280380249023	0.100002489984035	0.100002489984035	30.871763072640746
4639.34960937499999	1.750032424926758	0.100002512335777	0.100002512335777	30.871763072640746
4639.39160156249999	1.749664306640625	0.100002519786358	0.100002519786358	30.871763072640746
4639.43457031249999	1.750015258789062	0.100002519786358	0.100002519786358	30.871763072640746
4639.47656249999999	1.749567031860352	0.100002489984035	0.100002489984035	30.871763072640746
4639.51855468749999	1.749111175537109	0.100002430379391	0.100002430379391	30.871763072640746
4639.56054687499999	1.749336242675781	0.100002497434616	0.100002497434616	30.871763072640746
4639.60351562499999	1.749198913574219	0.100002437829971	0.100002437829971	30.871763072640746
4639.64550781249999	1.748788833618164	0.100002475082874	0.100002475082874	30.871763072640746
4639.68749999999999	1.748699188232422	0.100002475082874	0.100002475082874	30.871763072640746
4639.72949218749999	1.749404907226562	0.100002452731133	0.100002452731133	30.871763072640746
4639.77246093749999	1.749444961547852	0.100002475082874	0.100002475082874	30.871763072640746
4639.81445312499999	1.749689102172852	0.100002460181713	0.100002460181713	30.871763072640746
4639.85644531249999	1.749710083007812	0.10000242292881	0.10000242292881	30.871763072640746
4639.89843749999999	1.749429702758789	0.100002437829971	0.100002437829971	30.871763072640746
4639.94042968749999	1.749731063842773	0.10000241547823	0.10000241547823	30.871763072640746
4639.98339843749999	1.749177932739258	0.100002437829971	0.100002437829971	30.871763072640746
4640.02539062499999	1.74937629699707	0.100002437829971	0.100002437829971	30.871763072640746
4640.06738281249999	1.749526977539062	0.100002504885197	0.100002504885197	30.871763072640746
4640.10937499999999	1.748836517333984	0.10000241547823	0.10000241547823	30.871763072640746
4640.15234374999999	1.749113082885742	0.10000241547823	0.10000241547823	30.871763072640746
4640.19433593749999	1.749242782592773	0.100002467632294	0.100002467632294	30.871763072640746
4640.23632812499999	1.749151229858398	0.100002430379391	0.100002430379391	30.871763072640746
4640.27832031249999	1.748956680297852	0.10000242292881	0.10000242292881	30.871763072640746
4640.32128906249999	1.748977661132812	0.100002445280552	0.100002445280552	30.871763072640746
4640.36328124999999	1.748893737792969	0.10000242292881	0.10000242292881	30.871763072640746
4640.40527343749999	1.748863220214844	0.100002437829971	0.100002437829971	30.871763072640746
4640.44726562499999	1.748531341552734	0.100002445280552	0.100002445280552	30.871763072640746
4640.49023437499999	1.749181747436523	0.100002430379391	0.100002430379391	30.871763072640746
4640.53222656249999	1.748357772827148	0.100002437829971	0.100002437829971	30.871763072640746
4640.57421874999999	1.748577117919922	0.10000242292881	0.10000242292881	30.871763072640746
4640.61621093749999	1.748584747314453	0.100002430379391	0.100002430379391	30.871763072640746
4640.65917968749999	1.748481750488281	0.100002452731133	0.100002452731133	30.871763072640746
4640.70117187499999	1.748418807983398	0.100002445280552	0.100002445280552	30.871763072640746
4640.74316406249999	1.748538970947266	0.100002437829971	0.100002437829971	30.871763072640746
4640.78515624999999	1.748699188232422	0.100002430379391	0.100002430379391	30.871763072640746
4640.82812499999999	1.748405456542969	0.100002452731133	0.100002452731133	30.871763072640746
4640.87011718749999	1.748212814331055	0.100002437829971	0.100002437829971	30.871763072640746
4640.91210937499999	1.748577117919922	0.100002475082874	0.100002475082874	30.871763072640746
4640.95410156249999	1.748424530029297	0.100002452731133	0.100002452731133	30.871763072640746
4640.99707031249999	1.748565673828125	0.100002482533455	0.100002482533455	30.871763072640746
4641.03906249999999	1.748777389526367	0.100002460181713	0.100002460181713	30.871763072640746
4641.08105468749999	1.748859405517578	0.100002482533455	0.100002482533455	30.871763072640746
4641.12304687499999	1.74858283996582	0.100002445280552	0.100002445280552	30.871763072640746
4641.16601562499999	1.748817443847656	0.100002489984035	0.100002489984035	30.871763072640746
4641.20800781249999	1.748735427856445	0.100002497434616	0.100002497434616	30.871763072640746
4641.24999999999999	1.74882698059082	0.100002482533455	0.100002482533455	30.871763072640746
4641.29199218749999	1.749151229858398	0.100002460181713	0.100002460181713	30.871763072640746
4641.33496093749999	1.749057769775391	0.100002482533455	0.100002482533455	30.871763072640746
4641.37695312499999	1.748937606811523	0.100002489984035	0.100002489984035	30.871763072640746
4641.41894531249999	1.74822998046875	0.100002512335777	0.100002512335777	30.871763072640746
4641.46093749999999	1.748008728027344	0.100002527236938	0.100002527236938	30.871763072640746
4641.50390624999999	1.748136520385742	0.100002489984035	0.100002489984035	30.871763072640746
4641.54589843749999	1.74830436706543	0.100002437829971	0.100002437829971	30.871763072640746
4641.58789062499999	1.748435974121094	0.100002467632294	0.100002467632294	30.871763072640746
4641.62988281249999	1.748771667480469	0.100002467632294	0.100002467632294	30.871763072640746
4641.67285156249999	1.748743057250977	0.100002460181713	0.100002460181713	30.871763072640746
4641.71484374999999	1.748485565185547	0.100002467632294	0.100002467632294	30.871763072640746
4641.75683593749999	1.748464584350586	0.100002467632294	0.100002467632294	30.871763072640746
4641.79882812499999	1.748329162597656	0.100002475082874	0.100002475082874	30.871763072640746
