[INFO]
Keithley 2400
Meas Time: 2021/1/19 14:10:39
Params: GPIB address = GPIB0::21::INSTR; DataFile = D:\工艺实验\李秋艳; Compliance  Level (0.1) = 0.100000000000000; Number of Points (5) = 300; Minimum Amplitude (1) = -3.000000000000000; Maximum Amplitude (2) = 3.000000000000000; Timeout (100000 ms) = 100000; Source Mode  (0: Voltage) = 0; 4-wire? = FALSE; delay(S) = 0.000000000000000; Start = ; 

[COMMENT]


[DATA]
time (s)	Voltage (V)	Current (A)	absCurrent (A)	Fitting Resistance (Ohms)

4145.2548828125	-3.000717163085937	-0.00110125169158	0.00110125169158	29.178475447444352
4145.296875	-2.980840682983398	-0.001101742498577	0.001101742498577	29.178475447444352
4145.3388671875	-2.960590362548828	-0.001101915724576	0.001101915724576	29.178475447444352
4145.380859375	-2.940681457519531	-0.001102078706026	0.001102078706026	29.178475447444352
4145.4228515625	-2.920089721679687	-0.00110238045454	0.00110238045454	29.178475447444352
4145.46484375	-2.900173187255859	-0.001102689653635	0.001102689653635	29.178475447444352
4145.5068359375	-2.879938125610352	-0.001102671027184	0.001102671027184	29.178475447444352
4145.548828125	-2.860023498535156	-0.001102576963603	0.001102576963603	29.178475447444352
4145.5908203125	-2.840124130249023	-0.001102643087506	0.001102643087506	29.178475447444352
4145.6328125	-2.819868087768555	-0.001102929003537	0.001102929003537	29.178475447444352
4145.6748046875	-2.799983978271484	-0.001102824695408	0.001102824695408	29.178475447444352
4145.716796875	-2.780067443847656	-0.00110265891999	0.00110265891999	29.178475447444352
4145.7587890625	-2.75947380065918	-0.001102600246668	0.001102600246668	29.178475447444352
4145.80078125	-2.739572525024414	-0.001102796755731	0.001102796755731	29.178475447444352
4145.8427734375	-2.719320297241211	-0.00110290851444	0.00110290851444	29.178475447444352
4145.884765625	-2.699483871459961	-0.001102595590055	0.001102595590055	29.178475447444352
4145.9267578125	-2.679271697998047	-0.00110241305083	0.00110241305083	29.178475447444352
4145.96875	-2.659418106079102	-0.001102468930185	0.001102468930185	29.178475447444352
4146.0107421875	-2.639572143554687	-0.001102523878217	0.001102523878217	29.178475447444352
4146.052734375	-2.619035720825195	-0.001102377660573	0.001102377660573	29.178475447444352
4146.0947265625	-2.599174499511719	-0.001102102920413	0.001102102920413	29.178475447444352
4146.13671875	-2.578962326049805	-0.001101771369576	0.001101771369576	29.178475447444352
4146.1787109375	-2.559103012084961	-0.001101905480027	0.001101905480027	29.178475447444352
4146.220703125	-2.539253234863281	-0.001102134585381	0.001102134585381	29.178475447444352
4146.2626953125	-2.519054412841797	-0.001101952046156	0.001101952046156	29.178475447444352
4146.3046875	-2.499179840087891	-0.001101513393223	0.001101513393223	29.178475447444352
4146.3466796875	-2.478996276855469	-0.001101431436837	0.001101431436837	29.178475447444352
4146.388671875	-2.458806991577148	-0.001101494766772	0.001101494766772	29.178475447444352
4146.4306640625	-2.43861198425293	-0.001101362518966	0.001101362518966	29.178475447444352
4146.47265625	-2.418745040893555	-0.001101085916162	0.001101085916162	29.178475447444352
4146.5146484375	-2.398883819580078	-0.001100749708712	0.001100749708712	29.178475447444352
4146.5556640625	-2.37867546081543	-0.001100934110582	0.001100934110582	29.178475447444352
4146.59765625	-2.35882568359375	-0.001100976020098	0.001100976020098	29.178475447444352
4146.6396484375	-2.338634490966797	-0.00110072735697	0.00110072735697	29.178475447444352
4146.681640625	-2.318429946899414	-0.001100330613554	0.001100330613554	29.178475447444352
4146.7236328125	-2.298225402832031	-0.001100181601942	0.001100181601942	29.178475447444352
4146.765625	-2.278379440307617	-0.00110025331378	0.00110025331378	29.178475447444352
4146.8076171875	-2.258529663085937	-0.001100078225136	0.001100078225136	29.178475447444352
4146.849609375	-2.238323211669922	-0.001099714078009	0.001099714078009	29.178475447444352
4146.8916015625	-2.218467712402344	-0.001099583692849	0.001099583692849	29.178475447444352
4146.93359375	-2.198612213134766	-0.001099525019526	0.001099525019526	29.178475447444352
4146.9755859375	-2.178421020507812	-0.001099384389818	0.001099384389818	29.178475447444352
4147.017578125	-2.157865524291992	-0.001099016517401	0.001099016517401	29.178475447444352
4147.0595703125	-2.13801383972168	-0.001098544336855	0.001098544336855	29.178475447444352
4147.1015625	-2.118143081665039	-0.001098526641726	0.001098526641726	29.178475447444352
4147.1435546875	-2.097957611083984	-0.001098467037082	0.001098467037082	29.178475447444352
4147.185546875	-2.078102111816406	-0.001098079606891	0.001098079606891	29.178475447444352
4147.2275390625	-2.058235168457031	-0.001097686588764	0.001097686588764	29.178475447444352
4147.26953125	-2.03802490234375	-0.001097509637475	0.001097509637475	29.178475447444352
4147.3115234375	-2.017555236816406	-0.001097444444895	0.001097444444895	29.178475447444352
4147.353515625	-1.997709274291992	-0.001097189262509	0.001097189262509	29.178475447444352
4147.3955078125	-1.977851867675781	-0.001096724532545	0.001096724532545	29.178475447444352
4147.4375	-1.957656860351562	-0.001096370629966	0.001096370629966	29.178475447444352
4147.4794921875	-1.93779182434082	-0.001096222549677	0.001096222549677	29.178475447444352
4147.521484375	-1.917942047119141	-0.001096148043871	0.001096148043871	29.178475447444352
4147.5634765625	-1.897733688354492	-0.001095684245229	0.001095684245229	29.178475447444352
4147.60546875	-1.877874374389648	-0.001095117069781	0.001095117069781	29.178475447444352
4147.6474609375	-1.857309341430664	-0.001094918698072	0.001094918698072	29.178475447444352
4147.689453125	-1.837474822998047	-0.001094766892493	0.001094766892493	29.178475447444352
4147.7314453125	-1.817281723022461	-0.001094455830753	0.001094455830753	29.178475447444352
4147.7734375	-1.79741096496582	-0.001094019971788	0.001094019971788	29.178475447444352
4147.8154296875	-1.777553558349609	-0.001093507744372	0.001093507744372	29.178475447444352
4147.857421875	-1.757362365722656	-0.00109335873276	0.00109335873276	29.178475447444352
4147.8994140625	-1.737518310546875	-0.001093209721148	0.001093209721148	29.178475447444352
4147.94140625	-1.716962814331055	-0.001092696562409	0.001092696562409	29.178475447444352
4147.9833984375	-1.697097778320312	-0.001092220656574	0.001092220656574	29.178475447444352
4148.025390625	-1.676889419555664	-0.001091949641705	0.001091949641705	29.178475447444352
4148.0673828125	-1.657052993774414	-0.001091678626835	0.001091678626835	29.178475447444352
4148.109375	-1.637186050415039	-0.001091307960451	0.001091307960451	29.178475447444352
4148.1513671875	-1.616985321044922	-0.001090805977583	0.001090805977583	29.178475447444352
4148.193359375	-1.597122192382812	-0.001090248115361	0.001090248115361	29.178475447444352
4148.2353515625	-1.576583862304687	-0.001090075820684	0.001090075820684	29.178475447444352
4148.27734375	-1.556741714477539	-0.001089773140848	0.001089773140848	29.178475447444352
4148.3193359375	-1.536525726318359	-0.001089228317142	0.001089228317142	29.178475447444352
4148.361328125	-1.516668319702148	-0.001088738441467	0.001088738441467	29.178475447444352
4148.4033203125	-1.496809005737305	-0.001088285818696	0.001088285818696	29.178475447444352
4148.4453125	-1.476615905761719	-0.001088039949536	0.001088039949536	29.178475447444352
4148.4873046875	-1.456743240356445	-0.001087558455765	0.001087558455765	29.178475447444352
4148.529296875	-1.436893463134766	-0.001086954958737	0.001086954958737	29.178475447444352
4148.5712890625	-1.41633415222168	-0.001086313277483	0.001086313277483	29.178475447444352
4148.61328125	-1.396499633789062	-0.001085846684873	0.001085846684873	29.178475447444352
4148.6552734375	-1.376291275024414	-0.001085670664907	0.001085670664907	29.178475447444352
4148.6962890625	-1.356426239013672	-0.001084988005459	0.001084988005459	29.178475447444352
4148.73828125	-1.336215972900391	-0.001084196381271	0.001084196381271	29.178475447444352
4148.7802734375	-1.31633186340332	-0.001083802431822	0.001083802431822	29.178475447444352
4148.822265625	-1.296442031860352	-0.001083377748728	0.001083377748728	29.178475447444352
4148.8642578125	-1.275833129882812	-0.001082795672119	0.001082795672119	29.178475447444352
4148.90625	-1.255939483642578	-0.001082080416381	0.001082080416381	29.178475447444352
4148.9482421875	-1.235702514648437	-0.00108134932816	0.00108134932816	29.178475447444352
4148.990234375	-1.215810775756836	-0.001080917194486	0.001080917194486	29.178475447444352
4149.0322265625	-1.195550918579102	-0.00108037237078	0.00108037237078	29.178475447444352
4149.07421875	-1.17564582824707	-0.001079536043108	0.001079536043108	29.178475447444352
4149.1162109375	-1.155717849731445	-0.001078740693629	0.001078740693629	29.178475447444352
4149.158203125	-1.135490417480469	-0.001078243367374	0.001078243367374	29.178475447444352
4149.2001953125	-1.115249633789062	-0.00107773207128	0.00107773207128	29.178475447444352
4149.2421875	-1.094995498657227	-0.001076903194189	0.001076903194189	29.178475447444352
4149.2841796875	-1.075094223022461	-0.001075970008969	0.001075970008969	29.178475447444352
4149.326171875	-1.055210113525391	-0.001075292006135	0.001075292006135	29.178475447444352
4149.3681640625	-1.034963607788086	-0.001074684783816	0.001074684783816	29.178475447444352
4149.41015625	-1.015045166015625	-0.001074015162885	0.001074015162885	29.178475447444352
4149.4521484375	-0.994800567626953	-0.001072972081602	0.001072972081602	29.178475447444352
4149.494140625	-0.974550247192383	-0.00107211060822	0.00107211060822	29.178475447444352
4149.5361328125	-0.954305648803711	-0.001071363687515	0.001071363687515	29.178475447444352
4149.578125	-0.934408187866211	-0.001070654019713	0.001070654019713	29.178475447444352
4149.6201171875	-0.914495468139648	-0.001069667749107	0.001069667749107	29.178475447444352
4149.662109375	-0.894248962402344	-0.001068643294275	0.001068643294275	29.178475447444352
4149.7041015625	-0.874359130859375	-0.001067616976798	0.001067616976798	29.178475447444352
4149.74609375	-0.854459762573242	-0.00106689799577	0.00106689799577	29.178475447444352
4149.7880859375	-0.834197998046875	-0.001066000200808	0.001066000200808	29.178475447444352
4149.830078125	-0.813623428344727	-0.001064799726009	0.001064799726009	29.178475447444352
4149.8720703125	-0.793712615966797	-0.001063658855855	0.001063658855855	29.178475447444352
4149.9140625	-0.773815155029297	-0.001062520779669	0.001062520779669	29.178475447444352
4149.9560546875	-0.753559112548828	-0.001061798073351	0.001061798073351	29.178475447444352
4149.998046875	-0.733650207519531	-0.001060637645423	0.001060637645423	29.178475447444352
4150.0400390625	-0.713729858398437	-0.00105922203511	0.00105922203511	29.178475447444352
4150.08203125	-0.693519592285156	-0.001058015972376	0.001058015972376	29.178475447444352
4150.1240234375	-0.672927856445312	-0.001056945882738	0.001056945882738	29.178475447444352
4150.166015625	-0.653009414672852	-0.001055838540196	0.001055838540196	29.178475447444352
4150.2080078125	-0.633106231689453	-0.00105432793498	0.00105432793498	29.178475447444352
4150.25	-0.612920761108398	-0.001052873209119	0.001052873209119	29.178475447444352
4150.2919921875	-0.593032836914062	-0.001051594503224	0.001051594503224	29.178475447444352
4150.333984375	-0.5731201171875	-0.0010503269732	0.0010503269732	29.178475447444352
4150.3759765625	-0.552879333496094	-0.001048995181918	0.001048995181918	29.178475447444352
4150.41796875	-0.532974243164062	-0.001047195866704	0.001047195866704	29.178475447444352
4150.4599609375	-0.512397766113281	-0.001045478507876	0.001045478507876	29.178475447444352
4150.5009765625	-0.492464065551758	-0.00104406196624	0.00104406196624	29.178475447444352
4150.54296875	-0.472217559814453	-0.001042648218572	0.001042648218572	29.178475447444352
4150.5849609375	-0.452316284179687	-0.001040830276906	0.001040830276906	29.178475447444352
4150.626953125	-0.432426452636719	-0.001038880087435	0.001038880087435	29.178475447444352
4150.6689453125	-0.412185668945312	-0.001037247478962	0.001037247478962	29.178475447444352
4150.7109375	-0.392276763916016	-0.001035532914102	0.001035532914102	29.178475447444352
4150.7529296875	-0.371679306030273	-0.001033423468471	0.001033423468471	29.178475447444352
4150.794921875	-0.351802825927734	-0.001031320542097	0.001031320542097	29.178475447444352
4150.8369140625	-0.331565856933594	-0.001029143109918	0.001029143109918	29.178475447444352
4150.87890625	-0.311637878417969	-0.001027145422995	0.001027145422995	29.178475447444352
4150.9208984375	-0.291736602783203	-0.001025112345815	0.001025112345815	29.178475447444352
4150.962890625	-0.271490097045898	-0.001022581942379	0.001022581942379	29.178475447444352
4151.0048828125	-0.251590728759766	-0.001020061783493	0.001020061783493	29.178475447444352
4151.046875	-0.231683731079102	-0.001017736271024	0.001017736271024	29.178475447444352
4151.0888671875	-0.211084365844727	-0.001015256159008	0.001015256159008	29.178475447444352
4151.130859375	-0.190841674804687	-0.001012579537928	0.001012579537928	29.178475447444352
4151.1728515625	-0.170961380004883	-0.001009446568787	0.001009446568787	29.178475447444352
4151.21484375	-0.15106201171875	-0.001006635837257	0.001006635837257	29.178475447444352
4151.2568359375	-0.130796432495117	-0.001003732904792	0.001003732904792	29.178475447444352
4151.298828125	-0.110897064208984	-0.001000784337521	0.001000784337521	29.178475447444352
4151.3876953125	-0.091203689575195	-0.000997072318569	0.000997072318569	29.178475447444352
4151.4296875	-0.070632934570312	-0.000993548426777	0.000993548426777	29.178475447444352
4151.4716796875	-0.05072021484375	-0.000989783089608	0.000989783089608	29.178475447444352
4151.513671875	-0.030471801757812	-0.000985289225355	0.000985289225355	29.178475447444352
4151.5556640625	-0.010568618774414	-0.00097999535501	0.00097999535501	29.178475447444352
4151.59765625	0.010028839111328	-0.00097345537506	0.00097345537506	29.178475447444352
4151.6396484375	0.030250549316406	-0.00096422736533	0.00096422736533	29.178475447444352
4151.681640625	0.050155639648437	-0.000949959270656	0.000949959270656	29.178475447444352
4151.7236328125	0.070085525512695	-0.000926326029003	0.000926326029003	29.178475447444352
4151.765625	0.090677261352539	-0.00088631757535	0.00088631757535	29.178475447444352
4151.8076171875	0.110586166381836	-0.000825466122478	0.000825466122478	29.178475447444352
4151.849609375	0.130851745605469	-0.000735339941457	0.000735339941457	29.178475447444352
4151.8916015625	0.150774002075195	-0.000615797005594	0.000615797005594	29.178475447444352
4151.93359375	0.170730590820312	-0.000464665703475	0.000464665703475	29.178475447444352
4151.9755859375	0.191005706787109	-0.000277469283901	0.000277469283901	29.178475447444352
4152.068359375	0.210847854614258	-4.782194446306676E-5	4.782194446306676E-5	29.178475447444352
4152.2041015625	0.231576919555664	0.000227267388254	0.000227267388254	29.178475447444352
4152.24609375	0.251556396484375	0.000547113944776	0.000547113944776	29.178475447444352
4152.2880859375	0.271869659423828	0.000964141101576	0.000964141101576	29.178475447444352
4152.4228515625	0.291604995727539	0.001508949324489	0.001508949324489	29.178475447444352
4152.46484375	0.311527252197266	0.002161654643714	0.002161654643714	29.178475447444352
4152.5068359375	0.331802368164062	0.002971179783344	0.002971179783344	29.178475447444352
4152.548828125	0.351724624633789	0.00389866437763	0.00389866437763	29.178475447444352
4152.5908203125	0.371612548828125	0.004938619211316	0.004938619211316	29.178475447444352
4152.6328125	0.392242431640625	0.00611713109538	0.00611713109538	29.178475447444352
4152.6748046875	0.412509918212891	0.00735721224919	0.00735721224919	29.178475447444352
4152.716796875	0.432451248168945	0.008640400134027	0.008640400134027	29.178475447444352
4152.7587890625	0.452375411987305	0.009973372332752	0.009973372332752	29.178475447444352
4152.8466796875	0.472434997558594	0.011390171945095	0.011390171945095	29.178475447444352
4152.888671875	0.492351531982422	0.012795753777027	0.012795753777027	29.178475447444352
4152.9306640625	0.512256622314453	0.014233887195587	0.014233887195587	29.178475447444352
4152.97265625	0.53285026550293	0.015745118260384	0.015745118260384	29.178475447444352
4153.0146484375	0.553083419799805	0.017250709235668	0.017250709235668	29.178475447444352
4153.056640625	0.572986602783203	0.018748760223389	0.018748760223389	29.178475447444352
4153.0986328125	0.592893600463867	0.020260967314243	0.020260967314243	29.178475447444352
4153.140625	0.613140106201172	0.021810159087181	0.021810159087181	29.178475447444352
4153.1826171875	0.633033752441406	0.023343682289124	0.023343682289124	29.178475447444352
4153.224609375	0.652885437011719	0.024880073964596	0.024880073964596	29.178475447444352
4153.2666015625	0.673137664794922	0.026456028223038	0.026456028223038	29.178475447444352
4153.30859375	0.693401336669922	0.028040379285812	0.028040379285812	29.178475447444352
4153.3505859375	0.713640213012695	0.029625691473484	0.029625691473484	29.178475447444352
4153.392578125	0.733530044555664	0.031190067529678	0.031190067529678	29.178475447444352
4153.4345703125	0.753776550292969	0.032785564661026	0.032785564661026	29.178475447444352
4153.4765625	0.773693084716797	0.034359067678452	0.034359067678452	29.178475447444352
4153.5185546875	0.793590545654297	0.035934329032898	0.035934329032898	29.178475447444352
4153.560546875	0.813833236694336	0.03753624856472	0.03753624856472	29.178475447444352
4153.6025390625	0.834091186523437	0.039141990244389	0.039141990244389	29.178475447444352
4153.64453125	0.854333877563477	0.040751069784164	0.040751069784164	29.178475447444352
4153.6865234375	0.874261856079102	0.042333267629147	0.042333267629147	29.178475447444352
4153.728515625	0.894166946411133	0.043918415904045	0.043918415904045	29.178475447444352
4153.7705078125	0.914398193359375	0.045529931783676	0.045529931783676	29.178475447444352
4153.8125	0.934297561645508	0.047119036316872	0.047119036316872	29.178475447444352
4153.8544921875	0.954563140869141	0.048737481236458	0.048737481236458	29.178475447444352
4153.8955078125	0.974451065063477	0.050328940153122	0.050328940153122	29.178475447444352
4153.9375	0.99504280090332	0.051975108683109	0.051975108683109	29.178475447444352
4153.9794921875	1.014959335327148	0.053572781383991	0.053572781383991	29.178475447444352
4154.021484375	1.034870147705078	0.055160515010357	0.055160515010357	29.178475447444352
4154.0634765625	1.055124282836914	0.056778334081173	0.056778334081173	29.178475447444352
4154.10546875	1.075002670288086	0.058361403644085	0.058361403644085	29.178475447444352
4154.1474609375	1.094917297363281	0.059943474829197	0.059943474829197	29.178475447444352
4154.189453125	1.115165710449219	0.061553619801998	0.061553619801998	29.178475447444352
4154.2314453125	1.135766983032227	0.063188672065735	0.063188672065735	29.178475447444352
4154.2734375	1.155675888061523	0.064772911369801	0.064772911369801	29.178475447444352
4154.3154296875	1.175580978393555	0.06635557860136	0.06635557860136	29.178475447444352
4154.357421875	1.195827484130859	0.06796058267355	0.06796058267355	29.178475447444352
4154.3994140625	1.215738296508789	0.069540999829769	0.069540999829769	29.178475447444352
4154.44140625	1.235641479492187	0.071104876697063	0.071104876697063	29.178475447444352
4154.4833984375	1.255876541137695	0.07269923388958	0.07269923388958	29.178475447444352
4154.525390625	1.276458740234375	0.074328646063805	0.074328646063805	29.178475447444352
4154.5673828125	1.296375274658203	0.07589390873909	0.07589390873909	29.178475447444352
4154.609375	1.316276550292969	0.077454589307308	0.077454589307308	29.178475447444352
4154.6513671875	1.336517333984375	0.079041846096516	0.079041846096516	29.178475447444352
4154.693359375	1.356405258178711	0.080607116222382	0.080607116222382	29.178475447444352
4154.7353515625	1.376264572143555	0.082175701856613	0.082175701856613	29.178475447444352
4154.77734375	1.396478652954102	0.083780698478222	0.083780698478222	29.178475447444352
4154.8193359375	1.416343688964844	0.085338793694973	0.085338793694973	29.178475447444352
4154.861328125	1.43687629699707	0.086964085698128	0.086964085698128	29.178475447444352
4154.9033203125	1.456720352172852	0.088527485728264	0.088527485728264	29.178475447444352
4154.9443359375	1.476940155029297	0.090108886361122	0.090108886361122	29.178475447444352
4154.986328125	1.496795654296875	0.091670654714108	0.091670654714108	29.178475447444352
4155.0283203125	1.516643524169922	0.093213997781277	0.093213997781277	29.178475447444352
4155.0703125	1.536861419677734	0.094778925180435	0.094778925180435	29.178475447444352
4155.1123046875	1.556726455688477	0.096329733729362	0.096329733729362	29.178475447444352
4155.154296875	1.577278137207031	0.097912169992924	0.097912169992924	29.178475447444352
4155.1962890625	1.597131729125977	0.099437534809113	0.099437534809113	29.178475447444352
4155.23828125	1.604194641113281	0.100002609193325	0.100002609193325	29.178475447444352
4155.2802734375	1.603796005249023	0.100002251565456	0.100002251565456	29.178475447444352
4155.3232421875	1.60406494140625	0.100002281367779	0.100002281367779	29.178475447444352
4155.365234375	1.604059219360352	0.100002259016037	0.100002259016037	29.178475447444352
4155.4072265625	1.603992462158203	0.100002266466618	0.100002266466618	29.178475447444352
4155.44921875	1.60382080078125	0.100002288818359	0.100002288818359	29.178475447444352
4155.4921875	1.603620529174805	0.100002311170101	0.100002311170101	29.178475447444352
4155.5341796875	1.602756500244141	0.100002288818359	0.100002288818359	29.178475447444352
4155.576171875	1.602275848388672	0.100002303719521	0.100002303719521	29.178475447444352
4155.6181640625	1.60181999206543	0.100002266466618	0.100002266466618	29.178475447444352
4155.6611328125	1.601259231567383	0.100002251565456	0.100002251565456	29.178475447444352
4155.703125	1.600948333740234	0.100002273917198	0.100002273917198	29.178475447444352
4155.7451171875	1.600706100463867	0.10000229626894	0.10000229626894	29.178475447444352
4155.787109375	1.600687026977539	0.100002281367779	0.100002281367779	29.178475447444352
4155.830078125	1.599845886230469	0.100002326071262	0.100002326071262	29.178475447444352
4155.8720703125	1.59954833984375	0.100002259016037	0.100002259016037	29.178475447444352
4155.9140625	1.599250793457031	0.10000229626894	0.10000229626894	29.178475447444352
4155.95703125	1.599092483520508	0.10000229626894	0.10000229626894	29.178475447444352
4155.9990234375	1.598876953125	0.100002326071262	0.100002326071262	29.178475447444352
4156.041015625	1.59857177734375	0.100002326071262	0.100002326071262	29.178475447444352
4156.0830078125	1.598312377929687	0.100002288818359	0.100002288818359	29.178475447444352
4156.1259765625	1.597869873046875	0.10000229626894	0.10000229626894	29.178475447444352
4156.16796875	1.597637176513672	0.100002311170101	0.100002311170101	29.178475447444352
4156.2099609375	1.597557067871094	0.100002281367779	0.100002281367779	29.178475447444352
4156.251953125	1.597705841064453	0.100002311170101	0.100002311170101	29.178475447444352
4156.294921875	1.597314834594727	0.100002303719521	0.100002303719521	29.178475447444352
4156.3369140625	1.597034454345703	0.100002281367779	0.100002281367779	29.178475447444352
4156.37890625	1.59721565246582	0.100002288818359	0.100002288818359	29.178475447444352
4156.4208984375	1.597078323364258	0.100002288818359	0.100002288818359	29.178475447444352
4156.4638671875	1.59710693359375	0.10000229626894	0.10000229626894	29.178475447444352
4156.505859375	1.596994400024414	0.100002303719521	0.100002303719521	29.178475447444352
4156.5478515625	1.596981048583984	0.100002311170101	0.100002311170101	29.178475447444352
4156.58984375	1.597047805786133	0.100002318620682	0.100002318620682	29.178475447444352
4156.6328125	1.597003936767578	0.100002311170101	0.100002311170101	29.178475447444352
4156.6748046875	1.596866607666016	0.100002326071262	0.100002326071262	29.178475447444352
4156.716796875	1.596887588500977	0.100002288818359	0.100002288818359	29.178475447444352
4156.7587890625	1.596891403198242	0.100002288818359	0.100002288818359	29.178475447444352
4156.8017578125	1.596883773803711	0.100002281367779	0.100002281367779	29.178475447444352
4156.84375	1.59693717956543	0.100002266466618	0.100002266466618	29.178475447444352
4156.8857421875	1.596900939941406	0.100002326071262	0.100002326071262	29.178475447444352
4156.927734375	1.596784591674805	0.10000229626894	0.10000229626894	29.178475447444352
4156.970703125	1.596776962280273	0.100002303719521	0.100002303719521	29.178475447444352
4157.0126953125	1.596826553344727	0.10000229626894	0.10000229626894	29.178475447444352
4157.0546875	1.596811294555664	0.10000229626894	0.10000229626894	29.178475447444352
4157.0966796875	1.596635818481445	0.10000229626894	0.10000229626894	29.178475447444352
4157.1396484375	1.596551895141602	0.100002288818359	0.100002288818359	29.178475447444352
4157.181640625	1.596427917480469	0.100002266466618	0.100002266466618	29.178475447444352
4157.2236328125	1.596353530883789	0.100002281367779	0.100002281367779	29.178475447444352
4157.265625	1.596376419067383	0.10000229626894	0.10000229626894	29.178475447444352
4157.30859375	1.596321105957031	0.10000229626894	0.10000229626894	29.178475447444352
4157.3505859375	1.596275329589844	0.100002273917198	0.100002273917198	29.178475447444352
4157.392578125	1.596174240112305	0.100002311170101	0.100002311170101	29.178475447444352
4157.4345703125	1.596200942993164	0.100002266466618	0.100002266466618	29.178475447444352
4157.4775390625	1.596164703369141	0.100002303719521	0.100002303719521	29.178475447444352
4157.51953125	1.596113204956055	0.100002288818359	0.100002288818359	29.178475447444352
4157.5615234375	1.59613037109375	0.100002281367779	0.100002281367779	29.178475447444352
4157.603515625	1.596111297607422	0.100002311170101	0.100002311170101	29.178475447444352
4157.646484375	1.596248626708984	0.100002288818359	0.100002288818359	29.178475447444352
4157.6884765625	1.595998764038086	0.10000229626894	0.10000229626894	29.178475447444352
4157.73046875	1.595779418945312	0.100002288818359	0.100002288818359	29.178475447444352
4157.7724609375	1.595888137817383	0.100002303719521	0.100002303719521	29.178475447444352
4157.8154296875	1.595769882202148	0.100002288818359	0.100002288818359	29.178475447444352
4157.857421875	1.595785140991211	0.100002288818359	0.100002288818359	29.178475447444352
4157.8994140625	1.59576416015625	0.100002318620682	0.100002318620682	29.178475447444352
4157.94140625	1.595050811767578	0.10000229626894	0.10000229626894	29.178475447444352
4157.984375	1.594881057739258	0.100002303719521	0.100002303719521	29.178475447444352
4158.0263671875	1.594850540161133	0.100002288818359	0.100002288818359	29.178475447444352
4158.068359375	1.594911575317383	0.100002311170101	0.100002311170101	29.178475447444352
4158.1103515625	1.594860076904297	0.100002281367779	0.100002281367779	29.178475447444352
4158.1533203125	1.594860076904297	0.10000229626894	0.10000229626894	29.178475447444352
