[INFO]
Keithley 2400
Meas Time: 2021/1/19 10:25:08
Params: GPIB address = GPIB0::21::INSTR; DataFile = D:\工艺实验\李蕾; Compliance  Level (0.1) = 0.100000000000000; Number of Points (5) = 100; Minimum Amplitude (1) = -3.000000000000000; Maximum Amplitude (2) = 3.000000000000000; Timeout (100000 ms) = 100000; Source Mode  (0: Voltage) = 0; 4-wire? = FALSE; delay(S) = 0.000000000000000; Start = ; 

[COMMENT]


[DATA]
time (s)	Voltage (V)	Current (A)	absCurrent (A)	Fitting Resistance (Ohms)

8875.41894531249999	-3.000732421875	-0.001177361235023	0.001177361235023	82.354289967930896
8875.46093749999999	-2.94035530090332	-0.001177453435957	0.001177453435957	82.354289967930896
8875.50292968749999	-2.879604339599609	-0.001177113503218	0.001177113503218	82.354289967930896
8875.54492187499999	-2.818519592285156	-0.00117698777467	0.00117698777467	82.354289967930896
8875.58691406249999	-2.758115768432617	-0.001176784746349	0.001176784746349	82.354289967930896
8875.62890624999999	-2.697433471679687	-0.001176314428449	0.001176314428449	82.354289967930896
8875.67089843749999	-2.636848449707031	-0.001175456680357	0.001175456680357	82.354289967930896
8875.71191406249999	-2.576591491699219	-0.001174808479846	0.001174808479846	82.354289967930896
8875.75390624999999	-2.515651702880859	-0.00117424223572	0.00117424223572	82.354289967930896
8875.79589843749999	-2.455053329467773	-0.001173563301563	0.001173563301563	82.354289967930896
8875.83789062499999	-2.394796371459961	-0.001172539778054	0.001172539778054	82.354289967930896
8875.87988281249999	-2.334197998046875	-0.001171375624835	0.001171375624835	82.354289967930896
8875.92187499999999	-2.273284912109375	-0.001170484349132	0.001170484349132	82.354289967930896
8875.96386718749999	-2.213014602661133	-0.001169529743493	0.001169529743493	82.354289967930896
8876.00585937499999	-2.152416229248047	-0.001168310642242	0.001168310642242	82.354289967930896
8876.04785156249999	-2.092161178588867	-0.001166911795735	0.001166911795735	82.354289967930896
8876.08984374999999	-2.031543731689453	-0.001165345311165	0.001165345311165	82.354289967930896
8876.13183593749999	-1.970678329467773	-0.001164110377431	0.001164110377431	82.354289967930896
8876.17382812499999	-1.91044807434082	-0.001162602566183	0.001162602566183	82.354289967930896
8876.21582031249999	-1.849842071533203	-0.001160840503871	0.001160840503871	82.354289967930896
8876.25781249999999	-1.789575576782227	-0.001158853061497	0.001158853061497	82.354289967930896
8876.29980468749999	-1.728986740112305	-0.001157141290605	0.001157141290605	82.354289967930896
8876.34179687499999	-1.668024063110352	-0.001155280508101	0.001155280508101	82.354289967930896
8876.38378906249999	-1.607772827148437	-0.001153053715825	0.001153053715825	82.354289967930896
8876.42578124999999	-1.547176361083984	-0.001150525175035	0.001150525175035	82.354289967930896
8876.46777343749999	-1.486904144287109	-0.001148118637502	0.001148118637502	82.354289967930896
8876.50976562499999	-1.425971984863281	-0.001145646907389	0.001145646907389	82.354289967930896
8876.55175781249999	-1.365375518798828	-0.00114284362644	0.00114284362644	82.354289967930896
8876.59374999999999	-1.305055618286133	-0.001139746047556	0.001139746047556	82.354289967930896
8876.63574218749999	-1.244304656982422	-0.001136444509029	0.001136444509029	82.354289967930896
8876.67773437499999	-1.183574676513672	-0.001133111305535	0.001133111305535	82.354289967930896
8876.71972656249999	-1.122489929199219	-0.0011295825243	0.0011295825243	82.354289967930896
8876.76171874999999	-1.062093734741211	-0.001125492155552	0.001125492155552	82.354289967930896
8876.80371093749999	-1.001344680786133	-0.001121024601161	0.001121024601161	82.354289967930896
8876.84570312499999	-0.940963745117187	-0.001116593368351	0.001116593368351	82.354289967930896
8876.88769531249999	-0.880218505859375	-0.001111903227866	0.001111903227866	82.354289967930896
8876.92968749999999	-0.819135665893555	-0.001106563955545	0.001106563955545	82.354289967930896
8876.97167968749999	-0.758726119995117	-0.001100614666939	0.001100614666939	82.354289967930896
8877.01367187499999	-0.697986602783203	-0.001094349659979	0.001094349659979	82.354289967930896
8877.05566406249999	-0.637582778930664	-0.001087713986635	0.001087713986635	82.354289967930896
8877.09765624999999	-0.576904296875	-0.001080662943423	0.001080662943423	82.354289967930896
8877.13964843749999	-0.515840530395508	-0.001072482205927	0.001072482205927	82.354289967930896
8877.18164062499999	-0.455421447753906	-0.001063760370016	0.001063760370016	82.354289967930896
8877.22363281249999	-0.394685745239258	-0.00105403829366	0.00105403829366	82.354289967930896
8877.26562499999999	-0.334308624267578	-0.001043690368533	0.001043690368533	82.354289967930896
8877.30664062499999	-0.273212432861328	-0.001032186672091	0.001032186672091	82.354289967930896
8877.34863281249999	-0.21247673034668	-0.001018767245114	0.001018767245114	82.354289967930896
8877.39062499999999	-0.152078628540039	-0.001002291217446	0.001002291217446	82.354289967930896
8877.48046874999999	-0.091552734375	-0.000972641282715	0.000972641282715	82.354289967930896
8877.52246093749999	-0.031135559082031	-0.000894503085874	0.000894503085874	82.354289967930896
8877.56445312499999	0.030689239501953	-0.000739602721296	0.000739602721296	82.354289967930896
8877.60644531249999	0.091463088989258	-0.000538136577234	0.000538136577234	82.354289967930896
8877.64843749999999	0.151905059814453	-0.000307743321173	0.000307743321173	82.354289967930896
8877.74121093749999	0.21258544921875	-5.384781979955733E-5	5.384781979955733E-5	82.354289967930896
8877.87695312499999	0.273128509521484	0.000218840781599	0.000218840781599	82.354289967930896
8877.91894531249999	0.334291458129883	0.000551672303118	0.000551672303118	82.354289967930896
8878.05371093749999	0.394924163818359	0.001069675199687	0.001069675199687	82.354289967930896
8878.09570312499999	0.455343246459961	0.001849921420217	0.001849921420217	82.354289967930896
8878.13769531249999	0.516119003295898	0.002847546711564	0.002847546711564	82.354289967930896
8878.17968749999999	0.577192306518555	0.003973131068051	0.003973131068051	82.354289967930896
8878.22167968749999	0.637538909912109	0.005155451130122	0.005155451130122	82.354289967930896
8878.26367187499999	0.698328018188477	0.00638961000368	0.00638961000368	82.354289967930896
8878.30566406249999	0.758735656738281	0.007645439822227	0.007645439822227	82.354289967930896
8878.34765624999999	0.819507598876953	0.008928732015193	0.008928732015193	82.354289967930896
8878.38964843749999	0.880617141723633	0.010235417634249	0.010235417634249	82.354289967930896
8878.47753906249999	0.940801620483398	0.01154363155365	0.01154363155365	82.354289967930896
8878.51953124999999	1.001546859741211	0.01286119222641	0.01286119222641	82.354289967930896
8878.56152343749999	1.061948776245117	0.014179445803165	0.014179445803165	82.354289967930896
8878.60351562499999	1.122690200805664	0.015511237084866	0.015511237084866	82.354289967930896
8878.64550781249999	1.183759689331055	0.016855627298355	0.016855627298355	82.354289967930896
8878.68749999999999	1.244178771972656	0.018188424408436	0.018188424408436	82.354289967930896
8878.72949218749999	1.304908752441406	0.019530706107616	0.019530706107616	82.354289967930896
8878.77148437499999	1.365249633789062	0.020866915583611	0.020866915583611	82.354289967930896
8878.81347656249999	1.425838470458984	0.02221105992794	0.02221105992794	82.354289967930896
8878.85546874999999	1.486808776855469	0.023564003407955	0.023564003407955	82.354289967930896
8878.89746093749999	1.547060012817383	0.024902231991291	0.024902231991291	82.354289967930896
8878.93945312499999	1.60765266418457	0.026248723268509	0.026248723268509	82.354289967930896
8878.98144531249999	1.667915344238281	0.027587361633778	0.027587361633778	82.354289967930896
8879.02343749999999	1.728860855102539	0.028941959142685	0.028941959142685	82.354289967930896
8879.06542968749999	1.789451599121094	0.030288331210613	0.030288331210613	82.354289967930896
8879.10742187499999	1.849708557128906	0.031626120209694	0.031626120209694	82.354289967930896
8879.14941406249999	1.910318374633789	0.03297097235918	0.03297097235918	82.354289967930896
8879.19140624999999	1.970558166503906	0.03430699557066	0.03430699557066	82.354289967930896
8879.23339843749999	2.031492233276367	0.035658128559589	0.035658128559589	82.354289967930896
8879.27441406249999	2.092041015625	0.036996640264988	0.036996640264988	82.354289967930896
8879.31640624999999	2.152288436889648	0.03832770138979	0.03832770138979	82.354289967930896
8879.35839843749999	2.212890625	0.039665140211582	0.039665140211582	82.354289967930896
8879.40039062499999	2.273162841796875	0.04099415242672	0.04099415242672	82.354289967930896
8879.44238281249999	2.334083557128906	0.042335212230682	0.042335212230682	82.354289967930896
8879.48437499999999	2.394672393798828	0.043666049838066	0.043666049838066	82.354289967930896
8879.52636718749999	2.45494270324707	0.044987834990025	0.044987834990025	82.354289967930896
8879.56835937499999	2.515522003173828	0.046312980353832	0.046312980353832	82.354289967930896
8879.61035156249999	2.57647705078125	0.04764499515295	0.04764499515295	82.354289967930896
8879.65234374999999	2.636737823486328	0.048959739506245	0.048959739506245	82.354289967930896
8879.69433593749999	2.697320938110352	0.050278253853321	0.050278253853321	82.354289967930896
8879.73632812499999	2.757644653320312	0.051587358117104	0.051587358117104	82.354289967930896
8879.77832031249999	2.818401336669922	0.052902474999428	0.052902474999428	82.354289967930896
8879.82031249999999	2.879476547241211	0.054222092032433	0.054222092032433	82.354289967930896
8879.86230468749999	2.939882278442383	0.055523358285427	0.055523358285427	82.354289967930896
8879.90429687499999	3.000621795654297	0.056829854846001	0.056829854846001	82.354289967930896
