[INFO]
Keithley 2400
Meas Time: 2021/1/19 11:15:07
Params: GPIB address = GPIB0::21::INSTR; DataFile = D:\工艺实验\杨勇承; Compliance  Level (0.1) = 0.100000000000000; Number of Points (5) = 100; Minimum Amplitude (1) = -3.000000000000000; Maximum Amplitude (2) = 3.000000000000000; Timeout (100000 ms) = 100000; Source Mode  (0: Voltage) = 0; 4-wire? = FALSE; delay(S) = 0.000000000000000; Start = ; 

[COMMENT]


[DATA]
time (s)	Voltage (V)	Current (A)	absCurrent (A)	Fitting Resistance (Ohms)

11874.4111328125	-3.000728607177734	-0.001851614564657	0.001851614564657	28.566037730302682
11874.453125	-2.940338134765625	-0.001849617809057	0.001849617809057	28.566037730302682
11874.4951171875	-2.879610061645508	-0.00184724945575	0.00184724945575	28.566037730302682
11874.537109375	-2.818519592285156	-0.001844260841608	0.001844260841608	28.566037730302682
11874.5791015625	-2.758113861083984	-0.001840926706791	0.001840926706791	28.566037730302682
11874.62109375	-2.697422027587891	-0.001837710849941	0.001837710849941	28.566037730302682
11874.6630859375	-2.636844635009766	-0.001834494061768	0.001834494061768	28.566037730302682
11874.705078125	-2.576591491699219	-0.001831167377532	0.001831167377532	28.566037730302682
11874.7470703125	-2.515644073486328	-0.001827193424106	0.001827193424106	28.566037730302682
11874.7890625	-2.455049514770508	-0.001823130063713	0.001823130063713	28.566037730302682
11874.8310546875	-2.394792556762695	-0.001819120720029	0.001819120720029	28.566037730302682
11874.873046875	-2.334184646606445	-0.001815318129957	0.001815318129957	28.566037730302682
11874.9150390625	-2.273263931274414	-0.001811028458178	0.001811028458178	28.566037730302682
11874.95703125	-2.213003158569336	-0.001806205138564	0.001806205138564	28.566037730302682
11874.9990234375	-2.15240478515625	-0.001801209524274	0.001801209524274	28.566037730302682
11875.041015625	-2.0921630859375	-0.001796524040401	0.001796524040401	28.566037730302682
11875.0830078125	-2.031545639038086	-0.001791826449335	0.001791826449335	28.566037730302682
11875.125	-1.970676422119141	-0.001786285080016	0.001786285080016	28.566037730302682
11875.1669921875	-1.910438537597656	-0.001780519261956	0.001780519261956	28.566037730302682
11875.208984375	-1.849822998046875	-0.001774825155735	0.001774825155735	28.566037730302682
11875.2509765625	-1.789566040039062	-0.001769158057868	0.001769158057868	28.566037730302682
11875.29296875	-1.728981018066406	-0.001763078384101	0.001763078384101	28.566037730302682
11875.3349609375	-1.668022155761719	-0.001756460405886	0.001756460405886	28.566037730302682
11875.376953125	-1.607776641845703	-0.001749593764544	0.001749593764544	28.566037730302682
11875.4189453125	-1.547174453735352	-0.001742619089782	0.001742619089782	28.566037730302682
11875.4609375	-1.486915588378906	-0.001735496334732	0.001735496334732	28.566037730302682
11875.5029296875	-1.425960540771484	-0.001728191040456	0.001728191040456	28.566037730302682
11875.544921875	-1.365360260009766	-0.00172000285238	0.00172000285238	28.566037730302682
11875.5869140625	-1.305047988891602	-0.001711628399789	0.001711628399789	28.566037730302682
11875.62890625	-1.244297027587891	-0.00170343182981	0.00170343182981	28.566037730302682
11875.6708984375	-1.183567047119141	-0.0016945945099	0.0016945945099	28.566037730302682
11875.712890625	-1.122493743896484	-0.001685057766736	0.001685057766736	28.566037730302682
11875.7548828125	-1.062089920043945	-0.001675112172961	0.001675112172961	28.566037730302682
11875.796875	-1.001333236694336	-0.001664506271482	0.001664506271482	28.566037730302682
11875.8388671875	-0.940956115722656	-0.001654065214097	0.001654065214097	28.566037730302682
11875.880859375	-0.880212783813477	-0.00164310913533	0.00164310913533	28.566037730302682
11875.9228515625	-0.819131851196289	-0.001631077378988	0.001631077378988	28.566037730302682
11875.96484375	-0.758726119995117	-0.001618262380362	0.001618262380362	28.566037730302682
11876.0068359375	-0.697992324829102	-0.001605249010026	0.001605249010026	28.566037730302682
11876.048828125	-0.637582778930664	-0.00159156601876	0.00159156601876	28.566037730302682
11876.0908203125	-0.576902389526367	-0.001576968468726	0.001576968468726	28.566037730302682
11876.1328125	-0.515832901000977	-0.001561129465699	0.001561129465699	28.566037730302682
11876.173828125	-0.455411911010742	-0.001544593833387	0.001544593833387	28.566037730302682
11876.2158203125	-0.394672393798828	-0.001527102664113	0.001527102664113	28.566037730302682
11876.2578125	-0.334299087524414	-0.001508694142103	0.001508694142103	28.566037730302682
11876.2998046875	-0.273191452026367	-0.001488455571234	0.001488455571234	28.566037730302682
11876.341796875	-0.212457656860352	-0.001466504298151	0.001466504298151	28.566037730302682
11876.3837890625	-0.152076721191406	-0.001443224959075	0.001443224959075	28.566037730302682
11876.42578125	-0.091318130493164	-0.001417939551175	0.001417939551175	28.566037730302682
11876.4677734375	-0.030921936035156	-0.001389197073877	0.001389197073877	28.566037730302682
11876.5107421875	0.030799865722656	-0.001344690099359	0.001344690099359	28.566037730302682
11876.552734375	0.091541290283203	-0.001222996041179	0.001222996041179	28.566037730302682
11876.6416015625	0.151786804199219	-0.000893075950444	0.000893075950444	28.566037730302682
11876.68359375	0.212635040283203	-0.000299306353554	0.000299306353554	28.566037730302682
11876.7255859375	0.27324104309082	0.000715427624527	0.000715427624527	28.566037730302682
11876.8603515625	0.334232330322266	0.002918161451817	0.002918161451817	28.566037730302682
11876.90234375	0.395025253295898	0.006302275229245	0.006302275229245	28.566037730302682
11876.990234375	0.455314636230469	0.010564044117928	0.010564044117928	28.566037730302682
11877.0322265625	0.516078948974609	0.015225492417812	0.015225492417812	28.566037730302682
11877.07421875	0.577140808105469	0.020169034600258	0.020169034600258	28.566037730302682
11877.1162109375	0.637472152709961	0.025197550654411	0.025197550654411	28.566037730302682
11877.158203125	0.698247909545898	0.030350394546986	0.030350394546986	28.566037730302682
11877.2001953125	0.758646011352539	0.035526774823666	0.035526774823666	28.566037730302682
11877.2421875	0.819391250610352	0.040759712457657	0.040759712457657	28.566037730302682
11877.2841796875	0.880500793457031	0.046034529805183	0.046034529805183	28.566037730302682
11877.326171875	0.940885543823242	0.051237620413303	0.051237620413303	28.566037730302682
11877.3681640625	1.001642227172852	0.05644840747118	0.05644840747118	28.566037730302682
11877.41015625	1.062055587768555	0.061589866876602	0.061589866876602	28.566037730302682
11877.4521484375	1.122793197631836	0.066702373325825	0.066702373325825	28.566037730302682
11877.494140625	1.183877944946289	0.07176897674799	0.07176897674799	28.566037730302682
11877.5361328125	1.244300842285156	0.07669385522604	0.07669385522604	28.566037730302682
11877.578125	1.305051803588867	0.081547640264034	0.081547640264034	28.566037730302682
11877.6201171875	1.365383148193359	0.086268082261086	0.086268082261086	28.566037730302682
11877.662109375	1.425989151000977	0.090910322964191	0.090910322964191	28.566037730302682
11877.7041015625	1.486953735351562	0.095491163432598	0.095491163432598	28.566037730302682
11877.74609375	1.547214508056641	0.09993788599968	0.09993788599968	28.566037730302682
11877.7880859375	1.5474853515625	0.100003004074097	0.100003004074097	28.566037730302682
11877.830078125	1.547313690185547	0.100002840161324	0.100002840161324	28.566037730302682
11877.8720703125	1.547119140625	0.100002869963646	0.100002869963646	28.566037730302682
11877.9140625	1.547016143798828	0.100002840161324	0.100002840161324	28.566037730302682
11877.95703125	1.546928405761719	0.100002788007259	0.100002788007259	28.566037730302682
11877.9990234375	1.546831130981445	0.100002810359001	0.100002810359001	28.566037730302682
11878.041015625	1.546728134155273	0.100002802908421	0.100002802908421	28.566037730302682
11878.0830078125	1.546623229980469	0.100002810359001	0.100002810359001	28.566037730302682
11878.1259765625	1.546550750732422	0.100002802908421	0.100002802908421	28.566037730302682
11878.16796875	1.546483993530273	0.100002780556679	0.100002780556679	28.566037730302682
11878.2099609375	1.546405792236328	0.100002780556679	0.100002780556679	28.566037730302682
11878.251953125	1.546321868896484	0.10000279545784	0.10000279545784	28.566037730302682
11878.294921875	1.546218872070312	0.10000279545784	0.10000279545784	28.566037730302682
11878.3369140625	1.546144485473633	0.100002765655518	0.100002765655518	28.566037730302682
11878.37890625	1.546073913574219	0.100002750754356	0.100002750754356	28.566037730302682
11878.4208984375	1.545999526977539	0.100002802908421	0.100002802908421	28.566037730302682
11878.4638671875	1.54595947265625	0.100002780556679	0.100002780556679	28.566037730302682
11878.505859375	1.545869827270508	0.100002810359001	0.100002810359001	28.566037730302682
11878.5478515625	1.545801162719727	0.100002765655518	0.100002765655518	28.566037730302682
11878.58984375	1.545759201049805	0.100002765655518	0.100002765655518	28.566037730302682
11878.6328125	1.545698165893555	0.100002758204937	0.100002758204937	28.566037730302682
11878.6748046875	1.545637130737305	0.100002802908421	0.100002802908421	28.566037730302682
11878.716796875	1.545585632324219	0.100002780556679	0.100002780556679	28.566037730302682
11878.7587890625	1.545513153076172	0.100002750754356	0.100002750754356	28.566037730302682
