[INFO]
Keithley 2400
Meas Time: 2021/1/19 10:49:47
Params: GPIB address = GPIB0::21::INSTR; DataFile = D:\工艺实验\杨承昌; Compliance  Level (0.1) = 0.100000000000000; Number of Points (5) = 100; Minimum Amplitude (1) = -3.000000000000000; Maximum Amplitude (2) = 3.000000000000000; Timeout (100000 ms) = 100000; Source Mode  (0: Voltage) = 0; 4-wire? = FALSE; delay(S) = 0.000000000000000; Start = ; 

[COMMENT]


[DATA]
time (s)	Voltage (V)	Current (A)	absCurrent (A)	Fitting Resistance (Ohms)

10354.2490234375	-3.000846862792969	-6.122652848716825E-5	6.122652848716825E-5	38.773767525881603
10354.2919921875	-2.940462112426758	-6.146347732283175E-5	6.146347732283175E-5	38.773767525881603
10354.333984375	-2.879718780517578	-6.15149037912488E-5	6.15149037912488E-5	38.773767525881603
10354.3759765625	-2.818622589111328	-6.151723209768534E-5	6.151723209768534E-5	38.773767525881603
10354.41796875	-2.758216857910156	-6.150740955490619E-5	6.150740955490619E-5	38.773767525881603
10354.4599609375	-2.697532653808594	-6.14842283539474E-5	6.14842283539474E-5	38.773767525881603
10354.501953125	-2.636953353881836	-6.144016515463591E-5	6.144016515463591E-5	38.773767525881603
10354.5439453125	-2.576686859130859	-6.137916352599859E-5	6.137916352599859E-5	38.773767525881603
10354.5859375	-2.515748977661133	-6.130956171546131E-5	6.130956171546131E-5	38.773767525881603
10354.6279296875	-2.455158233642578	-6.124628998804837E-5	6.124628998804837E-5	38.773767525881603
10354.669921875	-2.394895553588867	-6.116820441093296E-5	6.116820441093296E-5	38.773767525881603
10354.7119140625	-2.334306716918945	-6.106657383497804E-5	6.106657383497804E-5	38.773767525881603
10354.75390625	-2.273382186889648	-6.093741103541106E-5	6.093741103541106E-5	38.773767525881603
10354.7958984375	-2.213109970092773	-6.082579784560949E-5	6.082579784560949E-5	38.773767525881603
10354.837890625	-2.152517318725586	-6.07086403761059E-5	6.07086403761059E-5	38.773767525881603
10354.8798828125	-2.092281341552734	-6.05749519309029E-5	6.05749519309029E-5	38.773767525881603
10354.921875	-2.031639099121094	-6.042340828571469E-5	6.042340828571469E-5	38.773767525881603
10354.9638671875	-1.970779418945312	-6.026183837093413E-5	6.026183837093413E-5	38.773767525881603
10355.005859375	-1.910545349121094	-6.009536446072161E-5	6.009536446072161E-5	38.773767525881603
10355.0478515625	-1.849937438964844	-5.991131183691323E-5	5.991131183691323E-5	38.773767525881603
10355.08984375	-1.789682388305664	-5.972065264359117E-5	5.972065264359117E-5	38.773767525881603
10355.1318359375	-1.729076385498047	-5.950874765403569E-5	5.950874765403569E-5	38.773767525881603
10355.173828125	-1.668125152587891	-5.928878090344369E-5	5.928878090344369E-5	38.773767525881603
10355.2158203125	-1.607885360717773	-5.906213482376188E-5	5.906213482376188E-5	38.773767525881603
10355.2568359375	-1.547285079956055	-5.8809804613702E-5	5.8809804613702E-5	38.773767525881603
10355.298828125	-1.487024307250977	-5.853995389770716E-5	5.853995389770716E-5	38.773767525881603
10355.3408203125	-1.426065444946289	-5.825079279020429E-5	5.825079279020429E-5	38.773767525881603
10355.3828125	-1.365476608276367	-5.794689059257507E-5	5.794689059257507E-5	38.773767525881603
10355.4248046875	-1.305156707763672	-5.762155342381448E-5	5.762155342381448E-5	38.773767525881603
10355.466796875	-1.244405746459961	-5.725825030822307E-5	5.725825030822307E-5	38.773767525881603
10355.5087890625	-1.183671951293945	-5.687202792614698E-5	5.687202792614698E-5	38.773767525881603
10355.55078125	-1.122598648071289	-5.645945202559233E-5	5.645945202559233E-5	38.773767525881603
10355.5927734375	-1.06220817565918	-5.603434692602605E-5	5.603434692602605E-5	38.773767525881603
10355.634765625	-1.00145149230957	-5.555484676733613E-5	5.555484676733613E-5	38.773767525881603
10355.6767578125	-0.941055297851562	-5.503965076059103E-5	5.503965076059103E-5	38.773767525881603
10355.71875	-0.880327224731445	-5.44950453331694E-5	5.44950453331694E-5	38.773767525881603
10355.7607421875	-0.819231033325195	-5.391323065850884E-5	5.391323065850884E-5	38.773767525881603
10355.802734375	-0.758832931518555	-5.328473343979567E-5	5.328473343979567E-5	38.773767525881603
10355.8447265625	-0.698095321655273	-5.259302270133048E-5	5.259302270133048E-5	38.773767525881603
10355.88671875	-0.637676239013672	-5.185056943446398E-5	5.185056943446398E-5	38.773767525881603
10355.9287109375	-0.577003479003906	-5.10576501255855E-5	5.10576501255855E-5	38.773767525881603
10355.970703125	-0.515935897827148	-5.019021045882255E-5	5.019021045882255E-5	38.773767525881603
10356.0126953125	-0.45551872253418	-4.924528184346855E-5	4.924528184346855E-5	38.773767525881603
10356.0546875	-0.394769668579102	-4.82089672004804E-5	4.82089672004804E-5	38.773767525881603
10356.0966796875	-0.334396362304687	-4.708663618657738E-5	4.708663618657738E-5	38.773767525881603
10356.138671875	-0.273290634155273	-4.585419083014131E-5	4.585419083014131E-5	38.773767525881603
10356.1806640625	-0.212541580200195	-4.448131949175149E-5	4.448131949175149E-5	38.773767525881603
10356.22265625	-0.15216064453125	-4.296668339520693E-5	4.296668339520693E-5	38.773767525881603
10356.2646484375	-0.091394424438477	-4.125946725253016E-5	4.125946725253016E-5	38.773767525881603
10356.306640625	-0.030994415283203	-3.913680848199874E-5	3.913680848199874E-5	38.773767525881603
10356.3486328125	0.03074836730957	-3.522340557537973E-5	3.522340557537973E-5	38.773767525881603
10356.390625	0.09150505065918	-2.686554216779768E-5	2.686554216779768E-5	38.773767525881603
10356.4326171875	0.151927947998047	-1.45442463690415E-5	1.45442463690415E-5	38.773767525881603
10356.5341796875	0.212619781494141	-5.1802771849907E-7	5.1802771849907E-7	38.773767525881603
10356.673828125	0.273141860961914	2.392064925516024E-5	2.392064925516024E-5	38.773767525881603
10356.7158203125	0.334285736083984	5.264385981718078E-5	5.264385981718078E-5	38.773767525881603
10356.7578125	0.395074844360352	8.609749056631699E-5	8.609749056631699E-5	38.773767525881603
10356.892578125	0.455358505249023	0.003715838305652	0.003715838305652	38.773767525881603
10356.9345703125	0.516153335571289	0.005389617756009	0.005389617756009	38.773767525881603
10356.9765625	0.577241897583008	0.00706565240398	0.00706565240398	38.773767525881603
10357.0185546875	0.637596130371094	0.008696142584085	0.008696142584085	38.773767525881603
10357.060546875	0.698392868041992	0.010302933864295	0.010302933864295	38.773767525881603
10357.1484375	0.758596420288086	0.015528559684753	0.015528559684753	38.773767525881603
10357.1904296875	0.8193359375	0.017682150006294	0.017682150006294	38.773767525881603
10357.232421875	0.880434036254883	0.019766382873058	0.019766382873058	38.773767525881603
10357.2744140625	0.940826416015625	0.021700859069824	0.021700859069824	38.773767525881603
10357.31640625	1.001565933227539	0.022633336484432	0.022633336484432	38.773767525881603
10357.3583984375	1.061933517456055	0.018932543694973	0.018932543694973	38.773767525881603
10357.400390625	1.122669219970703	0.024187803268433	0.024187803268433	38.773767525881603
10357.4423828125	1.18377685546875	0.027908571064472	0.027908571064472	38.773767525881603
10357.484375	1.244205474853516	0.033326767385006	0.033326767385006	38.773767525881603
10357.5263671875	1.304912567138672	0.036821067333221	0.036821067333221	38.773767525881603
10357.568359375	1.365266799926758	0.041064731776714	0.041064731776714	38.773767525881603
10357.6103515625	1.425878524780273	0.045037105679512	0.045037105679512	38.773767525881603
10357.65234375	1.486845016479492	0.048083961009979	0.048083961009979	38.773767525881603
10357.6943359375	1.547101974487305	0.051253452897072	0.051253452897072	38.773767525881603
10357.736328125	1.607692718505859	0.055040217936039	0.055040217936039	38.773767525881603
10357.7783203125	1.667964935302734	0.058583840727806	0.058583840727806	38.773767525881603
10357.8203125	1.728904724121094	0.06184746325016	0.06184746325016	38.773767525881603
10357.8623046875	1.789505004882812	0.06552591919899	0.06552591919899	38.773767525881603
10357.904296875	1.849767684936523	0.069064617156982	0.069064617156982	38.773767525881603
10357.9462890625	1.91038703918457	0.072295069694519	0.072295069694519	38.773767525881603
10357.98828125	1.97062873840332	0.075391456484795	0.075391456484795	38.773767525881603
10358.0302734375	2.031579971313477	0.078681372106075	0.078681372106075	38.773767525881603
10358.072265625	2.092126846313477	0.081753626465797	0.081753626465797	38.773767525881603
10358.11328125	2.152374267578125	0.084717325866222	0.084717325866222	38.773767525881603
10358.1552734375	2.212976455688477	0.087748415768147	0.087748415768147	38.773767525881603
10358.197265625	2.27326774597168	0.09071409702301	0.09071409702301	38.773767525881603
10358.2392578125	2.334171295166016	0.094315245747566	0.094315245747566	38.773767525881603
10358.28125	2.394784927368164	0.097064971923828	0.097064971923828	38.773767525881603
10358.3232421875	2.455045700073242	0.099298842251301	0.099298842251301	38.773767525881603
10358.365234375	2.453824996948242	0.100003205239773	0.100003205239773	38.773767525881603
10358.4072265625	2.445808410644531	0.100002788007259	0.100002788007259	38.773767525881603
10358.4501953125	2.441829681396484	0.100002743303776	0.100002743303776	38.773767525881603
10358.4921875	2.438350677490234	0.100002788007259	0.100002788007259	38.773767525881603
10358.5341796875	2.436023712158203	0.100002765655518	0.100002765655518	38.773767525881603
10358.576171875	2.433740615844727	0.100002743303776	0.100002743303776	38.773767525881603
10358.619140625	2.431049346923828	0.100002750754356	0.100002750754356	38.773767525881603
10358.6611328125	2.429656982421875	0.100002788007259	0.100002788007259	38.773767525881603
10358.703125	2.428606033325195	0.100002743303776	0.100002743303776	38.773767525881603
10389.6650390625	-3.000852584838867	-6.283279799390584E-5	6.283279799390584E-5	41.059811117658782
10389.70703125	-2.940471649169922	-6.315685459412634E-5	6.315685459412634E-5	41.059811117658782
10389.7490234375	-2.879728317260742	-6.32474257145077E-5	6.32474257145077E-5	41.059811117658782
10389.791015625	-2.818641662597656	-6.327891605906188E-5	6.327891605906188E-5	41.059811117658782
10389.8330078125	-2.75822639465332	-6.326798757072538E-5	6.326798757072538E-5	41.059811117658782
10389.875	-2.697538375854492	-6.323741399683058E-5	6.323741399683058E-5	41.059811117658782
10389.9169921875	-2.636953353881836	-6.31983857601881E-5	6.31983857601881E-5	41.059811117658782
10389.958984375	-2.576705932617187	-6.315622886177152E-5	6.315622886177152E-5	41.059811117658782
10390.0009765625	-2.515762329101562	-6.308990123216063E-5	6.308990123216063E-5	41.059811117658782
10390.04296875	-2.455171585083008	-6.301290704868734E-5	6.301290704868734E-5	41.059811117658782
10390.0849609375	-2.394908905029297	-6.292355828918517E-5	6.292355828918517E-5	41.059811117658782
10390.126953125	-2.334310531616211	-6.2837905716151E-5	6.2837905716151E-5	41.059811117658782
10390.1689453125	-2.273395538330078	-6.275009945966303E-5	6.275009945966303E-5	41.059811117658782
10390.2109375	-2.213127136230469	-6.263397517614067E-5	6.263397517614067E-5	41.059811117658782
10390.2529296875	-2.15251350402832	-6.251112790778279E-5	6.251112790778279E-5	41.059811117658782
10390.294921875	-2.092275619506836	-6.238451169338077E-5	6.238451169338077E-5	41.059811117658782
10390.3369140625	-2.031656265258789	-6.226132973097265E-5	6.226132973097265E-5	41.059811117658782
10390.37890625	-1.970792770385742	-6.212080188561231E-5	6.212080188561231E-5	41.059811117658782
10390.4208984375	-1.910562515258789	-6.195445894263685E-5	6.195445894263685E-5	41.059811117658782
10390.462890625	-1.849937438964844	-6.178230978548527E-5	6.178230978548527E-5	41.059811117658782
10390.5048828125	-1.789674758911133	-6.16173492744565E-5	6.16173492744565E-5	41.059811117658782
10390.546875	-1.729101181030273	-6.143763312138617E-5	6.143763312138617E-5	41.059811117658782
10390.5888671875	-1.668142318725586	-6.122500053606927E-5	6.122500053606927E-5	41.059811117658782
10390.630859375	-1.607883453369141	-6.100823520682752E-5	6.100823520682752E-5	41.059811117658782
10390.6728515625	-1.547296524047852	-6.078279693610966E-5	6.078279693610966E-5	41.059811117658782
10390.71484375	-1.487028121948242	-6.055377889424562E-5	6.055377889424562E-5	41.059811117658782
10390.7568359375	-1.426084518432617	-6.029379437677562E-5	6.029379437677562E-5	41.059811117658782
10390.798828125	-1.365478515625	-6.000560824759305E-5	6.000560824759305E-5	41.059811117658782
10390.8408203125	-1.30516242980957	-5.970845813862979E-5	5.970845813862979E-5	41.059811117658782
10390.8828125	-1.244401931762695	-5.939790571574122E-5	5.939790571574122E-5	41.059811117658782
10390.9248046875	-1.183687210083008	-5.90645067859441E-5	5.90645067859441E-5	41.059811117658782
10390.966796875	-1.122611999511719	-5.869365122634917E-5	5.869365122634917E-5	41.059811117658782
10391.0087890625	-1.062213897705078	-5.83100481890142E-5	5.83100481890142E-5	41.059811117658782
10391.05078125	-1.001453399658203	-5.789246642962098E-5	5.789246642962098E-5	41.059811117658782
10391.0927734375	-0.941062927246094	-5.745420639868826E-5	5.745420639868826E-5	41.059811117658782
10391.134765625	-0.880334854125977	-5.697913002222776E-5	5.697913002222776E-5	41.059811117658782
10391.1767578125	-0.819238662719727	-5.64613874303177E-5	5.64613874303177E-5	41.059811117658782
10391.21875	-0.758834838867187	-5.59046893613413E-5	5.59046893613413E-5	41.059811117658782
10391.2607421875	-0.698089599609375	-5.530515045393258E-5	5.530515045393258E-5	41.059811117658782
10391.302734375	-0.637691497802734	-5.466828588396311E-5	5.466828588396311E-5	41.059811117658782
10391.3447265625	-0.577011108398437	-5.398050416260958E-5	5.398050416260958E-5	41.059811117658782
10391.38671875	-0.515951156616211	-5.321171192917973E-5	5.321171192917973E-5	41.059811117658782
10391.4287109375	-0.455528259277344	-5.238981975708157E-5	5.238981975708157E-5	41.059811117658782
10391.470703125	-0.394784927368164	-5.149818025529385E-5	5.149818025529385E-5	41.059811117658782
10391.5126953125	-0.334407806396484	-5.053431959822774E-5	5.053431959822774E-5	41.059811117658782
10391.5546875	-0.273305892944336	-4.94618434458971E-5	4.94618434458971E-5	41.059811117658782
10391.5966796875	-0.212558746337891	-4.827493103221059E-5	4.827493103221059E-5	41.059811117658782
10391.638671875	-0.15217399597168	-4.697858821600676E-5	4.697858821600676E-5	41.059811117658782
10391.6806640625	-0.09141731262207	-4.554299812298268E-5	4.554299812298268E-5	41.059811117658782
10391.72265625	-0.031017303466797	-4.394525603856891E-5	4.394525603856891E-5	41.059811117658782
10391.7646484375	0.030733108520508	-4.20672440668568E-5	4.20672440668568E-5	41.059811117658782
10391.806640625	0.091476440429687	-3.968588134739548E-5	3.968588134739548E-5	41.059811117658782
10391.8486328125	0.151897430419922	-3.430727520026267E-5	3.430727520026267E-5	41.059811117658782
10391.9453125	0.212627410888672	-3.305686732346658E-6	3.305686732346658E-6	41.059811117658782
10392.0810546875	0.273136138916016	0.000217152759433	0.000217152759433	41.059811117658782
10392.2158203125	0.334192276000977	0.001173245720565	0.001173245720565	41.059811117658782
10392.2578125	0.394964218139648	0.003014234825969	0.003014234825969	41.059811117658782
10392.2998046875	0.455402374267578	0.005371837876737	0.005371837876737	41.059811117658782
10392.341796875	0.516206741333008	0.008009731769562	0.008009731769562	41.059811117658782
10392.4296875	0.577112197875977	0.010834373533726	0.010834373533726	41.059811117658782
10392.4716796875	0.637439727783203	0.013680160045624	0.013680160045624	41.059811117658782
10392.513671875	0.698209762573242	0.016604699194431	0.016604699194431	41.059811117658782
10392.5556640625	0.758598327636719	0.019541539251804	0.019541539251804	41.059811117658782
10392.59765625	0.819345474243164	0.022513471543789	0.022513471543789	41.059811117658782
10392.6396484375	0.880443572998047	0.025510363280773	0.025510363280773	41.059811117658782
10392.681640625	0.940832138061523	0.028471857309341	0.028471857309341	41.059811117658782
10392.7236328125	1.001579284667969	0.031445764005184	0.031445764005184	41.059811117658782
10392.765625	1.061986923217773	0.034388996660709	0.034388996660709	41.059811117658782
10392.8076171875	1.122726440429687	0.037332020699978	0.037332020699978	41.059811117658782
10392.849609375	1.183809280395508	0.040270887315273	0.040270887315273	41.059811117658782
10392.8916015625	1.244220733642578	0.043150164186954	0.043150164186954	41.059811117658782
10392.93359375	1.304952621459961	0.046011053025723	0.046011053025723	41.059811117658782
10392.9755859375	1.365293502807617	0.048813991248608	0.048813991248608	41.059811117658782
10393.017578125	1.425888061523437	0.051591366529465	0.051591366529465	41.059811117658782
10393.0595703125	1.486858367919922	0.054339505732059	0.054339505732059	41.059811117658782
10393.1015625	1.547115325927734	0.057009540498257	0.057009540498257	41.059811117658782
10393.1435546875	1.607700347900391	0.059646792709827	0.059646792709827	41.059811117658782
10393.185546875	1.667964935302734	0.062227442860603	0.062227442860603	41.059811117658782
10393.2275390625	1.728910446166992	0.064792282879353	0.064792282879353	41.059811117658782
10393.26953125	1.789506912231445	0.067314505577087	0.067314505577087	41.059811117658782
10393.3115234375	1.849769592285156	0.069785341620445	0.069785341620445	41.059811117658782
10393.353515625	1.910383224487305	0.072254881262779	0.072254881262779	41.059811117658782
10393.3955078125	1.970630645751953	0.074675910174847	0.074675910174847	41.059811117658782
10393.4375	2.03156852722168	0.077106907963753	0.077106907963753	41.059811117658782
10393.4794921875	2.092117309570312	0.079500645399094	0.079500645399094	41.059811117658782
10393.521484375	2.152364730834961	0.081848151981831	0.081848151981831	41.059811117658782
10393.5634765625	2.212968826293945	0.084203496575356	0.084203496575356	41.059811117658782
10393.6044921875	2.273242950439453	0.086526542901993	0.086526542901993	41.059811117658782
10393.646484375	2.334156036376953	0.088863089680672	0.088863089680672	41.059811117658782
10393.6884765625	2.394758224487305	0.091167576611042	0.091167576611042	41.059811117658782
10393.73046875	2.455028533935547	0.093461394309998	0.093461394309998	41.059811117658782
10393.7724609375	2.515617370605469	0.095768667757511	0.095768667757511	41.059811117658782
10393.814453125	2.576560974121094	0.098121292889118	0.098121292889118	41.059811117658782
10393.8564453125	2.62193489074707	0.100002028048038	0.100002028048038	41.059811117658782
10393.8984375	2.618850708007812	0.100002691149712	0.100002691149712	41.059811117658782
10393.94140625	2.615585327148437	0.100002653896809	0.100002653896809	41.059811117658782
10393.9833984375	2.612968444824219	0.100002706050873	0.100002706050873	41.059811117658782
10394.025390625	2.61083984375	0.100002698600292	0.100002698600292	41.059811117658782
10394.0673828125	2.608896255493164	0.100002683699131	0.100002683699131	41.059811117658782
10394.1103515625	2.607276916503906	0.100002661347389	0.100002661347389	41.059811117658782
