[INFO]
Keithley 2400
Meas Time: 2021/1/19 16:55:21
Params: GPIB address = GPIB0::21::INSTR; DataFile = D:\工艺实验\杨鸿博; Compliance  Level (0.1) = 0.100000000000000; Number of Points (5) = 200; Minimum Amplitude (1) = -3.000000000000000; Maximum Amplitude (2) = 3.000000000000000; Timeout (100000 ms) = 100000; Source Mode  (0: Voltage) = 0; 4-wire? = FALSE; delay(S) = 0.000000000000000; Start = ; 

[COMMENT]


[DATA]
time (s)	Voltage (V)	Current (A)	absCurrent (A)	Fitting Resistance (Ohms)

14029.9921875	-3.000690460205078	-0.000187483849004	0.000187483849004	45.656148474073618
14030.0341796875	-2.970867156982422	-0.000187193742022	0.000187193742022	45.656148474073618
14030.076171875	-2.940303802490234	-0.000186837511137	0.000186837511137	45.656148474073618
14030.1181640625	-2.91009521484375	-0.000186442746781	0.000186442746781	45.656148474073618
14030.16015625	-2.879913330078125	-0.000186099554412	0.000186099554412	45.656148474073618
14030.2021484375	-2.849697113037109	-0.000185726210475	0.000185726210475	45.656148474073618
14030.244140625	-2.819492340087891	-0.000185337965377	0.000185337965377	45.656148474073618
14030.2861328125	-2.789318084716797	-0.000184904201888	0.000184904201888	45.656148474073618
14030.328125	-2.759441375732422	-0.000184536329471	0.000184536329471	45.656148474073618
14030.3701171875	-2.728870391845703	-0.000184131436981	0.000184131436981	45.656148474073618
14030.412109375	-2.698762893676758	-0.000183729687706	0.000183729687706	45.656148474073618
14030.4541015625	-2.668968200683594	-0.000183278461918	0.000183278461918	45.656148474073618
14030.49609375	-2.638509750366211	-0.000182836898603	0.000182836898603	45.656148474073618
14030.5380859375	-2.608390808105469	-0.000182393705472	0.000182393705472	45.656148474073618
14030.580078125	-2.578603744506836	-0.000181971350685	0.000181971350685	45.656148474073618
14030.6220703125	-2.548120498657227	-0.000181502313353	0.000181502313353	45.656148474073618
14030.6640625	-2.518003463745117	-0.000181014416739	0.000181014416739	45.656148474073618
14030.7060546875	-2.488216400146484	-0.000180562376045	0.000180562376045	45.656148474073618
14030.748046875	-2.458105087280273	-0.000180089729838	0.000180089729838	45.656148474073618
14030.7900390625	-2.427635192871094	-0.000179609050974	0.000179609050974	45.656148474073618
14030.83203125	-2.397832870483398	-0.000179115915671	0.000179115915671	45.656148474073618
14030.8740234375	-2.367692947387695	-0.000178576214239	0.000178576214239	45.656148474073618
14030.916015625	-2.337247848510742	-0.000178049900569	0.000178049900569	45.656148474073618
14030.9580078125	-2.307458877563477	-0.000177562935278	0.000177562935278	45.656148474073618
14031	-2.277341842651367	-0.000177020439878	0.000177020439878	45.656148474073618
14031.0419921875	-2.246862411499023	-0.000176451634616	0.000176451634616	45.656148474073618
14031.083984375	-2.217075347900391	-0.000175868859515	0.000175868859515	45.656148474073618
14031.1259765625	-2.186948776245117	-0.000175339519046	0.000175339519046	45.656148474073618
14031.16796875	-2.156829833984375	-0.000174792134203	0.000174792134203	45.656148474073618
14031.2099609375	-2.126350402832031	-0.000174185959622	0.000174185959622	45.656148474073618
14031.251953125	-2.096588134765625	-0.000173600274138	0.000173600274138	45.656148474073618
14031.2939453125	-2.066442489624023	-0.000172969186679	0.000172969186679	45.656148474073618
14031.3359375	-2.035961151123047	-0.000172383384779	0.000172383384779	45.656148474073618
14031.3779296875	-2.006261825561523	-0.000171737046912	0.000171737046912	45.656148474073618
14031.419921875	-1.976125717163086	-0.000171059276909	0.000171059276909	45.656148474073618
14031.4619140625	-1.945652008056641	-0.000170358456671	0.000170358456671	45.656148474073618
14031.50390625	-1.915891647338867	-0.000169708277099	0.000169708277099	45.656148474073618
14031.5458984375	-1.885746002197266	-0.000169052626006	0.000169052626006	45.656148474073618
14031.587890625	-1.85595703125	-0.000168383005075	0.000168383005075	45.656148474073618
14031.6298828125	-1.825498580932617	-0.000167642487213	0.000167642487213	45.656148474073618
14031.671875	-1.795358657836914	-0.000166923622601	0.000166923622601	45.656148474073618
14031.7138671875	-1.765592575073242	-0.000166175188497	0.000166175188497	45.656148474073618
14031.755859375	-1.735130310058594	-0.00016546563711	0.00016546563711	45.656148474073618
14031.7978515625	-1.704978942871094	-0.000164687284268	0.000164687284268	45.656148474073618
14031.83984375	-1.675189971923828	-0.000163892749697	0.000163892749697	45.656148474073618
14031.8818359375	-1.644729614257812	-0.000163071206771	0.000163071206771	45.656148474073618
14031.923828125	-1.614601135253906	-0.00016232021153	0.00016232021153	45.656148474073618
14031.9658203125	-1.584817886352539	-0.000161491450854	0.000161491450854	45.656148474073618
14032.0078125	-1.5546875	-0.000160637078807	0.000160637078807	45.656148474073618
14032.048828125	-1.524215698242187	-0.000159746385179	0.000159746385179	45.656148474073618
14032.0908203125	-1.494083404541016	-0.000158832757734	0.000158832757734	45.656148474073618
14032.1328125	-1.464296340942383	-0.000158007605933	0.000158007605933	45.656148474073618
14032.1748046875	-1.433826446533203	-0.000157078844495	0.000157078844495	45.656148474073618
14032.216796875	-1.403701782226562	-0.000156144727953	0.000156144727953	45.656148474073618
14032.2587890625	-1.37391471862793	-0.000155180110596	0.000155180110596	45.656148474073618
14032.30078125	-1.343435287475586	-0.000154230860062	0.000154230860062	45.656148474073618
14032.3427734375	-1.313262939453125	-0.000153272878379	0.000153272878379	45.656148474073618
14032.384765625	-1.283403396606445	-0.000152275315486	0.000152275315486	45.656148474073618
14032.4267578125	-1.253217697143555	-0.000151247601025	0.000151247601025	45.656148474073618
14032.46875	-1.222688674926758	-0.000150187290274	0.000150187290274	45.656148474073618
14032.5107421875	-1.192827224731445	-0.000149159692228	0.000149159692228	45.656148474073618
14032.552734375	-1.162618637084961	-0.000148096703924	0.000148096703924	45.656148474073618
14032.5947265625	-1.13206672668457	-0.000146972713992	0.000146972713992	45.656148474073618
14032.63671875	-1.102222442626953	-0.000145854894072	0.000145854894072	45.656148474073618
14032.6787109375	-1.072013854980469	-0.000144732417539	0.000144732417539	45.656148474073618
14032.720703125	-1.041486740112305	-0.000143568846397	0.000143568846397	45.656148474073618
14032.7626953125	-1.011623382568359	-0.000142380013131	0.000142380013131	45.656148474073618
14032.8046875	-0.981410980224609	-0.000141160562634	0.000141160562634	45.656148474073618
14032.8466796875	-0.951572418212891	-0.000139934942126	0.000139934942126	45.656148474073618
14032.888671875	-0.921014785766602	-0.000138664618134	0.000138664618134	45.656148474073618
14032.9306640625	-0.890800476074219	-0.000137372640893	0.000137372640893	45.656148474073618
14032.97265625	-0.860641479492187	-0.000136036076583	0.000136036076583	45.656148474073618
14033.0146484375	-0.830068588256836	-0.000134653761052	0.000134653761052	45.656148474073618
14033.056640625	-0.800224304199219	-0.000133288907818	0.000133288907818	45.656148474073618
14033.0986328125	-0.770027160644531	-0.000131861306727	0.000131861306727	45.656148474073618
14033.140625	-0.739473342895508	-0.000130367930979	0.000130367930979	45.656148474073618
14033.1826171875	-0.709630966186523	-0.000128858606331	0.000128858606331	45.656148474073618
14033.224609375	-0.679431915283203	-0.000127274543047	0.000127274543047	45.656148474073618
14033.2666015625	-0.648872375488281	-0.000125678954646	0.000125678954646	45.656148474073618
14033.30859375	-0.619081497192383	-0.000124049256556	0.000124049256556	45.656148474073618
14033.3505859375	-0.588882446289062	-0.000122322933748	0.000122322933748	45.656148474073618
14033.392578125	-0.55902099609375	-0.000120577053167	0.000120577053167	45.656148474073618
14033.4345703125	-0.528497695922852	-0.000118725583889	0.000118725583889	45.656148474073618
14033.4765625	-0.498302459716797	-0.000116847106256	0.000116847106256	45.656148474073618
14033.5185546875	-0.468439102172852	-0.000114929163828	0.000114929163828	45.656148474073618
14033.560546875	-0.437889099121094	-0.000112881301902	0.000112881301902	45.656148474073618
14033.6025390625	-0.407690048217773	-0.000110791181214	0.000110791181214	45.656148474073618
14033.64453125	-0.377836227416992	-0.000108663458377	0.000108663458377	45.656148474073618
14033.6865234375	-0.347299575805664	-0.000106452731416	0.000106452731416	45.656148474073618
14033.728515625	-0.31709098815918	-0.000104168080725	0.000104168080725	45.656148474073618
14033.7705078125	-0.287242889404297	-0.000101834302768	0.000101834302768	45.656148474073618
14033.86328125	-0.257251739501953	-9.940945892594755E-5	9.940945892594755E-5	45.656148474073618
14033.9052734375	-0.226705551147461	-9.687017882242799E-5	9.687017882242799E-5	45.656148474073618
14033.947265625	-0.196832656860352	-9.432506340090185E-5	9.432506340090185E-5	45.656148474073618
14033.9892578125	-0.166652679443359	-9.166619565803558E-5	9.166619565803558E-5	45.656148474073618
14034.03125	-0.136100769042969	-8.886876457836479E-5	8.886876457836479E-5	45.656148474073618
14034.0732421875	-0.105884552001953	-8.601791341789067E-5	8.601791341789067E-5	45.656148474073618
14034.115234375	-0.076013565063477	-8.310894190799445E-5	8.310894190799445E-5	45.656148474073618
14034.1572265625	-0.045463562011719	-8.004505070857704E-5	8.004505070857704E-5	45.656148474073618
14034.19921875	-0.015247344970703	-7.690433994866908E-5	7.690433994866908E-5	45.656148474073618
14034.2412109375	0.015209197998047	-7.35918729333207E-5	7.35918729333207E-5	45.656148474073618
14034.283203125	0.045089721679687	-7.023262151051313E-5	7.023262151051313E-5	45.656148474073618
14034.3251953125	0.075660705566406	-6.66136184008792E-5	6.66136184008792E-5	45.656148474073618
14034.3671875	0.10584831237793	-6.278158980421722E-5	6.278158980421722E-5	45.656148474073618
14034.4091796875	0.135707855224609	-5.844965926371515E-5	5.844965926371515E-5	45.656148474073618
14034.451171875	0.166276931762695	-5.260822945274413E-5	5.260822945274413E-5	45.656148474073618
14034.4931640625	0.196470260620117	-4.295421240385622E-5	4.295421240385622E-5	45.656148474073618
14034.53515625	0.226371765136719	-2.257886808365583E-5	2.257886808365583E-5	45.656148474073618
14034.5771484375	0.257038116455078	2.710617991397157E-5	2.710617991397157E-5	45.656148474073618
14034.712890625	0.287187576293945	0.000160654773936	0.000160654773936	45.656148474073618
14034.7548828125	0.317104339599609	0.000429579231422	0.000429579231422	45.656148474073618
14034.796875	0.347402572631836	0.000896929763258	0.000896929763258	45.656148474073618
14034.931640625	0.377773284912109	0.001595091074705	0.001595091074705	45.656148474073618
14034.9736328125	0.407651901245117	0.002400220371783	0.002400220371783	45.656148474073618
14035.015625	0.437862396240234	0.003324068151414	0.003324068151414	45.656148474073618
14035.0576171875	0.468427658081055	0.004333258606493	0.004333258606493	45.656148474073618
14035.099609375	0.498653411865234	0.005385675933212	0.005385675933212	45.656148474073618
14035.1416015625	0.528537750244141	0.006463726516813	0.006463726516813	45.656148474073618
14035.18359375	0.559087753295898	0.007594827562571	0.007594827562571	45.656148474073618
14035.2255859375	0.58929443359375	0.008734783157706	0.008734783157706	45.656148474073618
14035.267578125	0.619176864624023	0.009877811186016	0.009877811186016	45.656148474073618
14035.35546875	0.649129867553711	0.011088952422142	0.011088952422142	45.656148474073618
14035.3974609375	0.67967414855957	0.012281969189644	0.012281969189644	45.656148474073618
14035.439453125	0.709541320800781	0.013455085456371	0.013455085456371	45.656148474073618
14035.4814453125	0.73973274230957	0.014644056558609	0.014644056558609	45.656148474073618
14035.5234375	0.770278930664062	0.015849605202675	0.015849605202675	45.656148474073618
14035.5654296875	0.800136566162109	0.017026945948601	0.017026945948601	45.656148474073618
14035.607421875	0.830339431762695	0.018218100070953	0.018218100070953	45.656148474073618
14035.6494140625	0.860897064208984	0.019424498081207	0.019424498081207	45.656148474073618
14035.69140625	0.890754699707031	0.020595967769623	0.020595967769623	45.656148474073618
14035.7333984375	0.920927047729492	0.021777614951134	0.021777614951134	45.656148474073618
14035.775390625	0.950794219970703	0.022946640849113	0.022946640849113	45.656148474073618
14035.8173828125	0.981338500976562	0.0241424664855	0.0241424664855	45.656148474073618
14035.859375	1.011526107788086	0.025317125022411	0.025317125022411	45.656148474073618
14035.9013671875	1.041400909423828	0.026478834450245	0.026478834450245	45.656148474073618
14035.943359375	1.071945190429687	0.027660511434078	0.027660511434078	45.656148474073618
14035.9853515625	1.102130889892578	0.028837136924267	0.028837136924267	45.656148474073618
14036.02734375	1.131998062133789	0.029997013509274	0.029997013509274	45.656148474073618
14036.0693359375	1.162521362304687	0.031193651258945	0.031193651258945	45.656148474073618
14036.111328125	1.192728042602539	0.032400853931904	0.032400853931904	45.656148474073618
14036.1533203125	1.222604751586914	0.033628016710281	0.033628016710281	45.656148474073618
14036.1953125	1.253124237060547	0.034907512366772	0.034907512366772	45.656148474073618
14036.236328125	1.2833251953125	0.03619709610939	0.03619709610939	45.656148474073618
14036.2783203125	1.313533782958984	0.037494637072086	0.037494637072086	45.656148474073618
14036.3203125	1.3433837890625	0.038789168000221	0.038789168000221	45.656148474073618
14036.3623046875	1.373863220214844	0.040081851184368	0.040081851184368	45.656148474073618
14036.404296875	1.40400505065918	0.041437841951847	0.041437841951847	45.656148474073618
14036.4462890625	1.433771133422852	0.042708210647106	0.042708210647106	45.656148474073618
14036.48828125	1.46424674987793	0.044007606804371	0.044007606804371	45.656148474073618
14036.5302734375	1.494379043579102	0.045369662344456	0.045369662344456	45.656148474073618
14036.572265625	1.524171829223633	0.046706892549992	0.046706892549992	45.656148474073618
14036.6142578125	1.55463981628418	0.048049218952656	0.048049218952656	45.656148474073618
14036.65625	1.58477783203125	0.049422137439251	0.049422137439251	45.656148474073618
14036.6982421875	1.614538192749023	0.050801642239094	0.050801642239094	45.656148474073618
14036.740234375	1.644693374633789	0.053120881319046	0.053120881319046	45.656148474073618
14036.7822265625	1.675159454345703	0.054485134780407	0.054485134780407	45.656148474073618
14036.82421875	1.704946517944336	0.055850937962532	0.055850937962532	45.656148474073618
14036.8662109375	1.735084533691406	0.057353869080544	0.057353869080544	45.656148474073618
14036.908203125	1.765562057495117	0.058821603655815	0.058821603655815	45.656148474073618
14036.9501953125	1.79533576965332	0.060315385460854	0.060315385460854	45.656148474073618
14036.9921875	1.825468063354492	0.061687327921391	0.061687327921391	45.656148474073618
14037.0341796875	1.855936050415039	0.063119351863861	0.063119351863861	45.656148474073618
14037.076171875	1.88572883605957	0.064521908760071	0.064521908760071	45.656148474073618
14037.1181640625	1.915868759155273	0.065933115780354	0.065933115780354	45.656148474073618
14037.16015625	1.945640563964844	0.066847279667854	0.066847279667854	45.656148474073618
14037.2021484375	1.976371765136719	0.067699313163757	0.067699313163757	45.656148474073618
14037.244140625	2.006303787231445	0.058780670166016	0.058780670166016	45.656148474073618
14037.2861328125	2.035993576049805	0.058528110384941	0.058528110384941	45.656148474073618
14037.328125	2.066415786743164	0.060157299041748	0.060157299041748	45.656148474073618
14037.3701171875	2.096540451049805	0.060978107154369	0.060978107154369	45.656148474073618
14037.4111328125	2.126298904418945	0.062396600842476	0.062396600842476	45.656148474073618
14037.453125	2.156784057617187	0.064775377511978	0.064775377511978	45.656148474073618
14037.4951171875	2.186931610107422	0.066350378096104	0.066350378096104	45.656148474073618
14037.537109375	2.217039108276367	0.067989014089108	0.067989014089108	45.656148474073618
14037.5791015625	2.246847152709961	0.0696622133255	0.0696622133255	45.656148474073618
14037.62109375	2.277334213256836	0.071787871420383	0.071787871420383	45.656148474073618
14037.6630859375	2.307435989379883	0.072822861373425	0.072822861373425	45.656148474073618
14037.705078125	2.337230682373047	0.074292950332165	0.074292950332165	45.656148474073618
14037.7470703125	2.367706298828125	0.075673684477806	0.075673684477806	45.656148474073618
14037.7890625	2.397811889648437	0.07716204226017	0.07716204226017	45.656148474073618
14037.8310546875	2.427618026733398	0.078888259828091	0.078888259828091	45.656148474073618
14037.873046875	2.458101272583008	0.080695636570454	0.080695636570454	45.656148474073618
14037.9150390625	2.48820686340332	0.082011796534061	0.082011796534061	45.656148474073618
14037.95703125	2.517993927001953	0.083567842841148	0.083567842841148	45.656148474073618
14037.9990234375	2.548118591308594	0.085036054253578	0.085036054253578	45.656148474073618
14038.041015625	2.578603744506836	0.087079919874668	0.087079919874668	45.656148474073618
14038.0830078125	2.608356475830078	0.08696187287569	0.08696187287569	45.656148474073618
14038.125	2.638547897338867	0.089565426111221	0.089565426111221	45.656148474073618
14038.1669921875	2.668966293334961	0.091483540832996	0.091483540832996	45.656148474073618
14038.208984375	2.698760986328125	0.094337113201618	0.094337113201618	45.656148474073618
14038.2509765625	2.728887557983398	0.09600318223238	0.09600318223238	45.656148474073618
14038.29296875	2.759416580200195	0.097249306738377	0.097249306738377	45.656148474073618
14038.3349609375	2.789304733276367	0.098698444664478	0.098698444664478	45.656148474073618
14038.3759765625	2.806476593017578	0.099988602101803	0.099988602101803	45.656148474073618
14038.4189453125	2.794261932373047	0.100002959370613	0.100002959370613	45.656148474073618
14038.4609375	2.788274765014648	0.100002959370613	0.100002959370613	45.656148474073618
14038.5029296875	2.787059783935547	0.100002877414227	0.100002877414227	45.656148474073618
14038.544921875	2.787906646728516	0.100002929568291	0.100002929568291	45.656148474073618
14038.587890625	2.791070938110352	0.100002840161324	0.100002840161324	45.656148474073618
14038.6298828125	2.777576446533203	0.100002996623516	0.100002996623516	45.656148474073618
14048.271484375	-3.000705718994141	-0.00018810830079	0.00018810830079	43.258214270331557
14048.3134765625	-2.970865249633789	-0.000187783152796	0.000187783152796	43.258214270331557
14048.35546875	-2.940328598022461	-0.000187445897609	0.000187445897609	43.258214270331557
14048.3974609375	-2.910102844238281	-0.000187050900422	0.000187050900422	43.258214270331557
14048.439453125	-2.879920959472656	-0.000186679069884	0.000186679069884	43.258214270331557
14048.4814453125	-2.849706649780273	-0.000186290242709	0.000186290242709	43.258214270331557
14048.5234375	-2.819494247436523	-0.00018592691049	0.00018592691049	43.258214270331557
14048.5654296875	-2.789329528808594	-0.000185497687198	0.000185497687198	43.258214270331557
14048.607421875	-2.759443283081055	-0.00018505868502	0.00018505868502	43.258214270331557
14048.6494140625	-2.728878021240234	-0.000184636795893	0.000184636795893	43.258214270331557
14048.69140625	-2.698760986328125	-0.000184223987162	0.000184223987162	43.258214270331557
14048.7333984375	-2.668968200683594	-0.000183831085451	0.000183831085451	43.258214270331557
14048.775390625	-2.638521194458008	-0.000183351221494	0.000183351221494	43.258214270331557
14048.8173828125	-2.608396530151367	-0.000182891380973	0.000182891380973	43.258214270331557
14048.859375	-2.57859992980957	-0.000182452029549	0.000182452029549	43.258214270331557
14048.9013671875	-2.548130035400391	-0.000181985553354	0.000181985553354	43.258214270331557
14048.943359375	-2.518001556396484	-0.000181525480002	0.000181525480002	43.258214270331557
14048.9853515625	-2.488214492797852	-0.000181025010534	0.000181025010534	43.258214270331557
14049.02734375	-2.458110809326172	-0.00018053734675	0.00018053734675	43.258214270331557
14049.0693359375	-2.427629470825195	-0.000180017435923	0.000180017435923	43.258214270331557
14049.111328125	-2.397848129272461	-0.000179522787221	0.000179522787221	43.258214270331557
14049.1533203125	-2.367708206176758	-0.000178993097506	0.000178993097506	43.258214270331557
14049.1953125	-2.337251663208008	-0.000178452464752	0.000178452464752	43.258214270331557
14049.2373046875	-2.307468414306641	-0.000177925336175	0.000177925336175	43.258214270331557
14049.279296875	-2.27734375	-0.000177415902726	0.000177415902726	43.258214270331557
14049.3212890625	-2.246871948242187	-0.000176825211383	0.000176825211383	43.258214270331557
14049.36328125	-2.217090606689453	-0.000176234054379	0.000176234054379	43.258214270331557
14049.4052734375	-2.186956405639648	-0.000175649300218	0.000175649300218	43.258214270331557
14049.447265625	-2.156835556030273	-0.000175062566996	0.000175062566996	43.258214270331557
14049.4892578125	-2.126348495483398	-0.000174480956048	0.000174480956048	43.258214270331557
14049.53125	-2.096586227416992	-0.000173879787326	0.000173879787326	43.258214270331557
14049.5732421875	-2.066432952880859	-0.00017321202904	0.00017321202904	43.258214270331557
14049.615234375	-2.035972595214844	-0.000172592117451	0.000172592117451	43.258214270331557
14049.6572265625	-2.006267547607422	-0.000171962543391	0.000171962543391	43.258214270331557
14049.69921875	-1.976133346557617	-0.000171350315213	0.000171350315213	43.258214270331557
14049.7412109375	-1.945655822753906	-0.000170646468177	0.000170646468177	43.258214270331557
14049.783203125	-1.915885925292969	-0.0001699347049	0.0001699347049	43.258214270331557
14049.8251953125	-1.885747909545898	-0.000169272185303	0.000169272185303	43.258214270331557
14049.8671875	-1.855958938598633	-0.000168604310602	0.000168604310602	43.258214270331557
14049.9091796875	-1.825508117675781	-0.000167885213159	0.000167885213159	43.258214270331557
14049.951171875	-1.795373916625977	-0.000167152495123	0.000167152495123	43.258214270331557
14049.9931640625	-1.765598297119141	-0.000166401267052	0.000166401267052	43.258214270331557
14050.03515625	-1.735143661499023	-0.000165630248375	0.000165630248375	43.258214270331557
14050.076171875	-1.704994201660156	-0.000164853991009	0.000164853991009	43.258214270331557
14050.1181640625	-1.675210952758789	-0.000164077384397	0.000164077384397	43.258214270331557
14050.16015625	-1.644733428955078	-0.000163271906786	0.000163271906786	43.258214270331557
14050.2021484375	-1.614608764648437	-0.000162431155331	0.000162431155331	43.258214270331557
14050.244140625	-1.584821701049805	-0.00016163114924	0.00016163114924	43.258214270331557
14050.2861328125	-1.554716110229492	-0.000160799943842	0.000160799943842	43.258214270331557
14050.328125	-1.52421760559082	-0.000159914721735	0.000159914721735	43.258214270331557
14050.3701171875	-1.49409294128418	-0.000159012735821	0.000159012735821	43.258214270331557
14050.412109375	-1.464303970336914	-0.000158132053912	0.000158132053912	43.258214270331557
14050.4541015625	-1.433822631835937	-0.000157229951583	0.000157229951583	43.258214270331557
14050.49609375	-1.403711318969727	-0.000156314461492	0.000156314461492	43.258214270331557
14050.5380859375	-1.373918533325195	-0.000155394896865	0.000155394896865	43.258214270331557
14050.580078125	-1.343448638916016	-0.000154391746037	0.000154391746037	43.258214270331557
14050.6220703125	-1.313266754150391	-0.000153419096023	0.000153419096023	43.258214270331557
14050.6640625	-1.283409118652344	-0.000152424559928	0.000152424559928	43.258214270331557
14050.7060546875	-1.253217697143555	-0.000151406857185	0.000151406857185	43.258214270331557
14050.748046875	-1.222686767578125	-0.000150344567373	0.000150344567373	43.258214270331557
14050.7900390625	-1.192827224731445	-0.000149311614223	0.000149311614223	43.258214270331557
14050.83203125	-1.162622451782227	-0.000148268532939	0.000148268532939	43.258214270331557
14050.8740234375	-1.132076263427734	-0.000147164799273	0.000147164799273	43.258214270331557
14050.916015625	-1.102226257324219	-0.000146050355397	0.000146050355397	43.258214270331557
14050.9580078125	-1.072019577026367	-0.000144906109199	0.000144906109199	43.258214270331557
14051	-1.041492462158203	-0.000143724726513	0.000143724726513	43.258214270331557
14051.0419921875	-1.011629104614258	-0.000142559525557	0.000142559525557	43.258214270331557
14051.083984375	-0.981418609619141	-0.000141345779411	0.000141345779411	43.258214270331557
14051.1259765625	-0.951574325561523	-0.000140122254379	0.000140122254379	43.258214270331557
14051.16796875	-0.921016693115234	-0.00013881677296	0.00013881677296	43.258214270331557
14051.2099609375	-0.890815734863281	-0.000137544353493	0.000137544353493	43.258214270331557
14051.251953125	-0.860639572143555	-0.00013622303959	0.00013622303959	43.258214270331557
14051.2939453125	-0.830089569091797	-0.000134857371449	0.000134857371449	43.258214270331557
14051.3359375	-0.800222396850586	-0.000133462832309	0.000133462832309	43.258214270331557
14051.3779296875	-0.770034790039062	-0.000132023938932	0.000132023938932	43.258214270331557
14051.419921875	-0.739463806152344	-0.000130552332848	0.000130552332848	43.258214270331557
14051.4619140625	-0.709636688232422	-0.000129064079374	0.000129064079374	43.258214270331557
14051.50390625	-0.679431915283203	-0.000127496314235	0.000127496314235	43.258214270331557
14051.5458984375	-0.648870468139648	-0.000125863938592	0.000125863938592	43.258214270331557
14051.587890625	-0.619081497192383	-0.000124229583889	0.000124229583889	43.258214270331557
14051.6298828125	-0.588876724243164	-0.000122543657199	0.000122543657199	43.258214270331557
14051.671875	-0.559026718139648	-0.000120809534565	0.000120809534565	43.258214270331557
14051.7138671875	-0.52850341796875	-0.000118951895274	0.000118951895274	43.258214270331557
14051.755859375	-0.498302459716797	-0.000117040122859	0.000117040122859	43.258214270331557
14051.7978515625	-0.468442916870117	-0.000115114729851	0.000115114729851	43.258214270331557
14051.83984375	-0.43787956237793	-0.000113097717986	0.000113097717986	43.258214270331557
14051.8818359375	-0.407697677612305	-0.000111027504317	0.000111027504317	43.258214270331557
14051.923828125	-0.377838134765625	-0.000108896521851	0.000108896521851	43.258214270331557
14051.9658203125	-0.347307205200195	-0.000106648309156	0.000106648309156	43.258214270331557
14052.0078125	-0.317102432250977	-0.000104364240542	0.000104364240542	43.258214270331557
14052.0498046875	-0.287246704101562	-0.000102047459222	0.000102047459222	43.258214270331557
14052.142578125	-0.257251739501953	-9.962223703041673E-5	9.962223703041673E-5	43.258214270331557
14052.1845703125	-0.226716995239258	-9.709758160170168E-5	9.709758160170168E-5	43.258214270331557
14052.2265625	-0.19685173034668	-9.453245729673654E-5	9.453245729673654E-5	43.258214270331557
14052.2685546875	-0.166652679443359	-9.185505041386932E-5	9.185505041386932E-5	43.258214270331557
14052.310546875	-0.136102676391602	-8.907281153369695E-5	8.907281153369695E-5	43.258214270331557
14052.3525390625	-0.105890274047852	-8.622763562016189E-5	8.622763562016189E-5	43.258214270331557
14052.39453125	-0.076030731201172	-8.333052392117679E-5	8.333052392117679E-5	43.258214270331557
14052.4365234375	-0.045475006103516	-8.023611735552549E-5	8.023611735552549E-5	43.258214270331557
14052.478515625	-0.015251159667969	-7.707135227974504E-5	7.707135227974504E-5	43.258214270331557
14052.5205078125	0.015224456787109	-7.375763379968703E-5	7.375763379968703E-5	43.258214270331557
14052.5625	0.04509162902832	-7.040979107841849E-5	7.040979107841849E-5	43.258214270331557
14052.6044921875	0.075651168823242	-6.680063961539418E-5	6.680063961539418E-5	43.258214270331557
14052.646484375	0.105840682983398	-6.294554623309523E-5	6.294554623309523E-5	43.258214270331557
14052.6884765625	0.135715484619141	-5.859420343767852E-5	5.859420343767852E-5	43.258214270331557
14052.73046875	0.166292190551758	-5.277393211144954E-5	5.277393211144954E-5	43.258214270331557
14052.7724609375	0.19647216796875	-4.316886770538986E-5	4.316886770538986E-5	43.258214270331557
14052.814453125	0.226373672485352	-2.284768561366946E-5	2.284768561366946E-5	43.258214270331557
14052.8564453125	0.257040023803711	2.690733526833355E-5	2.690733526833355E-5	43.258214270331557
14052.9921875	0.287187576293945	0.000162272481248	0.000162272481248	43.258214270331557
14053.0341796875	0.317111968994141	0.000440448522568	0.000440448522568	43.258214270331557
14053.076171875	0.347412109375	0.000934018404223	0.000934018404223	43.258214270331557
14053.2109375	0.377777099609375	0.001680546440184	0.001680546440184	43.258214270331557
14053.251953125	0.407657623291016	0.002553654834628	0.002553654834628	43.258214270331557
14053.2939453125	0.437881469726562	0.003558268770576	0.003558268770576	43.258214270331557
14053.3359375	0.468439102172852	0.004661900922656	0.004661900922656	43.258214270331557
14053.3779296875	0.498661041259766	0.005814970470965	0.005814970470965	43.258214270331557
14053.419921875	0.528553009033203	0.007000263780355	0.007000263780355	43.258214270331557
14053.4619140625	0.559104919433594	0.008246437646449	0.008246437646449	43.258214270331557
14053.50390625	0.589321136474609	0.009505734778941	0.009505734778941	43.258214270331557
14053.5927734375	0.619001388549805	0.010781601071358	0.010781601071358	43.258214270331557
14053.634765625	0.649143218994141	0.012074939906597	0.012074939906597	43.258214270331557
14053.67578125	0.6796875	0.013398796319962	0.013398796319962	43.258214270331557
14053.7177734375	0.709543228149414	0.014705166220665	0.014705166220665	43.258214270331557
14053.759765625	0.739742279052734	0.016034804284573	0.016034804284573	43.258214270331557
14053.8017578125	0.770286560058594	0.01738740503788	0.01738740503788	43.258214270331557
14053.84375	0.800138473510742	0.018716037273407	0.018716037273407	43.258214270331557
14053.8857421875	0.830339431762695	0.020064517855644	0.020064517855644	43.258214270331557
14053.927734375	0.860893249511719	0.021432802081108	0.021432802081108	43.258214270331557
14053.9697265625	0.8907470703125	0.022773034870625	0.022773034870625	43.258214270331557
14054.01171875	0.920928955078125	0.024129778146744	0.024129778146744	43.258214270331557
14054.0537109375	0.950803756713867	0.025474168360233	0.025474168360233	43.258214270331557
14054.095703125	0.981332778930664	0.026849463582039	0.026849463582039	43.258214270331557
14054.1376953125	1.011537551879883	0.028210580348969	0.028210580348969	43.258214270331557
14054.1796875	1.041414260864258	0.029556699097157	0.029556699097157	43.258214270331557
14054.2216796875	1.071945190429687	0.03093147277832	0.03093147277832	43.258214270331557
14054.263671875	1.102146148681641	0.032290168106556	0.032290168106556	43.258214270331557
14054.3056640625	1.132011413574219	0.033633463084698	0.033633463084698	43.258214270331557
14054.34765625	1.162532806396484	0.035004004836082	0.035004004836082	43.258214270331557
14054.3896484375	1.192743301391602	0.036358155310154	0.036358155310154	43.258214270331557
14054.431640625	1.222618103027344	0.037694238126278	0.037694238126278	43.258214270331557
14054.4736328125	1.253139495849609	0.039056532084942	0.039056532084942	43.258214270331557
14054.515625	1.283344268798828	0.040400922298431	0.040400922298431	43.258214270331557
14054.5576171875	1.313560485839844	0.041741780936718	0.041741780936718	43.258214270331557
14054.599609375	1.343393325805664	0.043061494827271	0.043061494827271	43.258214270331557
14054.6416015625	1.373876571655273	0.044405490159988	0.044405490159988	43.258214270331557
14054.68359375	1.404016494750977	0.045729219913483	0.045729219913483	43.258214270331557
14054.7255859375	1.433786392211914	0.047030434012413	0.047030434012413	43.258214270331557
14054.767578125	1.464265823364258	0.048356793820858	0.048356793820858	43.258214270331557
14054.80859375	1.494407653808594	0.049656413495541	0.049656413495541	43.258214270331557
14054.8505859375	1.524190902709961	0.050936549901962	0.050936549901962	43.258214270331557
14054.892578125	1.554662704467773	0.052240833640099	0.052240833640099	43.258214270331557
14054.9345703125	1.584804534912109	0.053524687886238	0.053524687886238	43.258214270331557
14054.9765625	1.614582061767578	0.054780505597591	0.054780505597591	43.258214270331557
14055.0185546875	1.644710540771484	0.056055285036564	0.056055285036564	43.258214270331557
14055.060546875	1.675172805786133	0.05733772367239	0.05733772367239	43.258214270331557
14055.1025390625	1.704967498779297	0.058585129678249	0.058585129678249	43.258214270331557
14055.14453125	1.735095977783203	0.059840247035027	0.059840247035027	43.258214270331557
14055.1865234375	1.765573501586914	0.061101749539375	0.061101749539375	43.258214270331557
14055.228515625	1.79534912109375	0.062326863408089	0.062326863408089	43.258214270331557
14055.2705078125	1.825481414794922	0.063559524714947	0.063559524714947	43.258214270331557
14055.3125	1.855949401855469	0.064797811210155	0.064797811210155	43.258214270331557
14055.3544921875	1.885732650756836	0.066002286970615	0.066002286970615	43.258214270331557
14055.396484375	1.915878295898437	0.067211978137493	0.067211978137493	43.258214270331557
14055.4384765625	1.945663452148437	0.068397685885429	0.068397685885429	43.258214270331557
14055.48046875	1.976114273071289	0.069602116942406	0.069602116942406	43.258214270331557
14055.5224609375	2.006265640258789	0.070786252617836	0.070786252617836	43.258214270331557
14055.564453125	2.036033630371094	0.07195471227169	0.07195471227169	43.258214270331557
14055.6064453125	2.066442489624023	0.07314408570528	0.07314408570528	43.258214270331557
14055.6484375	2.096582412719727	0.074316471815109	0.074316471815109	43.258214270331557
14055.6904296875	2.126344680786133	0.075468495488167	0.075468495488167	43.258214270331557
14055.732421875	2.156829833984375	0.076645351946354	0.076645351946354	43.258214270331557
14055.7744140625	2.186967849731445	0.077800028026104	0.077800028026104	43.258214270331557
14055.8154296875	2.217079162597656	0.078957006335258	0.078957006335258	43.258214270331557
14055.857421875	2.246879577636719	0.080096952617168	0.080096952617168	43.258214270331557
14055.8994140625	2.277362823486328	0.081253618001938	0.081253618001938	43.258214270331557
14055.94140625	2.307464599609375	0.082389496266842	0.082389496266842	43.258214270331557
14055.9833984375	2.337257385253906	0.083513259887695	0.083513259887695	43.258214270331557
14056.025390625	2.367725372314453	0.084635600447655	0.084635600447655	43.258214270331557
14056.0673828125	2.39784049987793	0.085745610296726	0.085745610296726	43.258214270331557
14056.109375	2.427639007568359	0.086898192763329	0.086898192763329	43.258214270331557
14056.1513671875	2.458118438720703	0.08804502338171	0.08804502338171	43.258214270331557
14056.193359375	2.488229751586914	0.089174881577492	0.089174881577492	43.258214270331557
14056.2353515625	2.518014907836914	0.090274579823017	0.090274579823017	43.258214270331557
14056.27734375	2.54814338684082	0.09137187153101	0.09137187153101	43.258214270331557
14056.3193359375	2.578622817993164	0.092465378344059	0.092465378344059	43.258214270331557
14056.361328125	2.608406066894531	0.093536458909512	0.093536458909512	43.258214270331557
14056.4033203125	2.638538360595703	0.094631522893906	0.094631522893906	43.258214270331557
14056.4453125	2.669002532958984	0.095704533159733	0.095704533159733	43.258214270331557
14056.4873046875	2.698781967163086	0.096760831773281	0.096760831773281	43.258214270331557
14056.529296875	2.728899002075195	0.097811169922352	0.097811169922352	43.258214270331557
14056.5712890625	2.759452819824219	0.098847232758999	0.098847232758999	43.258214270331557
14056.61328125	2.789318084716797	0.099928580224514	0.099928580224514	43.258214270331557
14056.6552734375	2.795585632324219	0.100003361701965	0.100003361701965	43.258214270331557
14056.697265625	2.792078018188477	0.100002788007259	0.100002788007259	43.258214270331557
14056.7392578125	2.791780471801758	0.100002758204937	0.100002758204937	43.258214270331557
14056.78125	2.80488395690918	0.100002720952034	0.100002720952034	43.258214270331557
14056.82421875	2.816143035888672	0.100002780556679	0.100002780556679	43.258214270331557
14056.8662109375	2.810024261474609	0.100002847611904	0.100002847611904	43.258214270331557
14056.908203125	2.805852890014648	0.10000279545784	0.10000279545784	43.258214270331557
