[INFO]
Keithley 2400
Meas Time: 2021/1/19 8:34:26
Params: GPIB address = GPIB0::21::INSTR; DataFile = D:\工艺实验\梁坤; Compliance  Level (0.1) = 0.100000000000000; Number of Points (5) = 50; Minimum Amplitude (1) = -3.000000000000000; Maximum Amplitude (2) = 5.000000000000000; Timeout (100000 ms) = 100000; Source Mode  (0: Voltage) = 0; 4-wire? = FALSE; delay(S) = 0.000000000000000; Start = ; 

[COMMENT]


[DATA]
time (s)	Voltage (V)	Current (A)	absCurrent (A)	Fitting Resistance (Ohms)

2235.666015625	-3.001029968261719	-0.000872893724591	0.000872893724591	25.767791860739994
2235.7080078125	-2.837383270263672	-0.000873015960678	0.000873015960678	25.767791860739994
2235.75	-2.674121856689453	-0.000872761476785	0.000872761476785	25.767791860739994
2235.7919921875	-2.510810852050781	-0.000872739357874	0.000872739357874	25.767791860739994
2235.833984375	-2.348201751708984	-0.000872666249052	0.000872666249052	25.767791860739994
2235.8759765625	-2.184873580932617	-0.000872186152264	0.000872186152264	25.767791860739994
2235.91796875	-2.021936416625977	-0.0008713635616	0.0008713635616	25.767791860739994
2235.9599609375	-1.858604431152344	-0.000870677409694	0.000870677409694	25.767791860739994
2236.001953125	-1.695627212524414	-0.000869774492458	0.000869774492458	25.767791860739994
2236.0439453125	-1.532304763793945	-0.000868674367666	0.000868674367666	25.767791860739994
2236.0859375	-1.369651794433594	-0.000867008464411	0.000867008464411	25.767791860739994
2236.1279296875	-1.20606803894043	-0.000865162117407	0.000865162117407	25.767791860739994
2236.169921875	-1.042741775512695	-0.000862945569679	0.000862945569679	25.767791860739994
2236.2119140625	-0.879087448120117	-0.00086000142619	0.00086000142619	25.767791860739994
2236.25390625	-0.715734481811523	-0.000855849590153	0.000855849590153	25.767791860739994
2236.2958984375	-0.552135467529297	-0.000850585056469	0.000850585056469	25.767791860739994
2236.337890625	-0.389142990112305	-0.00084358965978	0.00084358965978	25.767791860739994
2236.3798828125	-0.225482940673828	-0.000833820551634	0.000833820551634	25.767791860739994
2236.421875	-0.061817169189453	-0.000819177599624	0.000819177599624	25.767791860739994
2236.4638671875	0.10228157043457	-0.000744008459151	0.000744008459151	25.767791860739994
2236.505859375	0.266246795654297	0.000774431333411	0.000774431333411	25.767791860739994
2236.5947265625	0.429082870483398	0.010337270796299	0.010337270796299	25.767791860739994
2236.63671875	0.592765808105469	0.025919020175934	0.025919020175934	25.767791860739994
2236.6787109375	0.756053924560547	0.042897216975689	0.042897216975689	25.767791860739994
2236.720703125	0.919746398925781	0.060293883085251	0.060293883085251	25.767791860739994
2236.7626953125	1.082756042480469	0.077579528093338	0.077579528093338	25.767791860739994
2236.8046875	1.246471405029297	0.094571895897388	0.094571895897388	25.767791860739994
2236.8466796875	1.299352645874023	0.100001946091652	0.100001946091652	25.767791860739994
2236.888671875	1.299238204956055	0.100001432001591	0.100001432001591	25.767791860739994
2236.9306640625	1.299171447753906	0.100001461803913	0.100001461803913	25.767791860739994
2236.97265625	1.29911994934082	0.100001454353333	0.100001454353333	25.767791860739994
2237.015625	1.299083709716797	0.10000142455101	0.10000142455101	25.767791860739994
2237.0576171875	1.299053192138672	0.10000141710043	0.10000141710043	25.767791860739994
2237.099609375	1.299020767211914	0.100001402199268	0.100001402199268	25.767791860739994
2237.1416015625	1.298995971679687	0.100001387298107	0.100001387298107	25.767791860739994
2237.1845703125	1.298976898193359	0.10000141710043	0.10000141710043	25.767791860739994
2237.2265625	1.29896354675293	0.100001402199268	0.100001402199268	25.767791860739994
2237.2685546875	1.298948287963867	0.100001372396946	0.100001372396946	25.767791860739994
2237.310546875	1.298929214477539	0.100001350045204	0.100001350045204	25.767791860739994
2237.353515625	1.298912048339844	0.100001387298107	0.100001387298107	25.767791860739994
2237.3955078125	1.298900604248047	0.100001364946365	0.100001364946365	25.767791860739994
2237.4375	1.29888916015625	0.10000142455101	0.10000142455101	25.767791860739994
2237.48046875	1.298873901367187	0.100001402199268	0.100001402199268	25.767791860739994
2237.5224609375	1.298862457275391	0.100001372396946	0.100001372396946	25.767791860739994
2237.564453125	1.298849105834961	0.100001372396946	0.100001372396946	25.767791860739994
2237.6064453125	1.298851013183594	0.100001350045204	0.100001350045204	25.767791860739994
2237.6494140625	1.298839569091797	0.100001342594624	0.100001342594624	25.767791860739994
2237.69140625	1.298822402954102	0.100001312792301	0.100001312792301	25.767791860739994
2237.7333984375	1.298816680908203	0.100001320242882	0.100001320242882	25.767791860739994
2237.775390625	1.298810958862305	0.100001357495785	0.100001357495785	25.767791860739994
