[INFO]
Keithley 2400
Meas Time: 2021/1/19 10:47:38
Params: GPIB address = GPIB0::21::INSTR; DataFile = D:\工艺实验\梁军豪; Compliance  Level (0.1) = 0.100000000000000; Number of Points (5) = 100; Minimum Amplitude (1) = -3.000000000000000; Maximum Amplitude (2) = 3.000000000000000; Timeout (100000 ms) = 100000; Source Mode  (0: Voltage) = 0; 4-wire? = FALSE; delay(S) = 0.000000000000000; Start = ; 

[COMMENT]


[DATA]
time (s)	Voltage (V)	Current (A)	absCurrent (A)	Fitting Resistance (Ohms)

10224.98046875	-3.000730514526367	-0.001168022863567	0.001168022863567	27.55562263704476
10225.0224609375	-2.940349578857422	-0.001168513670564	0.001168513670564	27.55562263704476
10225.064453125	-2.879600524902344	-0.001168316230178	0.001168316230178	27.55562263704476
10225.1064453125	-2.818519592285156	-0.001168091781437	0.001168091781437	27.55562263704476
10225.1484375	-2.758098602294922	-0.001168077811599	0.001168077811599	27.55562263704476
10225.1904296875	-2.697416305541992	-0.001167853362858	0.001167853362858	27.55562263704476
10225.232421875	-2.636831283569336	-0.001167326234281	0.001167326234281	27.55562263704476
10225.2744140625	-2.576574325561523	-0.001166540198028	0.001166540198028	27.55562263704476
10225.31640625	-2.515640258789062	-0.001166024245322	0.001166024245322	27.55562263704476
10225.3583984375	-2.455049514770508	-0.001165619120002	0.001165619120002	27.55562263704476
10225.400390625	-2.394784927368164	-0.001164806075394	0.001164806075394	27.55562263704476
10225.4423828125	-2.334190368652344	-0.001163727603853	0.001163727603853	27.55562263704476
10225.484375	-2.273273468017578	-0.001162892207503	0.001162892207503	27.55562263704476
10225.5263671875	-2.21299934387207	-0.001162067987025	0.001162067987025	27.55562263704476
10225.568359375	-2.152410507202148	-0.001161137595773	0.001161137595773	27.55562263704476
10225.6103515625	-2.092157363891602	-0.001159906387329	0.001159906387329	27.55562263704476
10225.65234375	-2.031530380249023	-0.001158572733402	0.001158572733402	27.55562263704476
10225.6943359375	-1.970672607421875	-0.00115732382983	0.00115732382983	27.55562263704476
10225.736328125	-1.910444259643555	-0.001156103797257	0.001156103797257	27.55562263704476
10225.7783203125	-1.849828720092773	-0.001154608093202	0.001154608093202	27.55562263704476
10225.8193359375	-1.789566040039062	-0.001152825541794	0.001152825541794	27.55562263704476
10225.861328125	-1.728979110717773	-0.001151135191321	0.001151135191321	27.55562263704476
10225.9033203125	-1.668022155761719	-0.001149501651525	0.001149501651525	27.55562263704476
10225.9453125	-1.607769012451172	-0.001147825270891	0.001147825270891	27.55562263704476
10225.9873046875	-1.547161102294922	-0.001145521178842	0.001145521178842	27.55562263704476
10226.029296875	-1.486911773681641	-0.001143081113696	0.001143081113696	27.55562263704476
10226.0712890625	-1.425960540771484	-0.001140916720033	0.001140916720033	27.55562263704476
10226.11328125	-1.365371704101562	-0.001138711348176	0.001138711348176	27.55562263704476
10226.1552734375	-1.305051803588867	-0.001135799102485	0.001135799102485	27.55562263704476
10226.197265625	-1.244293212890625	-0.001132781617343	0.001132781617343	27.55562263704476
10226.2392578125	-1.183568954467773	-0.001129717566073	0.001129717566073	27.55562263704476
10226.28125	-1.122499465942383	-0.001126749441028	0.001126749441028	27.55562263704476
10226.3232421875	-1.062089920043945	-0.001123001798987	0.001123001798987	27.55562263704476
10226.365234375	-1.001348495483398	-0.001119052991271	0.001119052991271	27.55562263704476
10226.4072265625	-0.940946578979492	-0.001114867627621	0.001114867627621	27.55562263704476
10226.44921875	-0.880224227905273	-0.00111077260226	0.00111077260226	27.55562263704476
10226.4912109375	-0.819131851196289	-0.001106093637645	0.001106093637645	27.55562263704476
10226.533203125	-0.75872802734375	-0.001100864261389	0.001100864261389	27.55562263704476
10226.5751953125	-0.697999954223633	-0.001095072366297	0.001095072366297	27.55562263704476
10226.6171875	-0.637588500976562	-0.001089094206691	0.001089094206691	27.55562263704476
10226.6591796875	-0.576902389526367	-0.001082693226635	0.001082693226635	27.55562263704476
10226.701171875	-0.515846252441406	-0.001075536943972	0.001075536943972	27.55562263704476
10226.7431640625	-0.45543098449707	-0.001067750155926	0.001067750155926	27.55562263704476
10226.78515625	-0.394689559936523	-0.001059209927917	0.001059209927917	27.55562263704476
10226.8271484375	-0.334312438964844	-0.001050134189427	0.001050134189427	27.55562263704476
10226.869140625	-0.273210525512695	-0.001039975322783	0.001039975322783	27.55562263704476
10226.9111328125	-0.212474822998047	-0.001028371043503	0.001028371043503	27.55562263704476
10226.953125	-0.152088165283203	-0.001015337184072	0.001015337184072	27.55562263704476
10227.0419921875	-0.091562271118164	-0.000999323441647	0.000999323441647	27.55562263704476
10227.083984375	-0.03114128112793	-0.000967574887909	0.000967574887909	27.55562263704476
10227.1259765625	0.030656814575195	-0.000870394171216	0.000870394171216	27.55562263704476
10227.16796875	0.091442108154297	-0.000680250464939	0.000680250464939	27.55562263704476
10227.2099609375	0.151887893676758	-0.000421589007601	0.000421589007601	27.55562263704476
10227.3037109375	0.212560653686523	-6.789245526306331E-5	6.789245526306331E-5	27.55562263704476
10227.4384765625	0.273225784301758	0.000656485557556	0.000656485557556	27.55562263704476
10227.5732421875	0.334234237670898	0.002663686871529	0.002663686871529	27.55562263704476
10227.615234375	0.395027160644531	0.006136810872704	0.006136810872704	27.55562263704476
10227.703125	0.455320358276367	0.010585755109787	0.010585755109787	27.55562263704476
10227.7451171875	0.516078948974609	0.015473313629627	0.015473313629627	27.55562263704476
10227.787109375	0.577144622802734	0.020666658878326	0.020666658878326	27.55562263704476
10227.8291015625	0.637481689453125	0.025963336229324	0.025963336229324	27.55562263704476
10227.87109375	0.69825553894043	0.031406670808792	0.031406670808792	27.55562263704476
10227.9130859375	0.75865364074707	0.036887839436531	0.036887839436531	27.55562263704476
10227.955078125	0.819393157958984	0.042452730238438	0.042452730238438	27.55562263704476
10227.9970703125	0.880502700805664	0.048085130751133	0.048085130751133	27.55562263704476
10228.0390625	0.940887451171875	0.053675688803196	0.053675688803196	27.55562263704476
10228.0810546875	1.001646041870117	0.059312552213669	0.059312552213669	27.55562263704476
10228.123046875	1.062065124511719	0.064923673868179	0.064923673868179	27.55562263704476
10228.1650390625	1.122810363769531	0.070566058158875	0.070566058158875	27.55562263704476
10228.20703125	1.183897018432617	0.076233372092247	0.076233372092247	27.55562263704476
10228.2490234375	1.24431037902832	0.081827409565449	0.081827409565449	27.55562263704476
10228.291015625	1.305055618286133	0.087434038519859	0.087434038519859	27.55562263704476
10228.3330078125	1.365400314331055	0.092977531254292	0.092977531254292	27.55562263704476
10228.375	1.426006317138672	0.098515085875988	0.098515085875988	27.55562263704476
10228.4169921875	1.442087173461914	0.100003443658352	0.100003443658352	27.55562263704476
10228.458984375	1.442020416259766	0.100002825260162	0.100002825260162	27.55562263704476
10228.5009765625	1.441980361938477	0.100002817809582	0.100002817809582	27.55562263704476
10228.54296875	1.441940307617187	0.100002825260162	0.100002825260162	27.55562263704476
10228.5859375	1.441900253295898	0.100002825260162	0.100002825260162	27.55562263704476
10228.6279296875	1.441879272460937	0.100002810359001	0.100002810359001	27.55562263704476
10228.669921875	1.441837310791016	0.10000279545784	0.10000279545784	27.55562263704476
10228.7119140625	1.441804885864258	0.100002832710743	0.100002832710743	27.55562263704476
10228.7548828125	1.441783905029297	0.100002825260162	0.100002825260162	27.55562263704476
10228.796875	1.441745758056641	0.10000279545784	0.10000279545784	27.55562263704476
10228.8388671875	1.441732406616211	0.100002750754356	0.100002750754356	27.55562263704476
10228.880859375	1.441692352294922	0.100002773106098	0.100002773106098	27.55562263704476
10228.923828125	1.441677093505859	0.100002825260162	0.100002825260162	27.55562263704476
10228.9658203125	1.441648483276367	0.100002810359001	0.100002810359001	27.55562263704476
10229.0078125	1.441616058349609	0.100002765655518	0.100002765655518	27.55562263704476
10229.0498046875	1.441617965698242	0.100002780556679	0.100002780556679	27.55562263704476
10229.0927734375	1.441598892211914	0.10000279545784	0.10000279545784	27.55562263704476
10229.134765625	1.441568374633789	0.100002773106098	0.100002773106098	27.55562263704476
10229.1767578125	1.441545486450195	0.100002773106098	0.100002773106098	27.55562263704476
10229.21875	1.441537857055664	0.100002773106098	0.100002773106098	27.55562263704476
10229.26171875	1.441526412963867	0.100002743303776	0.100002743303776	27.55562263704476
10229.3037109375	1.441509246826172	0.100002735853195	0.100002735853195	27.55562263704476
10229.345703125	1.441495895385742	0.100002758204937	0.100002758204937	27.55562263704476
10229.3876953125	1.44148063659668	0.100002735853195	0.100002735853195	27.55562263704476
10229.4306640625	1.441473007202148	0.100002743303776	0.100002743303776	27.55562263704476
10229.47265625	1.441461563110352	0.100002743303776	0.100002743303776	27.55562263704476
