[INFO]
Keithley 2400
Meas Time: 2021/1/19 9:35:09
Params: GPIB address = GPIB0::21::INSTR; DataFile = D:\工艺实验\梅云浩; Compliance  Level (0.1) = 0.100000000000000; Number of Points (5) = 100; Minimum Amplitude (1) = -3.000000000000000; Maximum Amplitude (2) = 3.000000000000000; Timeout (100000 ms) = 100000; Source Mode  (0: Voltage) = 0; 4-wire? = FALSE; delay(S) = 0.000000000000000; Start = ; 

[COMMENT]


[DATA]
time (s)	Voltage (V)	Current (A)	absCurrent (A)	Fitting Resistance (Ohms)

5876.04101562499999	-3.000785827636719	-0.001598486676812	0.001598486676812	34.239316641271849
5876.08300781249999	-2.940410614013672	-0.001597828231752	0.001597828231752	34.239316641271849
5876.12499999999999	-2.879671096801758	-0.001596439629793	0.001596439629793	34.239316641271849
5876.16699218749999	-2.818576812744141	-0.001594943925738	0.001594943925738	34.239316641271849
5876.20898437499999	-2.758172988891602	-0.001593883149326	0.001593883149326	34.239316641271849
5876.25097656249999	-2.697490692138672	-0.001592412590981	0.001592412590981	34.239316641271849
5876.29296874999999	-2.636907577514648	-0.001590315252542	0.001590315252542	34.239316641271849
5876.33496093749999	-2.576644897460937	-0.001588247716427	0.001588247716427	34.239316641271849
5876.37695312499999	-2.515707015991211	-0.001586481928825	0.001586481928825	34.239316641271849
5876.41894531249999	-2.455112457275391	-0.001584723591805	0.001584723591805	34.239316641271849
5876.46093749999999	-2.394851684570312	-0.001582354307175	0.001582354307175	34.239316641271849
5876.50292968749999	-2.334247589111328	-0.001579836942255	0.001579836942255	34.239316641271849
5876.54492187499999	-2.273324966430664	-0.001577234826982	0.001577234826982	34.239316641271849
5876.58691406249999	-2.21306037902832	-0.001574996858835	0.001574996858835	34.239316641271849
5876.62890624999999	-2.152460098266602	-0.001572482287884	0.001572482287884	34.239316641271849
5876.67089843749999	-2.092218399047852	-0.001569535583258	0.001569535583258	34.239316641271849
5876.71289062499999	-2.031593322753906	-0.001566389575601	0.001566389575601	34.239316641271849
5876.75488281249999	-1.970722198486328	-0.001563451252878	0.001563451252878	34.239316641271849
5876.79687499999999	-1.910488128662109	-0.001560618169606	0.001560618169606	34.239316641271849
5876.83886718749999	-1.849880218505859	-0.001556946896017	0.001556946896017	34.239316641271849
5876.88085937499999	-1.789615631103516	-0.001553369686007	0.001553369686007	34.239316641271849
5876.92285156249999	-1.729026794433594	-0.001549646258354	0.001549646258354	34.239316641271849
5876.96484374999999	-1.668066024780273	-0.001545999199152	0.001545999199152	34.239316641271849
5877.00683593749999	-1.607816696166992	-0.001542001962662	0.001542001962662	34.239316641271849
5877.04882812499999	-1.547224044799805	-0.001537551172078	0.001537551172078	34.239316641271849
5877.09082031249999	-1.486957550048828	-0.001533009111881	0.001533009111881	34.239316641271849
5877.13281249999999	-1.426008224487305	-0.001528438180685	0.001528438180685	34.239316641271849
5877.17480468749999	-1.365409851074219	-0.001523732207716	0.001523732207716	34.239316641271849
5877.21679687499999	-1.305084228515625	-0.00151857919991	0.00151857919991	34.239316641271849
5877.25878906249999	-1.244346618652344	-0.001512782648206	0.001512782648206	34.239316641271849
5877.30078124999999	-1.183620452880859	-0.001507079228759	0.001507079228759	34.239316641271849
5877.34277343749999	-1.122541427612305	-0.001501307822764	0.001501307822764	34.239316641271849
5877.38476562499999	-1.062145233154297	-0.001494774594903	0.001494774594903	34.239316641271849
5877.42675781249999	-1.00139045715332	-0.001487914472818	0.001487914472818	34.239316641271849
5877.46874999999999	-0.941003799438477	-0.001480667851865	0.001480667851865	34.239316641271849
5877.51074218749999	-0.880268096923828	-0.001473415642977	0.001473415642977	34.239316641271849
5877.55273437499999	-0.819181442260742	-0.001465412788093	0.001465412788093	34.239316641271849
5877.59472656249999	-0.758785247802734	-0.001456727273762	0.001456727273762	34.239316641271849
5877.63671874999999	-0.698043823242187	-0.001447322778404	0.001447322778404	34.239316641271849
5877.67871093749999	-0.637649536132812	-0.001437792554498	0.001437792554498	34.239316641271849
5877.72070312499999	-0.576972961425781	-0.001427776180208	0.001427776180208	34.239316641271849
5877.76171874999999	-0.515913009643555	-0.001416699960828	0.001416699960828	34.239316641271849
5877.80371093749999	-0.455497741699219	-0.001404574140906	0.001404574140906	34.239316641271849
5877.84570312499999	-0.394744873046875	-0.001391754485667	0.001391754485667	34.239316641271849
5877.88769531249999	-0.334373474121094	-0.001378286629915	0.001378286629915	34.239316641271849
5877.92968749999999	-0.273275375366211	-0.001363260671496	0.001363260671496	34.239316641271849
5877.97167968749999	-0.212533950805664	-0.001346786506474	0.001346786506474	34.239316641271849
5878.01367187499999	-0.152158737182617	-0.00132907088846	0.00132907088846	34.239316641271849
5878.05566406249999	-0.091390609741211	-0.001309576444328	0.001309576444328	34.239316641271849
5878.09765624999999	-0.031005859375	-0.001286614686251	0.001286614686251	34.239316641271849
5878.14062499999999	0.030780792236328	-0.001245463266969	0.001245463266969	34.239316641271849
5878.18261718749999	0.091527938842773	-0.001115631312132	0.001115631312132	34.239316641271849
5878.27148437499999	0.15179443359375	-0.000773564795963	0.000773564795963	34.239316641271849
5878.31347656249999	0.212646484375	-0.000181247130968	0.000181247130968	34.239316641271849
5878.35546874999999	0.273248672485352	0.000810473924503	0.000810473924503	34.239316641271849
5878.49023437499999	0.334211349487305	0.002753054723144	0.002753054723144	34.239316641271849
5878.53222656249999	0.395004272460937	0.005462244618684	0.005462244618684	34.239316641271849
5878.57421874999999	0.455451965332031	0.008687271736562	0.008687271736562	34.239316641271849
5878.66210937499999	0.516054153442383	0.012256309390068	0.012256309390068	34.239316641271849
5878.70410156249999	0.577106475830078	0.01595713198185	0.01595713198185	34.239316641271849
5878.74609374999999	0.637439727783203	0.019715562462807	0.019715562462807	34.239316641271849
5878.78808593749999	0.698211669921875	0.023557677865028	0.023557677865028	34.239316641271849
5878.83007812499999	0.758596420288086	0.027408413589001	0.027408413589001	34.239316641271849
5878.87207031249999	0.819345474243164	0.031299293041229	0.031299293041229	34.239316641271849
5878.91406249999999	0.88044548034668	0.035219416022301	0.035219416022301	34.239316641271849
5878.95605468749999	0.940824508666992	0.039094425737858	0.039094425737858	34.239316641271849
5878.99804687499999	1.001585006713867	0.042993873357773	0.042993873357773	34.239316641271849
5879.04003906249999	1.061990737915039	0.046857133507729	0.046857133507729	34.239316641271849
5879.08203124999999	1.122730255126953	0.050705276429653	0.050705276429653	34.239316641271849
5879.12402343749999	1.183809280395508	0.054523065686226	0.054523065686226	34.239316641271849
5879.16601562499999	1.244222640991211	0.058389134705067	0.058389134705067	34.239316641271849
5879.20800781249999	1.304956436157227	0.062264911830425	0.062264911830425	34.239316641271849
5879.24999999999999	1.365297317504883	0.066138230264187	0.066138230264187	34.239316641271849
5879.29199218749999	1.425897598266602	0.069856405258179	0.069856405258179	34.239316641271849
5879.33398437499999	1.486871719360352	0.073291480541229	0.073291480541229	34.239316641271849
5879.37597656249999	1.547130584716797	0.076772250235081	0.076772250235081	34.239316641271849
5879.41796874999999	1.607728958129883	0.079814940690994	0.079814940690994	34.239316641271849
5879.45996093749999	1.667932510375977	0.081478089094162	0.081478089094162	34.239316641271849
5879.50195312499999	1.728925704956055	0.087070651352406	0.087070651352406	34.239316641271849
5879.54394531249999	1.789525985717773	0.092316560447216	0.092316560447216	34.239316641271849
5879.58593749999999	1.850309371948242	0.097439236938953	0.097439236938953	34.239316641271849
5879.62792968749999	1.910394668579102	0.084155946969986	0.084155946969986	34.239316641271849
5879.66992187499999	1.97064208984375	0.089240223169327	0.089240223169327	34.239316641271849
5879.71191406249999	2.031585693359375	0.093724884092808	0.093724884092808	34.239316641271849
5879.75292968749999	2.092136383056641	0.097979061305523	0.097979061305523	34.239316641271849
5879.79492187499999	2.108684539794922	0.100003086030483	0.100003086030483	34.239316641271849
5879.83789062499999	2.099462509155273	0.100002579391003	0.100002579391003	34.239316641271849
5879.87988281249999	2.093038558959961	0.100002601742744	0.100002601742744	34.239316641271849
5879.92187499999999	2.089075088500977	0.100002609193325	0.100002609193325	34.239316641271849
5879.96386718749999	2.085500717163086	0.100002571940422	0.100002571940422	34.239316641271849
5880.00683593749999	2.082197189331055	0.100002557039261	0.100002557039261	34.239316641271849
5880.04882812499999	2.079151153564453	0.100002571940422	0.100002571940422	34.239316641271849
5880.09082031249999	2.076482772827148	0.100002594292164	0.100002594292164	34.239316641271849
5880.13378906249999	2.073923110961914	0.10000254958868	0.10000254958868	34.239316641271849
5880.17578124999999	2.072372436523437	0.100002534687519	0.100002534687519	34.239316641271849
5880.21777343749999	2.070878982543945	0.10000254958868	0.10000254958868	34.239316641271849
5880.25976562499999	2.069507598876953	0.100002557039261	0.100002557039261	34.239316641271849
5880.30273437499999	2.068546295166016	0.100002557039261	0.100002557039261	34.239316641271849
5880.34472656249999	2.067628860473633	0.100002557039261	0.100002557039261	34.239316641271849
5880.38671874999999	2.066780090332031	0.100002579391003	0.100002579391003	34.239316641271849
