[INFO]
Keithley 2400
Meas Time: 2021/1/19 8:38:49
Params: GPIB address = GPIB0::21::INSTR; DataFile = D:\工艺实验\汤杰; Compliance  Level (0.1) = 0.100000000000000; Number of Points (5) = 50; Minimum Amplitude (1) = -3.000000000000000; Maximum Amplitude (2) = 5.000000000000000; Timeout (100000 ms) = 100000; Source Mode  (0: Voltage) = 0; 4-wire? = FALSE; delay(S) = 0.000000000000000; Start = ; 

[COMMENT]


[DATA]
time (s)	Voltage (V)	Current (A)	absCurrent (A)	Fitting Resistance (Ohms)

2498.375	-3.000822067260742	-0.000120745971799	0.000120745971799	25.8616333589116
2498.4169921875	-2.837165832519531	-0.000120537704788	0.000120537704788	25.8616333589116
2498.458984375	-2.673925399780273	-0.000120237236843	0.000120237236843	25.8616333589116
2498.5009765625	-2.5106201171875	-0.000119809061289	0.000119809061289	25.8616333589116
2498.54296875	-2.347995758056641	-0.000119282631204	0.000119282631204	25.8616333589116
2498.5849609375	-2.184665679931641	-0.000118666444905	0.000118666444905	25.8616333589116
2498.626953125	-2.021738052368164	-0.000117931514978	0.000117931514978	25.8616333589116
2498.6689453125	-1.858415603637695	-0.00011702766642	0.00011702766642	25.8616333589116
2498.7109375	-1.695440292358398	-0.000115957227536	0.000115957227536	25.8616333589116
2498.7529296875	-1.532114028930664	-0.000114698777907	0.000114698777907	25.8616333589116
2498.794921875	-1.36945915222168	-0.000113219954073	0.000113219954073	25.8616333589116
2498.8369140625	-1.20588493347168	-0.000111434259452	0.000111434259452	25.8616333589116
2498.87890625	-1.042556762695312	-0.000109290587716	0.000109290587716	25.8616333589116
2498.9208984375	-0.878887176513672	-0.000106735853478	0.000106735853478	25.8616333589116
2498.962890625	-0.715539932250977	-0.0001036854228	0.0001036854228	25.8616333589116
2499.0556640625	-0.552158355712891	-9.993476851377636E-5	9.993476851377636E-5	25.8616333589116
2499.09765625	-0.389165878295898	-9.54362767515704E-5	9.54362767515704E-5	25.8616333589116
2499.1396484375	-0.225494384765625	-8.98019497981295E-5	8.98019497981295E-5	25.8616333589116
2499.181640625	-0.061801910400391	-8.265241922345012E-5	8.265241922345012E-5	25.8616333589116
2499.224609375	0.102306365966797	-7.223887951113284E-5	7.223887951113284E-5	25.8616333589116
2499.359375	0.266172409057617	0.000331579358317	0.000331579358317	25.8616333589116
2499.494140625	0.429269790649414	0.009119456633925	0.009119456633925	25.8616333589116
2499.5830078125	0.592784881591797	0.024699002504349	0.024699002504349	25.8616333589116
2499.625	0.756072998046875	0.041649304330349	0.041649304330349	25.8616333589116
2499.6669921875	0.919771194458008	0.059162557125092	0.059162557125092	25.8616333589116
2499.7080078125	1.082782745361328	0.076679527759552	0.076679527759552	25.8616333589116
2499.75	1.246496200561523	0.094192519783974	0.094192519783974	25.8616333589116
2499.7919921875	1.300798416137695	0.100001975893974	0.100001975893974	25.8616333589116
2499.8349609375	1.300760269165039	0.10000167042017	0.10000167042017	25.8616333589116
2499.876953125	1.300745010375977	0.100001633167267	0.100001633167267	25.8616333589116
2499.9189453125	1.300731658935547	0.100001610815525	0.100001610815525	25.8616333589116
2499.9609375	1.30072021484375	0.100001625716686	0.100001625716686	25.8616333589116
2500.00390625	1.300718307495117	0.100001610815525	0.100001610815525	25.8616333589116
2500.0458984375	1.300704956054687	0.100001603364944	0.100001603364944	25.8616333589116
2500.087890625	1.300697326660156	0.100001595914364	0.100001595914364	25.8616333589116
2500.1298828125	1.300691604614258	0.100001640617847	0.100001640617847	25.8616333589116
2500.1728515625	1.300685882568359	0.100001588463783	0.100001588463783	25.8616333589116
2500.21484375	1.300687789916992	0.100001573562622	0.100001573562622	25.8616333589116
2500.2568359375	1.300685882568359	0.100001625716686	0.100001625716686	25.8616333589116
2500.298828125	1.300674438476562	0.100001566112041	0.100001566112041	25.8616333589116
2500.341796875	1.300678253173828	0.100001588463783	0.100001588463783	25.8616333589116
2500.3837890625	1.300670623779297	0.100001566112041	0.100001566112041	25.8616333589116
2500.42578125	1.300664901733398	0.100001558661461	0.100001558661461	25.8616333589116
2500.4677734375	1.300666809082031	0.100001573562622	0.100001573562622	25.8616333589116
2500.5107421875	1.300661087036133	0.100001558661461	0.100001558661461	25.8616333589116
2500.552734375	1.300653457641602	0.100001521408558	0.100001521408558	25.8616333589116
2500.5947265625	1.300640106201172	0.100001536309719	0.100001536309719	25.8616333589116
2500.63671875	1.300643920898437	0.10000155121088	0.10000155121088	25.8616333589116
2500.6796875	1.300647735595703	0.100001536309719	0.100001536309719	25.8616333589116
2500.7216796875	1.300638198852539	0.100001521408558	0.100001521408558	25.8616333589116
