[INFO]
Keithley 2400
Meas Time: 2021/1/19 16:42:48
Params: GPIB address = GPIB0::21::INSTR; DataFile = D:\工艺实验\汤锐; Compliance  Level (0.1) = 0.100000000000000; Number of Points (5) = 200; Minimum Amplitude (1) = -3.000000000000000; Maximum Amplitude (2) = 3.000000000000000; Timeout (100000 ms) = 100000; Source Mode  (0: Voltage) = 0; 4-wire? = FALSE; delay(S) = 0.000000000000000; Start = ; 

[COMMENT]


[DATA]
time (s)	Voltage (V)	Current (A)	absCurrent (A)	Fitting Resistance (Ohms)

13276.9345703125	-3.000705718994141	-2.25800322368741E-5	2.25800322368741E-5	169.595631138685718
13276.9765625	-2.970870971679687	-2.288316318299621E-5	2.288316318299621E-5	169.595631138685718
13277.0185546875	-2.94032096862793	-2.288191171828657E-5	2.288191171828657E-5	169.595631138685718
13277.060546875	-2.910102844238281	-2.266243973281235E-5	2.266243973281235E-5	169.595631138685718
13277.1025390625	-2.879911422729492	-2.2571359295398E-5	2.2571359295398E-5	169.595631138685718
13277.14453125	-2.849702835083008	-2.244123606942594E-5	2.244123606942594E-5	169.595631138685718
13277.1865234375	-2.819486618041992	-2.227330696769059E-5	2.227330696769059E-5	169.595631138685718
13277.228515625	-2.789325714111328	-2.216421125922352E-5	2.216421125922352E-5	169.595631138685718
13277.2705078125	-2.759449005126953	-2.196598506998271E-5	2.196598506998271E-5	169.595631138685718
13277.3125	-2.728872299194336	-2.177442365791649E-5	2.177442365791649E-5	169.595631138685718
13277.3544921875	-2.698759078979492	-2.160997246392071E-5	2.160997246392071E-5	169.595631138685718
13277.396484375	-2.668952941894531	-2.142283483408391E-5	2.142283483408391E-5	169.595631138685718
13277.4384765625	-2.638507843017578	-2.123591548297554E-5	2.123591548297554E-5	169.595631138685718
13277.48046875	-2.6083984375	-2.10114085348323E-5	2.10114085348323E-5	169.595631138685718
13277.5224609375	-2.578605651855469	-2.076952659990638E-5	2.076952659990638E-5	169.595631138685718
13277.564453125	-2.548126220703125	-2.060653059743345E-5	2.060653059743345E-5	169.595631138685718
13277.6064453125	-2.518003463745117	-2.034545468632132E-5	2.034545468632132E-5	169.595631138685718
13277.6484375	-2.488218307495117	-2.020136162173003E-5	2.020136162173003E-5	169.595631138685718
13277.6904296875	-2.458108901977539	-2.000105450861156E-5	2.000105450861156E-5	169.595631138685718
13277.732421875	-2.427639007568359	-1.982515095733106E-5	1.982515095733106E-5	169.595631138685718
13277.7744140625	-2.397853851318359	-1.96966138901189E-5	1.96966138901189E-5	169.595631138685718
13277.81640625	-2.367708206176758	-1.943860843311995E-5	1.943860843311995E-5	169.595631138685718
13277.8583984375	-2.337251663208008	-1.919275382533669E-5	1.919275382533669E-5	169.595631138685718
13277.900390625	-2.307468414306641	-1.899019116535783E-5	1.899019116535783E-5	169.595631138685718
13277.9423828125	-2.277341842651367	-1.87587138498202E-5	1.87587138498202E-5	169.595631138685718
13277.984375	-2.246850967407227	-1.853199501056224E-5	1.853199501056224E-5	169.595631138685718
13278.0263671875	-2.217086791992187	-1.834590511862189E-5	1.834590511862189E-5	169.595631138685718
13278.068359375	-2.186952590942383	-1.810440153349191E-5	1.810440153349191E-5	169.595631138685718
13278.1103515625	-2.156822204589844	-1.787558721844107E-5	1.787558721844107E-5	169.595631138685718
13278.15234375	-2.1263427734375	-1.768161018844694E-5	1.768161018844694E-5	169.595631138685718
13278.1943359375	-2.096572875976562	-1.74326851265505E-5	1.74326851265505E-5	169.595631138685718
13278.236328125	-2.066427230834961	-1.718949351925403E-5	1.718949351925403E-5	169.595631138685718
13278.2783203125	-2.035961151123047	-1.697162224445492E-5	1.697162224445492E-5	169.595631138685718
13278.3203125	-2.006254196166992	-1.674755185376853E-5	1.674755185376853E-5	169.595631138685718
13278.3623046875	-1.976123809814453	-1.651451748330146E-5	1.651451748330146E-5	169.595631138685718
13278.404296875	-1.945648193359375	-1.626960875000805E-5	1.626960875000805E-5	169.595631138685718
13278.4462890625	-1.915889739990234	-1.598063681740314E-5	1.598063681740314E-5	169.595631138685718
13278.48828125	-1.885744094848633	-1.575765782035887E-5	1.575765782035887E-5	169.595631138685718
13278.5302734375	-1.855955123901367	-1.550720480736345E-5	1.550720480736345E-5	169.595631138685718
13278.572265625	-1.825494766235352	-1.525177503935993E-5	1.525177503935993E-5	169.595631138685718
13278.6142578125	-1.795358657836914	-1.50201958604157E-5	1.50201958604157E-5	169.595631138685718
13278.65625	-1.765583038330078	-1.47680111695081E-5	1.47680111695081E-5	169.595631138685718
13278.6982421875	-1.735124588012695	-1.450513082090765E-5	1.450513082090765E-5	169.595631138685718
13278.740234375	-1.704973220825195	-1.424949732609093E-5	1.424949732609093E-5	169.595631138685718
13278.7822265625	-1.675186157226562	-1.401944609824568E-5	1.401944609824568E-5	169.595631138685718
13278.8232421875	-1.644716262817383	-1.376215368509293E-5	1.376215368509293E-5	169.595631138685718
13278.865234375	-1.614587783813477	-1.353898551315069E-5	1.353898551315069E-5	169.595631138685718
13278.9072265625	-1.584815979003906	-1.327379141002893E-5	1.327379141002893E-5	169.595631138685718
13278.94921875	-1.554697036743164	-1.298711868003011E-5	1.298711868003011E-5	169.595631138685718
13278.9912109375	-1.524209976196289	-1.276285911444575E-5	1.276285911444575E-5	169.595631138685718
13279.033203125	-1.494087219238281	-1.253995287697762E-5	1.253995287697762E-5	169.595631138685718
13279.0751953125	-1.464292526245117	-1.226930180564523E-5	1.226930180564523E-5	169.595631138685718
13279.1171875	-1.43382453918457	-1.201400300487876E-5	1.201400300487876E-5	169.595631138685718
13279.1591796875	-1.403701782226562	-1.175538636744022E-5	1.175538636744022E-5	169.595631138685718
13279.201171875	-1.37391471862793	-1.150192110799253E-5	1.150192110799253E-5	169.595631138685718
13279.2431640625	-1.343435287475586	-1.125397102441639E-5	1.125397102441639E-5	169.595631138685718
13279.28515625	-1.31324577331543	-1.098158827517182E-5	1.098158827517182E-5	169.595631138685718
13279.3271484375	-1.283401489257812	-1.072103623300791E-5	1.072103623300791E-5	169.595631138685718
13279.369140625	-1.253206253051758	-1.042505027726293E-5	1.042505027726293E-5	169.595631138685718
13279.4111328125	-1.222677230834961	-1.019923365674913E-5	1.019923365674913E-5	169.595631138685718
13279.5078125	-1.193021774291992	-9.939213668985758E-6	9.939213668985758E-6	169.595631138685718
13279.5498046875	-1.162822723388672	-9.690434126241598E-6	9.690434126241598E-6	169.595631138685718
13279.591796875	-1.13226318359375	-9.410779057361651E-6	9.410779057361651E-6	169.595631138685718
13279.6337890625	-1.102401733398437	-9.144024261331651E-6	9.144024261331651E-6	169.595631138685718
13279.67578125	-1.072196960449219	-8.906027687771712E-6	8.906027687771712E-6	169.595631138685718
13279.7177734375	-1.041675567626953	-8.628440809843596E-6	8.628440809843596E-6	169.595631138685718
13279.759765625	-1.011783599853516	-8.38114556245273E-6	8.38114556245273E-6	169.595631138685718
13279.8017578125	-0.981563568115234	-8.10135588835692E-6	8.10135588835692E-6	169.595631138685718
13279.84375	-0.95172119140625	-7.827179615560453E-6	7.827179615560453E-6	169.595631138685718
13279.8857421875	-0.921163558959961	-7.569245099148247E-6	7.569245099148247E-6	169.595631138685718
13279.927734375	-0.890975952148437	-7.268742592714261E-6	7.268742592714261E-6	169.595631138685718
13279.9697265625	-0.860780715942383	-7.018480573606212E-6	7.018480573606212E-6	169.595631138685718
13280.01171875	-0.830219268798828	-6.736964678566437E-6	6.736964678566437E-6	169.595631138685718
13280.0537109375	-0.800350189208984	-6.486506208602805E-6	6.486506208602805E-6	169.595631138685718
13280.095703125	-0.770151138305664	-6.222037882253062E-6	6.222037882253062E-6	169.595631138685718
13280.1376953125	-0.739591598510742	-5.938699359830935E-6	5.938699359830935E-6	169.595631138685718
13280.1796875	-0.709737777709961	-5.690458237950224E-6	5.690458237950224E-6	169.595631138685718
13280.2216796875	-0.679525375366211	-5.438402695290279E-6	5.438402695290279E-6	169.595631138685718
13280.263671875	-0.648963928222656	-5.184122528589796E-6	5.184122528589796E-6	169.595631138685718
13280.3056640625	-0.619171142578125	-4.945300133840647E-6	4.945300133840647E-6	169.595631138685718
13280.34765625	-0.58897590637207	-4.694163180829491E-6	4.694163180829491E-6	169.595631138685718
13280.3896484375	-0.559112548828125	-4.45709429186536E-6	4.45709429186536E-6	169.595631138685718
13280.431640625	-0.52857780456543	-4.212867679598276E-6	4.212867679598276E-6	169.595631138685718
13280.4736328125	-0.498374938964844	-3.978887434641365E-6	3.978887434641365E-6	169.595631138685718
13280.515625	-0.468502044677734	-3.743168235814665E-6	3.743168235814665E-6	169.595631138685718
13280.5576171875	-0.437957763671875	-3.506579560053069E-6	3.506579560053069E-6	169.595631138685718
13280.599609375	-0.407758712768555	-3.27235375152668E-6	3.27235375152668E-6	169.595631138685718
13280.6416015625	-0.377885818481445	-3.044101504201535E-6	3.044101504201535E-6	169.595631138685718
13280.68359375	-0.347347259521484	-2.808278622978833E-6	2.808278622978833E-6	169.595631138685718
13280.7255859375	-0.317134857177734	-2.581794433353934E-6	2.581794433353934E-6	169.595631138685718
13280.767578125	-0.287273406982422	-2.366677108511794E-6	2.366677108511794E-6	169.595631138685718
13280.8095703125	-0.257072448730469	-2.15664113056846E-6	2.15664113056846E-6	169.595631138685718
13280.8515625	-0.226503372192383	-1.939575668075122E-6	1.939575668075122E-6	169.595631138685718
13280.8935546875	-0.196651458740234	-1.728805727907456E-6	1.728805727907456E-6	169.595631138685718
13280.935546875	-0.166469573974609	-1.513672941655386E-6	1.513672941655386E-6	169.595631138685718
13280.9775390625	-0.13591194152832	-1.296888513024896E-6	1.296888513024896E-6	169.595631138685718
13281.01953125	-0.105693817138672	-1.071187398338225E-6	1.071187398338225E-6	169.595631138685718
13281.1201171875	-0.076028823852539	-8.428006594840554E-7	8.428006594840554E-7	169.595631138685718
13281.162109375	-0.045431137084961	-6.02340946898039E-7	6.02340946898039E-7	169.595631138685718
13281.2041015625	-0.015146255493164	-3.30337684317783E-7	3.30337684317783E-7	169.595631138685718
13281.24609375	0.015382766723633	-9.692939784144983E-9	9.692939784144983E-9	169.595631138685718
13281.2880859375	0.045324325561523	3.559698029675928E-7	3.559698029675928E-7	169.595631138685718
13281.330078125	0.075986862182617	8.338518568962172E-7	8.338518568962172E-7	169.595631138685718
13281.474609375	0.106016159057617	1.473524207540322E-6	1.473524207540322E-6	169.595631138685718
13281.5166015625	0.135898590087891	2.297159880981781E-6	2.297159880981781E-6	169.595631138685718
13281.55859375	0.166482925415039	3.409638338780496E-6	3.409638338780496E-6	169.595631138685718
13281.6005859375	0.196670532226562	4.817487024411093E-6	4.817487024411093E-6	169.595631138685718
13281.642578125	0.226564407348633	6.564022896782262E-6	6.564022896782262E-6	169.595631138685718
13281.6845703125	0.25715446472168	8.755010640015826E-6	8.755010640015826E-6	169.595631138685718
13281.8232421875	0.287193298339844	1.109419827116653E-5	1.109419827116653E-5	169.595631138685718
13281.865234375	0.317070007324219	1.419703767169267E-5	1.419703767169267E-5	169.595631138685718
13281.9072265625	0.34727668762207	1.780530874384567E-5	1.780530874384567E-5	169.595631138685718
13281.94921875	0.377813339233398	2.194743865402415E-5	2.194743865402415E-5	169.595631138685718
13281.9912109375	0.407690048217773	2.655617572600022E-5	2.655617572600022E-5	169.595631138685718
13282.033203125	0.437892913818359	3.169971751049161E-5	3.169971751049161E-5	169.595631138685718
13282.0751953125	0.468437194824219	3.727948933374137E-5	3.727948933374137E-5	169.595631138685718
13282.1171875	0.498651504516602	4.342656029621139E-5	4.342656029621139E-5	169.595631138685718
13282.1591796875	0.528530120849609	4.983330290997401E-5	4.983330290997401E-5	169.595631138685718
13282.201171875	0.559072494506836	5.679196328856051E-5	5.679196328856051E-5	169.595631138685718
13282.2431640625	0.589271545410156	6.408856279449537E-5	6.408856279449537E-5	169.595631138685718
13282.28515625	0.619144439697266	7.165433635236695E-5	7.165433635236695E-5	169.595631138685718
13282.3271484375	0.649299621582031	7.979944348335266E-5	7.979944348335266E-5	169.595631138685718
13282.369140625	0.679864883422852	8.85365079739131E-5	8.85365079739131E-5	169.595631138685718
13282.4111328125	0.709747314453125	9.726543066790327E-5	9.726543066790327E-5	169.595631138685718
13282.5458984375	0.739755630493164	0.000105302897282	0.000105302897282	169.595631138685718
13282.587890625	0.770296096801758	0.000115100643598	0.000115100643598	169.595631138685718
13282.6298828125	0.800161361694336	0.000125033897348	0.000125033897348	169.595631138685718
13282.671875	0.830362319946289	0.000135270762257	0.000135270762257	169.595631138685718
13282.7138671875	0.860910415649414	0.000146022997797	0.000146022997797	169.595631138685718
13282.755859375	0.890764236450195	0.000156771042384	0.000156771042384	169.595631138685718
13282.7978515625	0.920949935913086	0.000168021768332	0.000168021768332	169.595631138685718
13282.83984375	0.950809478759766	0.000179233727977	0.000179233727977	169.595631138685718
13282.8818359375	0.981353759765625	0.000190961989574	0.000190961989574	169.595631138685718
13282.923828125	1.011550903320312	0.000203087925911	0.000203087925911	169.595631138685718
13282.9658203125	1.041433334350586	0.000215223641135	0.000215223641135	169.595631138685718
13283.0078125	1.071962356567383	0.000228256569244	0.000228256569244	169.595631138685718
13283.0498046875	1.102157592773437	0.000241186935455	0.000241186935455	169.595631138685718
13283.091796875	1.132024765014648	0.000254345824942	0.000254345824942	169.595631138685718
13283.1337890625	1.162548065185547	0.000268347910605	0.000268347910605	169.595631138685718
13283.17578125	1.192752838134766	0.000282415538095	0.000282415538095	169.595631138685718
13283.2177734375	1.222635269165039	0.000296488520689	0.000296488520689	169.595631138685718
13283.259765625	1.25316047668457	0.000311387469992	0.000311387469992	169.595631138685718
13283.3017578125	1.283348083496094	0.000326627108734	0.000326627108734	169.595631138685718
13283.34375	1.313558578491211	0.000342075247318	0.000342075247318	169.595631138685718
13283.3857421875	1.343399047851562	0.000357146200258	0.000357146200258	169.595631138685718
13283.427734375	1.373886108398437	0.000373975897674	0.000373975897674	169.595631138685718
13283.4697265625	1.404033660888672	0.000390758737922	0.000390758737922	169.595631138685718
13283.51171875	1.433799743652344	0.00040717999218	0.00040717999218	169.595631138685718
13283.5537109375	1.464273452758789	0.0004254282685	0.0004254282685	169.595631138685718
13283.595703125	1.494411468505859	0.000443973054644	0.000443973054644	169.595631138685718
13283.6376953125	1.524206161499023	0.000462592637632	0.000462592637632	169.595631138685718
13283.6796875	1.554681777954102	0.00048534135567	0.00048534135567	169.595631138685718
13283.7216796875	1.584810256958008	0.000505893840455	0.000505893840455	169.595631138685718
13283.763671875	1.614593505859375	0.000527571770363	0.000527571770363	169.595631138685718
13283.8056640625	1.644725799560547	0.000549911346752	0.000549911346752	169.595631138685718
13283.84765625	1.675193786621094	0.000574412581045	0.000574412581045	169.595631138685718
13283.888671875	1.705005645751953	0.000598117068876	0.000598117068876	169.595631138685718
13283.9306640625	1.735128402709961	0.000615440192632	0.000615440192632	169.595631138685718
13283.97265625	1.765602111816406	0.000649245805107	0.000649245805107	169.595631138685718
13284.0146484375	1.795398712158203	0.000684719765559	0.000684719765559	169.595631138685718
13284.056640625	1.825508117675781	0.000706271617673	0.000706271617673	169.595631138685718
13284.0986328125	1.855981826782227	0.000737885246053	0.000737885246053	169.595631138685718
13284.140625	1.885795593261719	0.000772426021285	0.000772426021285	169.595631138685718
13284.1826171875	1.915927886962891	0.000806582160294	0.000806582160294	169.595631138685718
13284.224609375	1.945713043212891	0.000848091731314	0.000848091731314	169.595631138685718
13284.2666015625	1.976184844970703	0.00090361374896	0.00090361374896	169.595631138685718
13284.30859375	2.006320953369141	0.00095526734367	0.00095526734367	169.595631138685718
13284.3505859375	2.036142349243164	0.001019833493046	0.001019833493046	169.595631138685718
13284.4853515625	2.066326141357422	0.001155332662165	0.001155332662165	169.595631138685718
13284.52734375	2.096477508544922	0.001252830028534	0.001252830028534	169.595631138685718
13284.5693359375	2.126241683959961	0.001383340917528	0.001383340917528	169.595631138685718
13284.611328125	2.15667724609375	0.001565549522638	0.001565549522638	169.595631138685718
13284.6533203125	2.186908721923828	0.004643882624805	0.004643882624805	169.595631138685718
13284.6953125	2.217012405395508	0.005678299348801	0.005678299348801	169.595631138685718
13284.7373046875	2.246852874755859	0.00659468723461	0.00659468723461	169.595631138685718
13284.7783203125	2.277341842651367	0.007342701312155	0.007342701312155	169.595631138685718
13284.8203125	2.307462692260742	0.007975850254297	0.007975850254297	169.595631138685718
13284.8623046875	2.337276458740234	0.00860936101526	0.00860936101526	169.595631138685718
13284.904296875	2.367765426635742	0.00922536291182	0.00922536291182	169.595631138685718
13284.9462890625	2.39790153503418	0.00989090371877	0.00989090371877	169.595631138685718
13285.03515625	2.427497863769531	0.01070699095726	0.01070699095726	169.595631138685718
13285.0771484375	2.457969665527344	0.01137950271368	0.01137950271368	169.595631138685718
13285.119140625	2.488079071044922	0.01203864812851	0.01203864812851	169.595631138685718
13285.16015625	2.517866134643555	0.012824192643166	0.012824192643166	169.595631138685718
13285.2021484375	2.547990798950195	0.013567909598351	0.013567909598351	169.595631138685718
13285.244140625	2.578462600708008	0.014344111084938	0.014344111084938	169.595631138685718
13285.2861328125	2.608247756958008	0.015120930969715	0.015120930969715	169.595631138685718
13285.328125	2.638383865356445	0.016033411026001	0.016033411026001	169.595631138685718
13285.3701171875	2.668849945068359	0.016707919538021	0.016707919538021	169.595631138685718
13285.412109375	2.698633193969727	0.017678640782833	0.017678640782833	169.595631138685718
13285.4541015625	2.728748321533203	0.018647149205208	0.018647149205208	169.595631138685718
13285.49609375	2.759300231933594	0.019620642066002	0.019620642066002	169.595631138685718
13285.5380859375	2.789157867431641	0.02067207545042	0.02067207545042	169.595631138685718
13285.580078125	2.819370269775391	0.021724633872509	0.021724633872509	169.595631138685718
13285.6220703125	2.849210739135742	0.022767685353756	0.022767685353756	169.595631138685718
13285.6640625	2.879764556884766	0.024024203419685	0.024024203419685	169.595631138685718
13285.7060546875	2.909965515136719	0.025246605277061	0.025246605277061	169.595631138685718
13285.748046875	2.939825057983398	0.026557810604572	0.026557810604572	169.595631138685718
13285.7900390625	2.970329284667969	0.027928829193115	0.027928829193115	169.595631138685718
13285.83203125	3.000583648681641	0.031070575118065	0.031070575118065	169.595631138685718
