[INFO]
Keithley 2400
Meas Time: 2021/1/19 13:34:04
Params: GPIB address = GPIB0::21::INSTR; DataFile = D:\工艺实验\涂科宇; Compliance  Level (0.1) = 0.100000000000000; Number of Points (5) = 150; Minimum Amplitude (1) = -3.000000000000000; Maximum Amplitude (2) = 3.000000000000000; Timeout (100000 ms) = 100000; Source Mode  (0: Voltage) = 0; 4-wire? = FALSE; delay(S) = 0.000000000000000; Start = ; 

[COMMENT]


[DATA]
time (s)	Voltage (V)	Current (A)	absCurrent (A)	Fitting Resistance (Ohms)

1956.439453125	-3.000730514526367	-0.000116756651551	0.000116756651551	29.390003079490487
1956.4814453125	-2.960262298583984	-0.000116861308925	0.000116861308925	29.390003079490487
1956.5234375	-2.920114517211914	-0.0001169067109	0.0001169067109	29.390003079490487
1956.5654296875	-2.879627227783203	-0.000116870505735	0.000116870505735	29.390003079490487
1956.607421875	-2.839466094970703	-0.000116808572784	0.000116808572784	29.390003079490487
1956.6494140625	-2.798984527587891	-0.00011672754772	0.00011672754772	29.390003079490487
1956.69140625	-2.758831024169922	-0.000116631854326	0.000116631854326	29.390003079490487
1956.732421875	-2.718334197998047	-0.000116514391266	0.000116514391266	29.390003079490487
1956.7744140625	-2.678630828857422	-0.000116364099085	0.000116364099085	29.390003079490487
1956.81640625	-2.637897491455078	-0.000116227543913	0.000116227543913	29.390003079490487
1956.8583984375	-2.598175048828125	-0.000116084120236	0.000116084120236	29.390003079490487
1956.900390625	-2.557428359985352	-0.000115931616165	0.000115931616165	29.390003079490487
1956.9423828125	-2.51771354675293	-0.000115754082799	0.000115754082799	29.390003079490487
1956.984375	-2.477294921875	-0.000115570612252	0.000115570612252	29.390003079490487
1957.0263671875	-2.436578750610352	-0.0001153817866	0.0001153817866	29.390003079490487
1957.068359375	-2.396854400634766	-0.000115206115879	0.000115206115879	29.390003079490487
1957.1103515625	-2.3564453125	-0.000115003553219	0.000115003553219	29.390003079490487
1957.15234375	-2.316385269165039	-0.000114782596938	0.000114782596938	29.390003079490487
1957.1943359375	-2.276004791259766	-0.00011456059292	0.00011456059292	29.390003079490487
1957.236328125	-2.235927581787109	-0.000114343361929	0.000114343361929	29.390003079490487
1957.2783203125	-2.195526123046875	-0.000114126480184	0.000114126480184	29.390003079490487
1957.3203125	-2.15545654296875	-0.00011381378863	0.00011381378863	29.390003079490487
1957.3623046875	-2.115068435668945	-0.000113315531053	0.000113315531053	29.390003079490487
1957.404296875	-2.075002670288086	-0.000113245565444	0.000113245565444	29.390003079490487
1957.4462890625	-2.034584045410156	-0.000113010406494	0.000113010406494	29.390003079490487
1957.48828125	-1.994596481323242	-0.000112700741738	0.000112700741738	29.390003079490487
1957.5302734375	-1.954198837280273	-0.000112353125587	0.000112353125587	29.390003079490487
1957.572265625	-1.914155960083008	-0.000112165231258	0.000112165231258	29.390003079490487
1957.6142578125	-1.87373161315918	-0.000111877336167	0.000111877336167	29.390003079490487
1957.65625	-1.833330154418945	-0.000111578730866	0.000111578730866	29.390003079490487
1957.6982421875	-1.793266296386719	-0.00011124741286	0.00011124741286	29.390003079490487
1957.740234375	-1.752874374389648	-0.000110890483484	0.000110890483484	29.390003079490487
1957.7822265625	-1.712804794311523	-0.000110566266812	0.000110566266812	29.390003079490487
1957.82421875	-1.672407150268555	-0.000110224122182	0.000110224122182	29.390003079490487
1957.8662109375	-1.632684707641602	-0.000109858578071	0.000109858578071	29.390003079490487
1957.908203125	-1.5919189453125	-0.000109461485408	0.000109461485408	29.390003079490487
1957.9501953125	-1.552223205566406	-0.000109074404463	0.000109074404463	29.390003079490487
1957.9921875	-1.511806488037109	-0.000108686508611	0.000108686508611	29.390003079490487
1958.0341796875	-1.471752166748047	-0.00010827393271	0.00010827393271	29.390003079490487
1958.076171875	-1.431339263916016	-0.000107881613076	0.000107881613076	29.390003079490487
1958.1181640625	-1.391288757324219	-0.000107425032184	0.000107425032184	29.390003079490487
1958.16015625	-1.350864410400391	-0.000106955645606	0.000106955645606	29.390003079490487
1958.2021484375	-1.310420989990234	-0.000106488238089	0.000106488238089	29.390003079490487
1958.244140625	-1.270271301269531	-0.000105989049189	0.000105989049189	29.390003079490487
1958.2861328125	-1.229801177978516	-0.00010546145495	0.00010546145495	29.390003079490487
1958.328125	-1.189653396606445	-0.000104926526546	0.000104926526546	29.390003079490487
1958.3701171875	-1.14915657043457	-0.000104376347736	0.000104376347736	29.390003079490487
1958.412109375	-1.108999252319336	-0.000103795900941	0.000103795900941	29.390003079490487
1958.4541015625	-1.068519592285156	-0.000103191123344	0.000103191123344	29.390003079490487
1958.49609375	-1.028392791748047	-0.000102561432868	0.000102561432868	29.390003079490487
1958.537109375	-0.987882614135742	-0.000101921614259	0.000101921614259	29.390003079490487
1958.5791015625	-0.947757720947266	-0.000101267243735	0.000101267243735	29.390003079490487
1958.62109375	-0.907262802124023	-0.000100569217466	0.000100569217466	29.390003079490487
1958.71484375	-0.867340087890625	-9.983037307392806E-5	9.983037307392806E-5	29.390003079490487
1958.7568359375	-0.826847076416016	-9.907122876029462E-5	9.907122876029462E-5	29.390003079490487
1958.798828125	-0.786342620849609	-9.827231406234205E-5	9.827231406234205E-5	29.390003079490487
1958.8408203125	-0.746194839477539	-9.747252624947578E-5	9.747252624947578E-5	29.390003079490487
1958.8828125	-0.705728530883789	-9.662700176704675E-5	9.662700176704675E-5	29.390003079490487
1958.9248046875	-0.665904998779297	-9.574370051268488E-5	9.574370051268488E-5	29.390003079490487
1958.966796875	-0.625114440917969	-9.479142318014055E-5	9.479142318014055E-5	29.390003079490487
1959.0087890625	-0.585332870483398	-9.384157601743937E-5	9.384157601743937E-5	29.390003079490487
1959.05078125	-0.54449462890625	-9.283215331379324E-5	9.283215331379324E-5	29.390003079490487
1959.0927734375	-0.504716873168945	-9.179518383461982E-5	9.179518383461982E-5	29.390003079490487
1959.134765625	-0.464210510253906	-9.066624625120312E-5	9.066624625120312E-5	29.390003079490487
1959.1767578125	-0.424074172973633	-8.950520714279264E-5	8.950520714279264E-5	29.390003079490487
1959.21875	-0.383562088012695	-8.82900640135631E-5	8.82900640135631E-5	29.390003079490487
1959.2607421875	-0.343421936035156	-8.701493788976222E-5	8.701493788976222E-5	29.390003079490487
1959.302734375	-0.30293083190918	-8.565875759813935E-5	8.565875759813935E-5	29.390003079490487
1959.3447265625	-0.26243782043457	-8.421803067903966E-5	8.421803067903966E-5	29.390003079490487
1959.38671875	-0.222284317016602	-8.271430851891637E-5	8.271430851891637E-5	29.390003079490487
1959.4287109375	-0.181806564331055	-8.111789065878838E-5	8.111789065878838E-5	29.390003079490487
1959.470703125	-0.141654968261719	-7.943453965708613E-5	7.943453965708613E-5	29.390003079490487
1959.5126953125	-0.101152420043945	-7.762324821669608E-5	7.762324821669608E-5	29.390003079490487
1959.5546875	-0.060995101928711	-7.570844900328666E-5	7.570844900328666E-5	29.390003079490487
1959.5966796875	-0.02049446105957	-7.36633810447529E-5	7.36633810447529E-5	29.390003079490487
1959.638671875	0.019916534423828	-7.14407506166026E-5	7.14407506166026E-5	29.390003079490487
1959.6806640625	0.060770034790039	-6.889842916280031E-5	6.889842916280031E-5	29.390003079490487
1959.72265625	0.1005859375	-6.558166933245957E-5	6.558166933245957E-5	29.390003079490487
1959.7646484375	0.141090393066406	-5.910973413847387E-5	5.910973413847387E-5	29.390003079490487
1959.806640625	0.18128776550293	-4.02787554776296E-5	4.02787554776296E-5	29.390003079490487
1959.8486328125	0.221879959106445	2.237434091512114E-5	2.237434091512114E-5	29.390003079490487
1959.984375	0.262027740478516	0.000271968427114	0.000271968427114	29.390003079490487
1960.025390625	0.302656173706055	0.000867186870892	0.000867186870892	29.390003079490487
1960.16015625	0.343002319335937	0.002116991207004	0.002116991207004	29.390003079490487
1960.2021484375	0.383167266845703	0.003656292334199	0.003656292334199	29.390003079490487
1960.244140625	0.423702239990234	0.005407993681729	0.005407993681729	29.390003079490487
1960.2861328125	0.463869094848633	0.007197753060609	0.007197753060609	29.390003079490487
1960.328125	0.504421234130859	0.008966624736786	0.008966624736786	29.390003079490487
1960.3701171875	0.544483184814453	0.010487883351743	0.010487883351743	29.390003079490487
1960.4580078125	0.584854125976562	0.013686291873455	0.013686291873455	29.390003079490487
1960.5	0.624998092651367	0.015722744166851	0.015722744166851	29.390003079490487
1960.5419921875	0.665430068969727	0.017673395574093	0.017673395574093	29.390003079490487
1960.583984375	0.70524787902832	0.019188478589058	0.019188478589058	29.390003079490487
1960.6259765625	0.746059417724609	0.020611837506294	0.020611837506294	29.390003079490487
1960.66796875	0.785879135131836	0.021872617304325	0.021872617304325	29.390003079490487
1960.7099609375	0.826704025268555	0.023226521909237	0.023226521909237	29.390003079490487
1960.751953125	0.867206573486328	0.024930767714977	0.024930767714977	29.390003079490487
1960.7939453125	0.906984329223633	0.027055464684963	0.027055464684963	29.390003079490487
1960.8359375	0.947824478149414	0.0296431183815	0.0296431183815	29.390003079490487
1960.8779296875	0.987619400024414	0.032183453440666	0.032183453440666	29.390003079490487
1960.919921875	1.028110504150391	0.035103306174278	0.035103306174278	29.390003079490487
1960.9619140625	1.068256378173828	0.038893274962902	0.038893274962902	29.390003079490487
1961.00390625	1.108747482299805	0.043631874024868	0.043631874024868	29.390003079490487
1961.0458984375	1.148910522460937	0.048461683094501	0.048461683094501	29.390003079490487
1961.087890625	1.189413070678711	0.052420392632484	0.052420392632484	29.390003079490487
1961.1298828125	1.229557037353516	0.056566692888737	0.056566692888737	29.390003079490487
1961.171875	1.270053863525391	0.061443567276001	0.061443567276001	29.390003079490487
1961.2138671875	1.310213088989258	0.065188124775887	0.065188124775887	29.390003079490487
1961.255859375	1.350685119628906	0.069123350083828	0.069123350083828	29.390003079490487
1961.2978515625	1.391111373901367	0.073003880679607	0.073003880679607	29.390003079490487
1961.33984375	1.431173324584961	0.07648566365242	0.07648566365242	29.390003079490487
1961.3818359375	1.471580505371094	0.079690329730511	0.079690329730511	29.390003079490487
1961.423828125	1.511659622192383	0.083719648420811	0.083719648420811	29.390003079490487
1961.4658203125	1.552078247070312	0.086918704211712	0.086918704211712	29.390003079490487
1961.5078125	1.592145919799805	0.090030148625374	0.090030148625374	29.390003079490487
1961.5498046875	1.632549285888672	0.093811199069023	0.093811199069023	29.390003079490487
1961.5908203125	1.672248840332031	0.097021520137787	0.097021520137787	29.390003079490487
1961.6328125	1.671613693237305	0.100001268088818	0.100001268088818	29.390003079490487
1961.67578125	1.661870956420898	0.100001491606236	0.100001491606236	29.390003079490487
1961.7177734375	1.662439346313477	0.100001446902752	0.100001446902752	29.390003079490487
1961.759765625	1.656730651855469	0.100001461803913	0.100001461803913	29.390003079490487
1961.8017578125	1.65168571472168	0.100001454353333	0.100001454353333	29.390003079490487
1961.8447265625	1.650997161865234	0.100001439452171	0.100001439452171	29.390003079490487
1961.88671875	1.649435043334961	0.100001461803913	0.100001461803913	29.390003079490487
1961.9287109375	1.641956329345703	0.100001476705074	0.100001476705074	29.390003079490487
1961.970703125	1.637107849121094	0.100001454353333	0.100001454353333	29.390003079490487
1962.013671875	1.634407043457031	0.10000141710043	0.10000141710043	29.390003079490487
1962.0556640625	1.633548736572266	0.10000141710043	0.10000141710043	29.390003079490487
1962.09765625	1.630783081054687	0.100001439452171	0.100001439452171	29.390003079490487
1962.1396484375	1.624961853027344	0.10000141710043	0.10000141710043	29.390003079490487
1962.1826171875	1.617729187011719	0.100001439452171	0.100001439452171	29.390003079490487
1962.224609375	1.613616943359375	0.10000142455101	0.10000142455101	29.390003079490487
1962.2666015625	1.610246658325195	0.10000141710043	0.10000141710043	29.390003079490487
1962.30859375	1.608877182006836	0.10000142455101	0.10000142455101	29.390003079490487
1962.3515625	1.607841491699219	0.100001402199268	0.100001402199268	29.390003079490487
1962.3935546875	1.606340408325195	0.100001409649849	0.100001409649849	29.390003079490487
1962.435546875	1.606353759765625	0.100001387298107	0.100001387298107	29.390003079490487
1962.4775390625	1.606584548950195	0.100001409649849	0.100001409649849	29.390003079490487
1962.5205078125	1.608125686645508	0.100001402199268	0.100001402199268	29.390003079490487
1962.5625	1.608682632446289	0.100001387298107	0.100001387298107	29.390003079490487
1962.6044921875	1.609531402587891	0.100001402199268	0.100001402199268	29.390003079490487
1962.646484375	1.6094970703125	0.100001372396946	0.100001372396946	29.390003079490487
1962.689453125	1.610153198242187	0.100001394748688	0.100001394748688	29.390003079490487
1962.7314453125	1.609409332275391	0.100001409649849	0.100001409649849	29.390003079490487
1962.7734375	1.608749389648437	0.100001379847527	0.100001379847527	29.390003079490487
1962.8154296875	1.609071731567383	0.100001402199268	0.100001402199268	29.390003079490487
1962.8583984375	1.608230590820312	0.100001439452171	0.100001439452171	29.390003079490487
1962.900390625	1.60725212097168	0.10000142455101	0.10000142455101	29.390003079490487
1962.9423828125	1.606565475463867	0.100001439452171	0.100001439452171	29.390003079490487
1962.9853515625	1.606338500976562	0.100001439452171	0.100001439452171	29.390003079490487
1976.095703125	-3.000730514526367	-0.000116529292427	0.000116529292427	29.455796687355271
1976.1376953125	-2.960262298583984	-0.000116546521895	0.000116546521895	29.455796687355271
1976.1796875	-2.92010498046875	-0.000116535346024	0.000116535346024	29.455796687355271
1976.2216796875	-2.879615783691406	-0.000116513110697	0.000116513110697	29.455796687355271
1976.263671875	-2.839473724365234	-0.000116462237202	0.000116462237202	29.455796687355271
1976.3056640625	-2.798974990844727	-0.000116375857033	0.000116375857033	29.455796687355271
1976.34765625	-2.758831024169922	-0.000116282841191	0.000116282841191	29.455796687355271
1976.3896484375	-2.718324661254883	-0.000116196228191	0.000116196228191	29.455796687355271
1976.431640625	-2.678627014160156	-0.00011609995272	0.00011609995272	29.455796687355271
1976.47265625	-2.637893676757812	-0.000115986447781	0.000115986447781	29.455796687355271
1976.5146484375	-2.598169326782227	-0.000115854199976	0.000115854199976	29.455796687355271
1976.556640625	-2.557428359985352	-0.00011571275536	0.00011571275536	29.455796687355271
1976.5986328125	-2.51771354675293	-0.000115588307381	0.000115588307381	29.455796687355271
1976.640625	-2.477298736572266	-0.000115446280688	0.000115446280688	29.455796687355271
1976.6826171875	-2.436582565307617	-0.000115282018669	0.000115282018669	29.455796687355271
1976.724609375	-2.3968505859375	-0.000115112401545	0.000115112401545	29.455796687355271
1976.7666015625	-2.356452941894531	-0.00011493684724	0.00011493684724	29.455796687355271
1976.80859375	-2.316385269165039	-0.000114776659757	0.000114776659757	29.455796687355271
1976.8505859375	-2.275997161865234	-0.000114589929581	0.000114589929581	29.455796687355271
1976.892578125	-2.235923767089844	-0.000114376889542	0.000114376889542	29.455796687355271
1976.9345703125	-2.195522308349609	-0.000114165712148	0.000114165712148	29.455796687355271
1976.9765625	-2.155452728271484	-0.000113968271762	0.000113968271762	29.455796687355271
1977.0185546875	-2.11506462097168	-0.000113759655505	0.000113759655505	29.455796687355271
1977.060546875	-2.075002670288086	-0.000113513553515	0.000113513553515	29.455796687355271
1977.1025390625	-2.034580230712891	-0.000113266287372	0.000113266287372	29.455796687355271
1977.14453125	-1.994594573974609	-0.000113024259917	0.000113024259917	29.455796687355271
1977.1865234375	-1.954185485839844	-0.00011277734302	0.00011277734302	29.455796687355271
1977.228515625	-1.914140701293945	-0.000112511334009	0.000112511334009	29.455796687355271
1977.2705078125	-1.873733520507812	-0.000112214358523	0.000112214358523	29.455796687355271
1977.3125	-1.833322525024414	-0.0001119148219	0.0001119148219	29.455796687355271
1977.3544921875	-1.793258666992187	-0.000111631932668	0.000111631932668	29.455796687355271
1977.396484375	-1.752861022949219	-0.000111331464723	0.000111331464723	29.455796687355271
1977.4384765625	-1.712797164916992	-0.000110998749733	0.000110998749733	29.455796687355271
1977.48046875	-1.672393798828125	-0.000110649969429	0.000110649969429	29.455796687355271
1977.5224609375	-1.632671356201172	-0.00011029955931	0.00011029955931	29.455796687355271
1977.564453125	-1.591917037963867	-0.00010995590128	0.00010995590128	29.455796687355271
1977.6064453125	-1.552219390869141	-0.000109577551484	0.000109577551484	29.455796687355271
1977.6484375	-1.511800765991211	-0.000109183136374	0.000109183136374	29.455796687355271
1977.6904296875	-1.471733093261719	-0.000108775799163	0.000108775799163	29.455796687355271
1977.732421875	-1.431325912475586	-0.000108363339677	0.000108363339677	29.455796687355271
1977.7744140625	-1.391281127929687	-0.000107939820737	0.000107939820737	29.455796687355271
1977.81640625	-1.350852966308594	-0.000107478699647	0.000107478699647	29.455796687355271
1977.8583984375	-1.310409545898437	-0.000107000931166	0.000107000931166	29.455796687355271
1977.900390625	-1.270261764526367	-0.000106516294181	0.000106516294181	29.455796687355271
1977.9423828125	-1.229793548583984	-0.000106021529064	0.000106021529064	29.455796687355271
1977.984375	-1.189638137817383	-0.000105493003502	0.000105493003502	29.455796687355271
1978.0263671875	-1.149141311645508	-0.000104925828055	0.000104925828055	29.455796687355271
1978.068359375	-1.10899543762207	-0.000104362959974	0.000104362959974	29.455796687355271
1978.1103515625	-1.068506240844727	-0.000103780650534	0.000103780650534	29.455796687355271
1978.15234375	-1.02838134765625	-0.000103174941614	0.000103174941614	29.455796687355271
1978.1943359375	-0.987873077392578	-0.000102519872598	0.000102519872598	29.455796687355271
1978.236328125	-0.947744369506836	-0.00010184571147	0.00010184571147	29.455796687355271
1978.27734375	-0.907245635986328	-0.000101162237115	0.000101162237115	29.455796687355271
1978.3193359375	-0.867118835449219	-0.000100461067632	0.000100461067632	29.455796687355271
1978.4130859375	-0.826833724975586	-9.968769154511392E-5	9.968769154511392E-5	29.455796687355271
1978.455078125	-0.786348342895508	-9.890545334201306E-5	9.890545334201306E-5	29.455796687355271
1978.4970703125	-0.746187210083008	-9.808230970520526E-5	9.808230970520526E-5	29.455796687355271
1978.5390625	-0.705705642700195	-9.722272807266563E-5	9.722272807266563E-5	29.455796687355271
1978.5810546875	-0.665901184082031	-9.636059985496104E-5	9.636059985496104E-5	29.455796687355271
1978.623046875	-0.625120162963867	-9.542593033984303E-5	9.542593033984303E-5	29.455796687355271
1978.6650390625	-0.585332870483398	-9.445591422263533E-5	9.445591422263533E-5	29.455796687355271
1978.70703125	-0.544479370117187	-9.342009434476495E-5	9.342009434476495E-5	29.455796687355271
1978.7490234375	-0.504684448242187	-9.237581980414689E-5	9.237581980414689E-5	29.455796687355271
1978.791015625	-0.464191436767578	-9.126620716415346E-5	9.126620716415346E-5	29.455796687355271
1978.8330078125	-0.424060821533203	-9.009701898321509E-5	9.009701898321509E-5	29.455796687355271
1978.875	-0.383556365966797	-8.885786519385874E-5	8.885786519385874E-5	29.455796687355271
1978.9169921875	-0.343418121337891	-8.756766328588128E-5	8.756766328588128E-5	29.455796687355271
1978.958984375	-0.302915573120117	-8.621162851341069E-5	8.621162851341069E-5	29.455796687355271
1979.0009765625	-0.262428283691406	-8.478161180391908E-5	8.478161180391908E-5	29.455796687355271
1979.0419921875	-0.22227668762207	-8.326859096996486E-5	8.326859096996486E-5	29.455796687355271
1979.083984375	-0.181797027587891	-8.165766485035419E-5	8.165766485035419E-5	29.455796687355271
1979.1259765625	-0.141633987426758	-7.997934881132096E-5	7.997934881132096E-5	29.455796687355271
1979.16796875	-0.101133346557617	-7.818278390914202E-5	7.818278390914202E-5	29.455796687355271
1979.2099609375	-0.061002731323242	-7.627706509083509E-5	7.627706509083509E-5	29.455796687355271
1979.251953125	-0.020496368408203	-7.421201735269278E-5	7.421201735269278E-5	29.455796687355271
1979.294921875	0.019924163818359	-7.198557432275265E-5	7.198557432275265E-5	29.455796687355271
1979.3369140625	0.060781478881836	-6.944224878679961E-5	6.944224878679961E-5	29.455796687355271
1979.37890625	0.100593566894531	-6.620110070798546E-5	6.620110070798546E-5	29.455796687355271
1979.4208984375	0.141107559204102	-5.998503183946013E-5	5.998503183946013E-5	29.455796687355271
1979.462890625	0.181285858154297	-4.176660149823874E-5	4.176660149823874E-5	29.455796687355271
1979.5048828125	0.221891403198242	2.405537816230208E-5	2.405537816230208E-5	29.455796687355271
1979.6396484375	0.262035369873047	0.000291731208563	0.000291731208563	29.455796687355271
1979.7744140625	0.302495956420898	0.001059633679688	0.001059633679688	29.455796687355271
1979.81640625	0.343019485473633	0.002538207918406	0.002538207918406	29.455796687355271
1979.8583984375	0.38319206237793	0.00460649933666	0.00460649933666	29.455796687355271
1979.900390625	0.423736572265625	0.007089471910149	0.007089471910149	29.455796687355271
1979.9423828125	0.46391487121582	0.009800589643419	0.009800589643419	29.455796687355271
1980.0302734375	0.504243850708008	0.012739598751068	0.012739598751068	29.455796687355271
1980.072265625	0.544387817382812	0.015715844929218	0.015715844929218	29.455796687355271
1980.1142578125	0.584871292114258	0.018801122903824	0.018801122903824	29.455796687355271
1980.15625	0.625022888183594	0.021914847195148	0.021914847195148	29.455796687355271
1980.1982421875	0.665456771850586	0.025090448558331	0.025090448558331	29.455796687355271
1980.240234375	0.705266952514648	0.028248116374016	0.028248116374016	29.455796687355271
1980.2822265625	0.74609375	0.031506799161434	0.031506799161434	29.455796687355271
1980.32421875	0.785915374755859	0.034698314964771	0.034698314964771	29.455796687355271
1980.3662109375	0.826745986938477	0.037982419133186	0.037982419133186	29.455796687355271
1980.408203125	0.867256164550781	0.04124341905117	0.04124341905117	29.455796687355271
1980.4501953125	0.907037734985352	0.044452793896198	0.044452793896198	29.455796687355271
1980.4921875	0.947881698608398	0.047746039927006	0.047746039927006	29.455796687355271
1980.5341796875	0.987676620483398	0.050950311124325	0.050950311124325	29.455796687355271
1980.576171875	1.028179168701172	0.054205678403378	0.054205678403378	29.455796687355271
1980.6181640625	1.068344116210937	0.057426735758781	0.057426735758781	29.455796687355271
1980.66015625	1.108819961547852	0.060661561787128	0.060661561787128	29.455796687355271
1980.7021484375	1.148965835571289	0.06386087089777	0.06386087089777	29.455796687355271
1980.744140625	1.189464569091797	0.067072756588459	0.067072756588459	29.455796687355271
1980.7861328125	1.229623794555664	0.070242755115032	0.070242755115032	29.455796687355271
1980.828125	1.270107269287109	0.073419943451881	0.073419943451881	29.455796687355271
1980.8701171875	1.310258865356445	0.076551273465157	0.076551273465157	29.455796687355271
1980.912109375	1.350732803344727	0.079682692885399	0.079682692885399	29.455796687355271
1980.9541015625	1.391151428222656	0.082789748907089	0.082789748907089	29.455796687355271
1980.99609375	1.431207656860352	0.085844360291958	0.085844360291958	29.455796687355271
1981.0380859375	1.47161865234375	0.088905647397041	0.088905647397041	29.455796687355271
1981.0791015625	1.511686325073242	0.091923221945763	0.091923221945763	29.455796687355271
1981.12109375	1.552095413208008	0.094934701919556	0.094934701919556	29.455796687355271
1981.1630859375	1.592174530029297	0.097903728485107	0.097903728485107	29.455796687355271
1981.205078125	1.619232177734375	0.100000463426113	0.100000463426113	29.455796687355271
1981.248046875	1.617954254150391	0.100001521408558	0.100001521408558	29.455796687355271
1981.2900390625	1.616964340209961	0.100001521408558	0.100001521408558	29.455796687355271
1981.33203125	1.615955352783203	0.100001521408558	0.100001521408558	29.455796687355271
1981.3740234375	1.615123748779297	0.100001513957977	0.100001513957977	29.455796687355271
1981.4169921875	1.614253997802734	0.100001513957977	0.100001513957977	29.455796687355271
1981.458984375	1.613422393798828	0.100001513957977	0.100001513957977	29.455796687355271
1981.5009765625	1.612649917602539	0.100001513957977	0.100001513957977	29.455796687355271
1981.54296875	1.611856460571289	0.100001513957977	0.100001513957977	29.455796687355271
1981.5859375	1.611114501953125	0.100001536309719	0.100001536309719	29.455796687355271
1981.6279296875	1.610454559326172	0.100001506507397	0.100001506507397	29.455796687355271
1981.669921875	1.609861373901367	0.100001491606236	0.100001491606236	29.455796687355271
1981.7119140625	1.609355926513672	0.100001499056816	0.100001499056816	29.455796687355271
1981.7548828125	1.608745574951172	0.100001484155655	0.100001484155655	29.455796687355271
1981.796875	1.608161926269531	0.100001528859138	0.100001528859138	29.455796687355271
1981.8388671875	1.607587814331055	0.100001513957977	0.100001513957977	29.455796687355271
1981.880859375	1.607189178466797	0.100001506507397	0.100001506507397	29.455796687355271
1981.923828125	1.606752395629883	0.100001491606236	0.100001491606236	29.455796687355271
1981.9658203125	1.606357574462891	0.100001513957977	0.100001513957977	29.455796687355271
1982.0078125	1.605705261230469	0.100001484155655	0.100001484155655	29.455796687355271
1982.0498046875	1.605138778686523	0.100001506507397	0.100001506507397	29.455796687355271
1982.0927734375	1.604541778564453	0.100001513957977	0.100001513957977	29.455796687355271
1982.134765625	1.603998184204102	0.1000015437603	0.1000015437603	29.455796687355271
1982.1767578125	1.603429794311523	0.100001506507397	0.100001506507397	29.455796687355271
1982.2197265625	1.602802276611328	0.100001521408558	0.100001521408558	29.455796687355271
1982.26171875	1.602367401123047	0.100001484155655	0.100001484155655	29.455796687355271
1982.3037109375	1.601909637451172	0.100001521408558	0.100001521408558	29.455796687355271
1982.345703125	1.601509094238281	0.100001491606236	0.100001491606236	29.455796687355271
1982.388671875	1.601127624511719	0.100001476705074	0.100001476705074	29.455796687355271
1982.4306640625	1.600561141967773	0.100001499056816	0.100001499056816	29.455796687355271
1982.47265625	1.600038528442383	0.100001528859138	0.100001528859138	29.455796687355271
1982.5146484375	1.599544525146484	0.100001499056816	0.100001499056816	29.455796687355271
1982.5576171875	1.599126815795898	0.100001521408558	0.100001521408558	29.455796687355271
1982.599609375	1.598567962646484	0.100001506507397	0.100001506507397	29.455796687355271
1982.6416015625	1.598133087158203	0.100001484155655	0.100001484155655	29.455796687355271
