[INFO]
Keithley 2400
Meas Time: 2021/1/19 9:53:56
Params: GPIB address = GPIB0::21::INSTR; DataFile = D:\工艺实验\潘丽超; Compliance  Level (0.1) = 0.100000000000000; Number of Points (5) = 100; Minimum Amplitude (1) = -3.000000000000000; Maximum Amplitude (2) = 3.000000000000000; Timeout (100000 ms) = 100000; Source Mode  (0: Voltage) = 0; 4-wire? = FALSE; delay(S) = 0.000000000000000; Start = ; 

[COMMENT]


[DATA]
time (s)	Voltage (V)	Current (A)	absCurrent (A)	Fitting Resistance (Ohms)

7003.46386718749999	-3.000724792480469	-8.321876521222293E-11	8.321876521222293E-11	-1049918819.62985051
7003.50585937499999	-2.940340042114258	9.458744898438454E-10	9.458744898438454E-10	-1049918819.62985051
7003.54785156249999	-2.879604339599609	1.002149474516045E-9	1.002149474516045E-9	-1049918819.62985051
7003.58984374999999	-2.818521499633789	1.111629899241962E-9	1.111629899241962E-9	-1049918819.62985051
7003.63183593749999	-2.758113861083984	1.129251359088812E-9	1.129251359088812E-9	-1049918819.62985051
7003.67382812499999	-2.697423934936523	1.176431396743283E-9	1.176431396743283E-9	-1049918819.62985051
7003.71582031249999	-2.636838912963867	1.141302163887303E-9	1.141302163887303E-9	-1049918819.62985051
7003.75781249999999	-2.576581954956055	9.833911462919787E-10	9.833911462919787E-10	-1049918819.62985051
7003.79980468749999	-2.515642166137695	9.936229616869241E-10	9.936229616869241E-10	-1049918819.62985051
7003.84179687499999	-2.455049514770508	9.316636351286434E-10	9.316636351286434E-10	-1049918819.62985051
7003.88378906249999	-2.394786834716797	9.599716577213258E-10	9.599716577213258E-10	-1049918819.62985051
7003.92578124999999	-2.334184646606445	1.231569513038266E-9	1.231569513038266E-9	-1049918819.62985051
7003.96777343749999	-2.273275375366211	1.380385583615862E-9	1.380385583615862E-9	-1049918819.62985051
7004.00976562499999	-2.212993621826172	1.244188752025366E-9	1.244188752025366E-9	-1049918819.62985051
7004.05175781249999	-2.152399063110352	9.914629117702134E-10	9.914629117702134E-10	-1049918819.62985051
7004.09374999999999	-2.092164993286133	9.899849828798324E-10	9.899849828798324E-10	-1049918819.62985051
7004.13574218749999	-2.031534194946289	1.168700691778213E-9	1.168700691778213E-9	-1049918819.62985051
7004.17773437499999	-1.970666885375977	1.111857272917405E-9	1.111857272917405E-9	-1049918819.62985051
7004.21972656249999	-1.910440444946289	7.46126715966966E-10	7.46126715966966E-10	-1049918819.62985051
7004.26171874999999	-1.849824905395508	1.012040229397826E-9	1.012040229397826E-9	-1049918819.62985051
7004.30371093749999	-1.78955078125	1.085822987079155E-9	1.085822987079155E-9	-1049918819.62985051
7004.34570312499999	-1.728973388671875	1.096850610338151E-9	1.096850610338151E-9	-1049918819.62985051
7004.38769531249999	-1.668025970458984	1.169269125966821E-9	1.169269125966821E-9	-1049918819.62985051
7004.42871093749999	-1.60777473449707	1.293301465921104E-9	1.293301465921104E-9	-1049918819.62985051
7004.47070312499999	-1.547170639038086	1.215084921568632E-9	1.215084921568632E-9	-1049918819.62985051
7004.51269531249999	-1.486913681030273	1.115495251724496E-9	1.115495251724496E-9	-1049918819.62985051
7004.55468749999999	-1.425958633422852	9.746372597874142E-10	9.746372597874142E-10	-1049918819.62985051
7004.59667968749999	-1.365364074707031	9.440555004402995E-10	9.440555004402995E-10	-1049918819.62985051
7004.63867187499999	-1.305044174194336	9.413270163349807E-10	9.413270163349807E-10	-1049918819.62985051
7004.68066406249999	-1.244285583496094	8.548113328288309E-10	8.548113328288309E-10	-1049918819.62985051
7004.72265624999999	-1.183567047119141	8.661800166009925E-10	8.661800166009925E-10	-1049918819.62985051
7004.76464843749999	-1.122491836547852	9.060840966412798E-10	9.060840966412798E-10	-1049918819.62985051
7004.80664062499999	-1.062093734741211	9.531504474580288E-10	9.531504474580288E-10	-1049918819.62985051
7004.84863281249999	-1.0013427734375	1.024545781547204E-9	1.024545781547204E-9	-1049918819.62985051
7004.89062499999999	-0.940950393676758	1.044213604473043E-9	1.044213604473043E-9	-1049918819.62985051
7004.93261718749999	-0.880218505859375	1.027842699841131E-9	1.027842699841131E-9	-1049918819.62985051
7004.97460937499999	-0.819128036499023	1.018520379147958E-9	1.018520379147958E-9	-1049918819.62985051
7005.01660156249999	-0.758720397949219	1.013518158288207E-9	1.013518158288207E-9	-1049918819.62985051
7005.05859374999999	-0.697988510131836	9.933955880114809E-10	9.933955880114809E-10	-1049918819.62985051
7005.10058593749999	-0.637578964233398	9.669065548223443E-10	9.669065548223443E-10	-1049918819.62985051
7005.14257812499999	-0.576910018920898	9.985114957089536E-10	9.985114957089536E-10	-1049918819.62985051
7005.18457031249999	-0.515850067138672	9.193854566547088E-10	9.193854566547088E-10	-1049918819.62985051
7005.22656249999999	-0.455432891845703	1.075591171684209E-9	1.075591171684209E-9	-1049918819.62985051
7005.26855468749999	-0.394695281982422	9.946461432264186E-10	9.946461432264186E-10	-1049918819.62985051
7005.30957031249999	-0.334314346313477	9.965788194676861E-10	9.965788194676861E-10	-1049918819.62985051
7005.35156249999999	-0.273210525512695	1.009311745292507E-9	1.009311745292507E-9	-1049918819.62985051
7005.39355468749999	-0.212474822998047	9.636096365284175E-10	9.636096365284175E-10	-1049918819.62985051
7005.43554687499999	-0.152090072631836	9.093810149352066E-10	9.093810149352066E-10	-1049918819.62985051
7005.47753906249999	-0.091339111328125	9.605400919099338E-10	9.605400919099338E-10	-1049918819.62985051
7005.51953124999999	-0.030925750732422	9.612222129362635E-10	9.612222129362635E-10	-1049918819.62985051
7005.56249999999999	0.030811309814453	5.853735274286009E-10	5.853735274286009E-10	-1049918819.62985051
7005.60449218749999	0.091545104980469	1.004764271783642E-9	1.004764271783642E-9	-1049918819.62985051
7005.64648437499999	0.151945114135742	1.00385477708187E-9	1.00385477708187E-9	-1049918819.62985051
7005.68847656249999	0.212678909301758	1.022044671117328E-9	1.022044671117328E-9	-1049918819.62985051
7005.73046874999999	0.273078918457031	9.939640222000889E-10	9.939640222000889E-10	-1049918819.62985051
7005.77246093749999	0.334165573120117	9.753193808137439E-10	9.753193808137439E-10	-1049918819.62985051
7005.81347656249999	0.394887924194336	9.815721568884328E-10	9.815721568884328E-10	-1049918819.62985051
7005.85546874999999	0.455282211303711	9.888481145026162E-10	9.888481145026162E-10	-1049918819.62985051
7005.89746093749999	0.516040802001953	9.927134669851512E-10	9.927134669851512E-10	-1049918819.62985051
7005.93945312499999	0.577091217041016	9.810037226998247E-10	9.810037226998247E-10	-1049918819.62985051
7005.98144531249999	0.637413024902344	9.845280146691948E-10	9.845280146691948E-10	-1049918819.62985051
7006.02343749999999	0.698183059692383	9.932819011737592E-10	9.932819011737592E-10	-1049918819.62985051
7006.06542968749999	0.758560180664062	9.863470040727407E-10	9.863470040727407E-10	-1049918819.62985051
7006.10742187499999	0.819297790527344	1.002149474516045E-9	1.002149474516045E-9	-1049918819.62985051
7006.14941406249999	0.880390167236328	1.005332705972251E-9	1.005332705972251E-9	-1049918819.62985051
7006.19140624999999	0.940767288208008	9.996483640861697E-10	9.996483640861697E-10	-1049918819.62985051
7006.23339843749999	1.001510620117187	1.012836037261877E-9	1.012836037261877E-9	-1049918819.62985051
7006.27539062499999	1.061916351318359	9.812310963752679E-10	9.812310963752679E-10	-1049918819.62985051
7006.31738281249999	1.122642517089844	9.907807907438837E-10	9.907807907438837E-10	-1049918819.62985051
7006.35937499999999	1.183727264404297	9.978293746826239E-10	9.978293746826239E-10	-1049918819.62985051
7006.40136718749999	1.24412727355957	9.823679647524841E-10	9.823679647524841E-10	-1049918819.62985051
7006.44335937499999	1.304855346679687	9.222276275977492E-10	9.222276275977492E-10	-1049918819.62985051
7006.48535156249999	1.365194320678711	8.861889000399969E-10	8.861889000399969E-10	-1049918819.62985051
7006.52734374999999	1.425792694091797	9.422365110367537E-10	9.422365110367537E-10	-1049918819.62985051
7006.56933593749999	1.48674201965332	9.409859558218159E-10	9.409859558218159E-10	-1049918819.62985051
7006.61035156249999	1.546995162963867	9.450786819797941E-10	9.450786819797941E-10	-1049918819.62985051
7006.65234374999999	1.607578277587891	9.547420631861314E-10	9.547420631861314E-10	-1049918819.62985051
7006.69433593749999	1.667840957641602	9.599716577213258E-10	9.599716577213258E-10	-1049918819.62985051
7006.73632812499999	1.728782653808594	1.018747752823401E-9	1.018747752823401E-9	-1049918819.62985051
7006.77832031249999	1.789375305175781	1.041030373016838E-9	1.041030373016838E-9	-1049918819.62985051
7006.82031249999999	1.849632263183594	1.019202500174288E-9	1.019202500174288E-9	-1049918819.62985051
7006.86230468749999	1.910240173339844	1.042621988744941E-9	1.042621988744941E-9	-1049918819.62985051
7006.90429687499999	1.970479965209961	1.061721377482172E-9	1.061721377482172E-9	-1049918819.62985051
7006.94628906249999	2.03141975402832	1.053081177815329E-9	1.053081177815329E-9	-1049918819.62985051
7006.98828124999999	2.091960906982422	1.011471795209218E-9	1.011471795209218E-9	-1049918819.62985051
7007.03027343749999	2.152202606201172	1.011812855722383E-9	1.011812855722383E-9	-1049918819.62985051
7007.07226562499999	2.212799072265625	9.763425623532385E-10	9.763425623532385E-10	-1049918819.62985051
7007.11425781249999	2.273065567016602	9.57243173616007E-10	9.57243173616007E-10	-1049918819.62985051
7007.15624999999999	2.333980560302734	9.677023626863956E-10	9.677023626863956E-10	-1049918819.62985051
7007.19824218749999	2.394577026367187	1.016701389744412E-9	1.016701389744412E-9	-1049918819.62985051
7007.24023437499999	2.454853057861328	8.87666828930378E-10	8.87666828930378E-10	-1049918819.62985051
7007.28222656249999	2.51542854309082	9.192717698169872E-10	9.192717698169872E-10	-1049918819.62985051
7007.32421874999999	2.576370239257812	9.370069165015593E-10	9.370069165015593E-10	-1049918819.62985051
7007.36621093749999	2.636629104614258	9.426912583876401E-10	9.426912583876401E-10	-1049918819.62985051
7007.40820312499999	2.697206497192383	9.425775715499185E-10	9.425775715499185E-10	-1049918819.62985051
7007.45019531249999	2.757530212402344	9.209770723828115E-10	9.209770723828115E-10	-1049918819.62985051
7007.49218749999999	2.81828498840332	9.229097486240789E-10	9.229097486240789E-10	-1049918819.62985051
7007.53417968749999	2.879364013671875	9.659970601205714E-10	9.659970601205714E-10	-1049918819.62985051
7007.57519531249999	2.939762115478516	1.068883648258634E-9	1.068883648258634E-9	-1049918819.62985051
7007.61718749999999	3.000509262084961	1.062403498508502E-9	1.062403498508502E-9	-1049918819.62985051
7037.96972656249999	-3.000934600830078	-7.211510092020035E-5	7.211510092020035E-5	28.601699741049785
7038.01171874999999	-2.940544128417969	-7.233532960526645E-5	7.233532960526645E-5	28.601699741049785
7038.05371093749999	-2.879798889160156	-7.237138925120234E-5	7.237138925120234E-5	28.601699741049785
7038.09570312499999	-2.818719863891602	-7.235555676743388E-5	7.235555676743388E-5	28.601699741049785
7038.13769531249999	-2.758310317993164	-7.230874325614423E-5	7.230874325614423E-5	28.601699741049785
7038.17968749999999	-2.697620391845703	-7.223010470625013E-5	7.223010470625013E-5	28.601699741049785
7038.22167968749999	-2.637031555175781	-7.214723154902458E-5	7.214723154902458E-5	28.601699741049785
7038.26367187499999	-2.57676887512207	-7.206205918919295E-5	7.206205918919295E-5	28.601699741049785
7038.30566406249999	-2.515842437744141	-7.196448859758675E-5	7.196448859758675E-5	28.601699741049785
7038.34765624999999	-2.455244064331055	-7.184530841186643E-5	7.184530841186643E-5	28.601699741049785
7038.38964843749999	-2.394983291625977	-7.171947800088674E-5	7.171947800088674E-5	28.601699741049785
7038.43164062499999	-2.334375381469727	-7.159600500017405E-5	7.159600500017405E-5	28.601699741049785
7038.47363281249999	-2.273460388183594	-7.146391726564616E-5	7.146391726564616E-5	28.601699741049785
7038.51562499999999	-2.213191986083984	-7.132445171009749E-5	7.132445171009749E-5	28.601699741049785
7038.55761718749999	-2.152591705322266	-7.116580673027784E-5	7.116580673027784E-5	28.601699741049785
7038.59960937499999	-2.092348098754883	-7.100806396920234E-5	7.100806396920234E-5	28.601699741049785
7038.64160156249999	-2.031723022460937	-7.085091783665121E-5	7.085091783665121E-5	28.601699741049785
7038.68359374999999	-1.970863342285156	-7.067664409987628E-5	7.067664409987628E-5	28.601699741049785
7038.72558593749999	-1.910617828369141	-7.048662519082427E-5	7.048662519082427E-5	28.601699741049785
7038.76757812499999	-1.850006103515625	-7.028880645520985E-5	7.028880645520985E-5	28.601699741049785
7038.80957031249999	-1.789739608764648	-7.009555702097714E-5	7.009555702097714E-5	28.601699741049785
7038.85156249999999	-1.729166030883789	-6.988771201577038E-5	6.988771201577038E-5	28.601699741049785
7038.89355468749999	-1.668193817138672	-6.966371438466012E-5	6.966371438466012E-5	28.601699741049785
7038.93554687499999	-1.607959747314453	-6.942063919268548E-5	6.942063919268548E-5	28.601699741049785
7038.97753906249999	-1.54734992980957	-6.917623977642506E-5	6.917623977642506E-5	28.601699741049785
7039.01953124999999	-1.487085342407227	-6.89284352120012E-5	6.89284352120012E-5	28.601699741049785
7039.06152343749999	-1.426151275634766	-6.865629984531552E-5	6.865629984531552E-5	28.601699741049785
7039.10351562499999	-1.36555290222168	-6.836681859567761E-5	6.836681859567761E-5	28.601699741049785
7039.14550781249999	-1.305229187011719	-6.805750308558345E-5	6.805750308558345E-5	28.601699741049785
7039.18652343749999	-1.244474411010742	-6.774551002308726E-5	6.774551002308726E-5	28.601699741049785
7039.22851562499999	-1.183750152587891	-6.741682591382414E-5	6.741682591382414E-5	28.601699741049785
7039.27050781249999	-1.122678756713867	-6.705355190206319E-5	6.705355190206319E-5	28.601699741049785
7039.31249999999999	-1.062273025512695	-6.666642730124295E-5	6.666642730124295E-5	28.601699741049785
7039.35449218749999	-1.001516342163086	-6.625735841225833E-5	6.625735841225833E-5	28.601699741049785
7039.39648437499999	-0.941139221191406	-6.583963113371283E-5	6.583963113371283E-5	28.601699741049785
7039.43847656249999	-0.880409240722656	-6.537821900565177E-5	6.537821900565177E-5	28.601699741049785
7039.48046874999999	-0.819314956665039	-6.48683198960498E-5	6.48683198960498E-5	28.601699741049785
7039.52246093749999	-0.75889778137207	-6.433500675484538E-5	6.433500675484538E-5	28.601699741049785
7039.56445312499999	-0.698165893554687	-6.375992961693555E-5	6.375992961693555E-5	28.601699741049785
7039.60644531249999	-0.63775634765625	-6.315050995908678E-5	6.315050995908678E-5	28.601699741049785
7039.64843749999999	-0.577077865600586	-6.247697456274182E-5	6.247697456274182E-5	28.601699741049785
7039.69042968749999	-0.51600456237793	-6.173296424094588E-5	6.173296424094588E-5	28.601699741049785
7039.73242187499999	-0.455593109130859	-6.093861884437501E-5	6.093861884437501E-5	28.601699741049785
7039.77441406249999	-0.394853591918945	-6.007030606269836E-5	6.007030606269836E-5	28.601699741049785
7039.81640624999999	-0.334476470947266	-5.91045682085678E-5	5.91045682085678E-5	28.601699741049785
7039.85839843749999	-0.273370742797852	-5.800288636237383E-5	5.800288636237383E-5	28.601699741049785
7039.90039062499999	-0.212631225585937	-5.678141315001994E-5	5.678141315001994E-5	28.601699741049785
7039.94238281249999	-0.152246475219727	-5.540176061913371E-5	5.540176061913371E-5	28.601699741049785
7039.98437499999999	-0.091487884521484	-5.378315108828247E-5	5.378315108828247E-5	28.601699741049785
7040.02636718749999	-0.031085968017578	-5.183299072086811E-5	5.183299072086811E-5	28.601699741049785
7040.06835937499999	0.030702590942383	-4.924190579913557E-5	4.924190579913557E-5	28.601699741049785
7040.11035156249999	0.091442108154297	-4.526719567365944E-5	4.526719567365944E-5	28.601699741049785
7040.15234374999999	0.151859283447266	-3.487791400402784E-5	3.487791400402784E-5	28.601699741049785
7040.19433593749999	0.212705612182617	2.093408693326637E-5	2.093408693326637E-5	28.601699741049785
7040.33007812499999	0.27314567565918	0.000434279732872	0.000434279732872	28.601699741049785
7040.46484374999999	0.334197998046875	0.002136889845133	0.002136889845133	28.601699741049785
7040.50683593749999	0.394985198974609	0.005286436993629	0.005286436993629	28.601699741049785
7040.54882812499999	0.455461502075195	0.009291996248066	0.009291996248066	28.601699741049785
7040.63671874999999	0.516050338745117	0.013832919299603	0.013832919299603	28.601699741049785
7040.67871093749999	0.577104568481445	0.018548302352428	0.018548302352428	28.601699741049785
7040.72070312499999	0.637439727783203	0.023364573717117	0.023364573717117	28.601699741049785
7040.76269531249999	0.698209762573242	0.028342805802822	0.028342805802822	28.601699741049785
7040.80468749999999	0.75860595703125	0.03336189687252	0.03336189687252	28.601699741049785
7040.84667968749999	0.819351196289062	0.038443319499493	0.038443319499493	28.601699741049785
7040.88867187499999	0.880460739135742	0.043589599430561	0.043589599430561	28.601699741049785
7040.93066406249999	0.940847396850586	0.048688434064388	0.048688434064388	28.601699741049785
7040.97265624999999	1.001594543457031	0.053863033652306	0.053863033652306	28.601699741049785
7041.01464843749999	1.062013626098633	0.059086211025715	0.059086211025715	28.601699741049785
7041.05664062499999	1.122756958007812	0.064298816025257	0.064298816025257	28.601699741049785
7041.09863281249999	1.183837890625	0.069595232605934	0.069595232605934	28.601699741049785
7041.14062499999999	1.244256973266602	0.074952267110348	0.074952267110348	28.601699741049785
7041.18261718749999	1.305004119873047	0.080426208674908	0.080426208674908	28.601699741049785
7041.22460937499999	1.365339279174805	0.085671834647655	0.085671834647655	28.601699741049785
7041.26660156249999	1.425954818725586	0.090838879346848	0.090838879346848	28.601699741049785
7041.30859374999999	1.486928939819336	0.095996022224426	0.095996022224426	28.601699741049785
7041.35058593749999	1.533563613891602	0.099998570978642	0.099998570978642	28.601699741049785
7041.39257812499999	1.53278923034668	0.100002713501453	0.100002713501453	28.601699741049785
7041.43457031249999	1.532098770141602	0.100002691149712	0.100002691149712	28.601699741049785
7041.47656249999999	1.531061172485352	0.100002691149712	0.100002691149712	28.601699741049785
7041.51953124999999	1.530052185058594	0.100002720952034	0.100002720952034	28.601699741049785
7041.56152343749999	1.529182434082031	0.100002728402615	0.100002728402615	28.601699741049785
7041.60351562499999	1.527956008911133	0.100002698600292	0.100002698600292	28.601699741049785
7041.64550781249999	1.527345657348633	0.100002698600292	0.100002698600292	28.601699741049785
7041.68847656249999	1.526987075805664	0.100002728402615	0.100002728402615	28.601699741049785
7041.73046874999999	1.526226043701172	0.100002683699131	0.100002683699131	28.601699741049785
7041.77246093749999	1.52534294128418	0.100002706050873	0.100002706050873	28.601699741049785
7041.81445312499999	1.52488899230957	0.100002691149712	0.100002691149712	28.601699741049785
7041.85742187499999	1.524625778198242	0.100002728402615	0.100002728402615	28.601699741049785
7041.89941406249999	1.523824691772461	0.100002691149712	0.100002691149712	28.601699741049785
7041.94140624999999	1.523473739624023	0.100002683699131	0.100002683699131	28.601699741049785
7041.98339843749999	1.522891998291016	0.10000267624855	0.10000267624855	28.601699741049785
7042.02636718749999	1.522645950317383	0.100002653896809	0.100002653896809	28.601699741049785
7042.06835937499999	1.522344589233398	0.100002638995647	0.100002638995647	28.601699741049785
7042.11035156249999	1.522052764892578	0.100002661347389	0.100002661347389	28.601699741049785
7042.15332031249999	1.521268844604492	0.10000266879797	0.10000266879797	28.601699741049785
7042.19531249999999	1.520999908447266	0.100002653896809	0.100002653896809	28.601699741049785
7042.23730468749999	1.520195007324219	0.100002646446228	0.100002646446228	28.601699741049785
7042.27929687499999	1.519500732421875	0.100002653896809	0.100002653896809	28.601699741049785
7042.32226562499999	1.519281387329102	0.100002661347389	0.100002661347389	28.601699741049785
7042.36425781249999	1.519176483154297	0.100002653896809	0.100002653896809	28.601699741049785
