[INFO]
Keithley 2400
Meas Time: 2021/1/19 15:02:29
Params: GPIB address = GPIB0::21::INSTR; DataFile = D:\工艺实验\熊志勇; Compliance  Level (0.1) = 0.100000000000000; Number of Points (5) = 300; Minimum Amplitude (1) = -3.000000000000000; Maximum Amplitude (2) = 3.000000000000000; Timeout (100000 ms) = 100000; Source Mode  (0: Voltage) = 0; 4-wire? = FALSE; delay(S) = 0.000000000000000; Start = ; 

[COMMENT]


[DATA]
time (s)	Voltage (V)	Current (A)	absCurrent (A)	Fitting Resistance (Ohms)

7255.28710937499999	-3.00071907043457	-0.000234963488765	0.000234963488765	25.412969063239412
7255.32910156249999	-2.980842590332031	-0.000234743230976	0.000234743230976	25.412969063239412
7255.37109374999999	-2.960603713989258	-0.000234457897022	0.000234457897022	25.412969063239412
7255.41308593749999	-2.94068717956543	-0.000234173377976	0.000234173377976	25.412969063239412
7255.45507812499999	-2.920093536376953	-0.000233903643675	0.000233903643675	25.412969063239412
7255.49707031249999	-2.900186538696289	-0.00023362308275	0.00023362308275	25.412969063239412
7255.53906249999999	-2.879941940307617	-0.000233290949836	0.000233290949836	25.412969063239412
7255.58105468749999	-2.860027313232422	-0.000232967082411	0.000232967082411	25.412969063239412
7255.62304687499999	-2.840116500854492	-0.000232671503909	0.000232671503909	25.412969063239412
7255.66503906249999	-2.819866180419922	-0.000232360209338	0.000232360209338	25.412969063239412
7255.70703124999999	-2.799982070922852	-0.000232046470046	0.000232046470046	25.412969063239412
7255.74902343749999	-2.780075073242187	-0.000231692800298	0.000231692800298	25.412969063239412
7255.79101562499999	-2.759464263916016	-0.000231328886002	0.000231328886002	25.412969063239412
7255.83300781249999	-2.739561080932617	-0.000231007696129	0.000231007696129	25.412969063239412
7255.87499999999999	-2.71931266784668	-0.00023066601716	0.00023066601716	25.412969063239412
7255.91699218749999	-2.699472427368164	-0.000230321893468	0.000230321893468	25.412969063239412
7255.95898437499999	-2.679262161254883	-0.000229933881201	0.000229933881201	25.412969063239412
7256.00097656249999	-2.659418106079102	-0.000229586847126	0.000229586847126	25.412969063239412
7256.04296874999999	-2.639564514160156	-0.000229240744375	0.000229240744375	25.412969063239412
7256.08496093749999	-2.619041442871094	-0.000228864722885	0.000228864722885	25.412969063239412
7256.12695312499999	-2.59916877746582	-0.000228487071581	0.000228487071581	25.412969063239412
7256.16894531249999	-2.578962326049805	-0.000228080316447	0.000228080316447	25.412969063239412
7256.21093749999999	-2.559099197387695	-0.000227716518566	0.000227716518566	25.412969063239412
7256.25292968749999	-2.539253234863281	-0.000227361102588	0.000227361102588	25.412969063239412
7256.29492187499999	-2.519065856933594	-0.000226970063522	0.000226970063522	25.412969063239412
7256.33691406249999	-2.499195098876953	-0.000226554926485	0.000226554926485	25.412969063239412
7256.37890624999999	-2.478996276855469	-0.000226142816246	0.000226142816246	25.412969063239412
7256.42089843749999	-2.458805084228516	-0.000225762487389	0.000225762487389	25.412969063239412
7256.46289062499999	-2.438613891601562	-0.000225360738114	0.000225360738114	25.412969063239412
7256.50488281249999	-2.418760299682617	-0.000224943389185	0.000224943389185	25.412969063239412
7256.54687499999999	-2.398897171020508	-0.000224520568736	0.000224520568736	25.412969063239412
7256.58886718749999	-2.378684997558594	-0.000224082847126	0.000224082847126	25.412969063239412
7256.63085937499999	-2.358835220336914	-0.000223674927838	0.000223674927838	25.412969063239412
7256.67285156249999	-2.338640213012695	-0.000223263399675	0.000223263399675	25.412969063239412
7256.71484374999999	-2.318422317504883	-0.000222809496336	0.000222809496336	25.412969063239412
7256.75683593749999	-2.298233032226562	-0.000222349190153	0.000222349190153	25.412969063239412
7256.79882812499999	-2.278390884399414	-0.00022191752214	0.00022191752214	25.412969063239412
7256.84082031249999	-2.258537292480469	-0.00022151065059	0.00022151065059	25.412969063239412
7256.88281249999999	-2.238336563110352	-0.000221038353629	0.000221038353629	25.412969063239412
7256.92480468749999	-2.218471527099609	-0.000220572808757	0.000220572808757	25.412969063239412
7256.96679687499999	-2.198612213134766	-0.000220090849325	0.000220090849325	25.412969063239412
7257.00878906249999	-2.17841911315918	-0.000219654873945	0.000219654873945	25.412969063239412
7257.05078124999999	-2.157869338989258	-0.000219183275476	0.000219183275476	25.412969063239412
7257.09277343749999	-2.138015747070312	-0.000218702247366	0.000218702247366	25.412969063239412
7257.13476562499999	-2.118146896362305	-0.000218200846575	0.000218200846575	25.412969063239412
7257.17675781249999	-2.097963333129883	-0.000217709457502	0.000217709457502	25.412969063239412
7257.21874999999999	-2.078117370605469	-0.00021724042017	0.00021724042017	25.412969063239412
7257.26074218749999	-2.058242797851562	-0.000216774875298	0.000216774875298	25.412969063239412
7257.30273437499999	-2.03803825378418	-0.000216246233322	0.000216246233322	25.412969063239412
7257.34472656249999	-2.017562866210937	-0.000215702573769	0.000215702573769	25.412969063239412
7257.38671874999999	-1.99772834777832	-0.000215220614336	0.000215220614336	25.412969063239412
7257.42773437499999	-1.97785758972168	-0.000214719213545	0.000214719213545	25.412969063239412
7257.46972656249999	-1.957662582397461	-0.000214205821976	0.000214205821976	25.412969063239412
7257.51171874999999	-1.937807083129883	-0.000213662628084	0.000213662628084	25.412969063239412
7257.55371093749999	-1.91796875	-0.000213119899854	0.000213119899854	25.412969063239412
7257.59570312499999	-1.89775276184082	-0.000212603365071	0.000212603365071	25.412969063239412
7257.63769531249999	-1.877895355224609	-0.000212078215554	0.000212078215554	25.412969063239412
7257.67968749999999	-1.857337951660156	-0.000211499864236	0.000211499864236	25.412969063239412
7257.72167968749999	-1.837497711181641	-0.000210928614251	0.000210928614251	25.412969063239412
7257.76367187499999	-1.817302703857422	-0.000210369587876	0.000210369587876	25.412969063239412
7257.80566406249999	-1.79743766784668	-0.000209834426641	0.000209834426641	25.412969063239412
7257.84765624999999	-1.77757453918457	-0.000209274003282	0.000209274003282	25.412969063239412
7257.88964843749999	-1.757396697998047	-0.000208670157008	0.000208670157008	25.412969063239412
7257.93164062499999	-1.73753547668457	-0.000208086334169	0.000208086334169	25.412969063239412
7257.97363281249999	-1.716983795166016	-0.000207497621886	0.000207497621886	25.412969063239412
7258.01562499999999	-1.697134017944336	-0.00020692194812	0.00020692194812	25.412969063239412
7258.05761718749999	-1.676919937133789	-0.000206301687285	0.000206301687285	25.412969063239412
7258.09960937499999	-1.657083511352539	-0.000205670366995	0.000205670366995	25.412969063239412
7258.14160156249999	-1.637224197387695	-0.000205065356568	0.000205065356568	25.412969063239412
7258.18359374999999	-1.617019653320312	-0.000204472686164	0.000204472686164	25.412969063239412
7258.22558593749999	-1.597156524658203	-0.000203853705898	0.000203853705898	25.412969063239412
7258.26757812499999	-1.576633453369141	-0.000203176983632	0.000203176983632	25.412969063239412
7258.30957031249999	-1.556774139404297	-0.000202524475753	0.000202524475753	25.412969063239412
7258.35156249999999	-1.53656005859375	-0.000201887451112	0.000201887451112	25.412969063239412
7258.39355468749999	-1.516704559326172	-0.000201254501007	0.000201254501007	25.412969063239412
7258.43554687499999	-1.496847152709961	-0.000200596288778	0.000200596288778	25.412969063239412
7258.47753906249999	-1.476655960083008	-0.000199890811928	0.000199890811928	25.412969063239412
7258.51953124999999	-1.456783294677734	-0.000199228408746	0.000199228408746	25.412969063239412
7258.56152343749999	-1.436935424804687	-0.000198567053303	0.000198567053303	25.412969063239412
7258.60351562499999	-1.416378021240234	-0.000197872403078	0.000197872403078	25.412969063239412
7258.64550781249999	-1.396549224853516	-0.000197154353373	0.000197154353373	25.412969063239412
7258.68749999999999	-1.3763427734375	-0.000196429900825	0.000196429900825	25.412969063239412
7258.72949218749999	-1.356473922729492	-0.000195717788301	0.000195717788301	25.412969063239412
7258.77148437499999	-1.336257934570312	-0.000195025349967	0.000195025349967	25.412969063239412
7258.81347656249999	-1.316373825073242	-0.000194299733266	0.000194299733266	25.412969063239412
7258.85546874999999	-1.296489715576172	-0.000193544081412	0.000193544081412	25.412969063239412
7258.89746093749999	-1.275884628295898	-0.000192764331587	0.000192764331587	25.412969063239412
7258.93945312499999	-1.255979537963867	-0.000192024512216	0.000192024512216	25.412969063239412
7258.98046874999999	-1.235744476318359	-0.000191277591512	0.000191277591512	25.412969063239412
7259.02246093749999	-1.215847015380859	-0.000190487131476	0.000190487131476	25.412969063239412
7259.06445312499999	-1.195579528808594	-0.000189675134607	0.000189675134607	25.412969063239412
7259.10644531249999	-1.175678253173828	-0.000188904930837	0.000188904930837	25.412969063239412
7259.14843749999999	-1.155767440795898	-0.000188113306649	0.000188113306649	25.412969063239412
7259.19042968749999	-1.135528564453125	-0.000187296536751	0.000187296536751	25.412969063239412
7259.23242187499999	-1.115280151367187	-0.00018646067474	0.00018646067474	25.412969063239412
7259.27441406249999	-1.09503173828125	-0.00018560315948	0.00018560315948	25.412969063239412
7259.31640624999999	-1.075119018554687	-0.000184793840162	0.000184793840162	25.412969063239412
7259.35839843749999	-1.055242538452148	-0.000183956115507	0.000183956115507	25.412969063239412
7259.40039062499999	-1.034996032714844	-0.0001830838155	0.0001830838155	25.412969063239412
7259.44238281249999	-1.015083312988281	-0.000182196497917	0.000182196497917	25.412969063239412
7259.48437499999999	-0.994840621948242	-0.000181308365427	0.000181308365427	25.412969063239412
7259.52636718749999	-0.974582672119141	-0.000180406612344	0.000180406612344	25.412969063239412
7259.56835937499999	-0.954343795776367	-0.000179519876838	0.000179519876838	25.412969063239412
7259.61035156249999	-0.934440612792969	-0.000178590998985	0.000178590998985	25.412969063239412
7259.65234374999999	-0.914527893066406	-0.000177654088475	0.000177654088475	25.412969063239412
7259.69433593749999	-0.894279479980469	-0.000176715082489	0.000176715082489	25.412969063239412
7259.73632812499999	-0.874391555786133	-0.000175791908987	0.000175791908987	25.412969063239412
7259.77832031249999	-0.854496002197266	-0.000174829270691	0.000174829270691	25.412969063239412
7259.82031249999999	-0.834224700927734	-0.000173840438947	0.000173840438947	25.412969063239412
7259.86230468749999	-0.813642501831055	-0.000172816333361	0.000172816333361	25.412969063239412
7259.90429687499999	-0.793735504150391	-0.000171833322383	0.000171833322383	25.412969063239412
7259.94628906249999	-0.773841857910156	-0.000170836574398	0.000170836574398	25.412969063239412
7259.98828124999999	-0.753580093383789	-0.000169792328961	0.000169792328961	25.412969063239412
7260.03027343749999	-0.733675003051758	-0.000168741797097	0.000168741797097	25.412969063239412
7260.07226562499999	-0.713752746582031	-0.000167693709955	0.000167693709955	25.412969063239412
7260.11425781249999	-0.69352912902832	-0.000166624668054	0.000166624668054	25.412969063239412
7260.15624999999999	-0.672937393188477	-0.000165525008924	0.000165525008924	25.412969063239412
7260.19824218749999	-0.653024673461914	-0.000164421391673	0.000164421391673	25.412969063239412
7260.24023437499999	-0.633113861083984	-0.000163288321346	0.000163288321346	25.412969063239412
7260.28222656249999	-0.612930297851562	-0.000162159907632	0.000162159907632	25.412969063239412
7260.32421874999999	-0.593038558959961	-0.000161031377502	0.000161031377502	25.412969063239412
7260.36621093749999	-0.573129653930664	-0.000159878283739	0.000159878283739	25.412969063239412
7260.40820312499999	-0.552885055541992	-0.000158666749485	0.000158666749485	25.412969063239412
7260.45019531249999	-0.532974243164062	-0.000157468486577	0.000157468486577	25.412969063239412
7260.49218749999999	-0.512411117553711	-0.000156227033585	0.000156227033585	25.412969063239412
7260.53417968749999	-0.492483139038086	-0.000155018409714	0.000155018409714	25.412969063239412
7260.57617187499999	-0.472232818603516	-0.000153727713041	0.000153727713041	25.412969063239412
7260.61816406249999	-0.452322006225586	-0.000152450054884	0.000152450054884	25.412969063239412
7260.66015624999999	-0.432424545288086	-0.000151161453687	0.000151161453687	25.412969063239412
7260.70214843749999	-0.412176132202148	-0.000149847241119	0.000149847241119	25.412969063239412
7260.74414062499999	-0.392269134521484	-0.000148532446474	0.000148532446474	25.412969063239412
7260.78613281249999	-0.371671676635742	-0.000147121143527	0.000147121143527	25.412969063239412
7260.82812499999999	-0.351778030395508	-0.000145720201544	0.000145720201544	25.412969063239412
7260.87011718749999	-0.331546783447266	-0.000144312391058	0.000144312391058	25.412969063239412
7260.91210937499999	-0.311634063720703	-0.000142910750583	0.000142910750583	25.412969063239412
7260.95312499999999	-0.291736602783203	-0.000141462427564	0.000141462427564	25.412969063239412
7260.99511718749999	-0.271474838256836	-0.000139949726872	0.000139949726872	25.412969063239412
7261.03710937499999	-0.251577377319336	-0.000138444826007	0.000138444826007	25.412969063239412
7261.07910156249999	-0.231666564941406	-0.000136930379085	0.000136930379085	25.412969063239412
7261.12109374999999	-0.211084365844727	-0.000135336769745	0.000135336769745	25.412969063239412
7261.16308593749999	-0.190824508666992	-0.000133707886562	0.000133707886562	25.412969063239412
7261.20507812499999	-0.170938491821289	-0.000132069340907	0.000132069340907	25.412969063239412
7261.24707031249999	-0.151039123535156	-0.000130433705635	0.000130433705635	25.412969063239412
7261.28906249999999	-0.130775451660156	-0.000128731946461	0.000128731946461	25.412969063239412
7261.33105468749999	-0.110881805419922	-0.000127017614432	0.000127017614432	25.412969063239412
7261.37304687499999	-0.090976715087891	-0.000125245773233	0.000125245773233	25.412969063239412
7261.41503906249999	-0.070390701293945	-0.000123387435451	0.000123387435451	25.412969063239412
7261.45703124999999	-0.050472259521484	-0.000121561577544	0.000121561577544	25.412969063239412
7261.49902343749999	-0.030223846435547	-0.000119657954201	0.000119657954201	25.412969063239412
7261.54101562499999	-0.010330200195312	-0.000117715448141	0.000117715448141	25.412969063239412
7261.58300781249999	0.010234832763672	-0.000115657923743	0.000115657923743	25.412969063239412
7261.62499999999999	0.030477523803711	-0.00011356594041	0.00011356594041	25.412969063239412
7261.66699218749999	0.050373077392578	-0.000111436820589	0.000111436820589	25.412969063239412
7261.70898437499999	0.070295333862305	-0.000109144952148	0.000109144952148	25.412969063239412
7261.75097656249999	0.090873718261719	-0.000106512568891	0.000106512568891	25.412969063239412
7261.79296874999999	0.110763549804687	-0.000103496713564	0.000103496713564	25.412969063239412
7261.88671874999999	0.130849838256836	-9.949973900802433E-5	9.949973900802433E-5	25.412969063239412
7261.92871093749999	0.150754928588867	-9.370938641950488E-5	9.370938641950488E-5	25.412969063239412
7261.96972656249999	0.170694351196289	-8.407304994761944E-5	8.407304994761944E-5	25.412969063239412
7262.01171874999999	0.190963745117187	-6.621956708841026E-5	6.621956708841026E-5	25.412969063239412
7262.05371093749999	0.210935592651367	-3.271365130785853E-5	3.271365130785853E-5	25.412969063239412
7262.09570312499999	0.231655120849609	3.1633535400033E-5	3.1633535400033E-5	25.412969063239412
7262.23144531249999	0.25152587890625	0.000174359185621	0.000174359185621	25.412969063239412
7262.27343749999999	0.271806716918945	0.00042165722698	0.00042165722698	25.412969063239412
7262.31542968749999	0.291797637939453	0.00084025633987	0.00084025633987	25.412969063239412
7262.45019531249999	0.311561584472656	0.00152844376862	0.00152844376862	25.412969063239412
7262.49218749999999	0.331842422485352	0.002463740296662	0.002463740296662	25.412969063239412
7262.53417968749999	0.351760864257812	0.003635796718299	0.003635796718299	25.412969063239412
7262.57617187499999	0.371667861938477	0.00501449033618	0.00501449033618	25.412969063239412
7262.61816406249999	0.392299652099609	0.006623297929764	0.006623297929764	25.412969063239412
7262.66015624999999	0.41258430480957	0.008346651680768	0.008346651680768	25.412969063239412
7262.70214843749999	0.432533264160156	0.010151289403439	0.010151289403439	25.412969063239412
7262.79003906249999	0.452245712280273	0.012072056531906	0.012072056531906	25.412969063239412
7262.83203124999999	0.472505569458008	0.014056295156479	0.014056295156479	25.412969063239412
7262.87402343749999	0.492404937744141	0.016070157289505	0.016070157289505	25.412969063239412
7262.91601562499999	0.512323379516602	0.018129907548428	0.018129907548428	25.412969063239412
7262.95800781249999	0.532903671264648	0.020300000905991	0.020300000905991	25.412969063239412
7262.99999999999999	0.553136825561523	0.022464670240879	0.022464670240879	25.412969063239412
7263.04199218749999	0.573053359985352	0.024622276425362	0.024622276425362	25.412969063239412
7263.08398437499999	0.592954635620117	0.026803091168404	0.026803091168404	25.412969063239412
7263.12597656249999	0.613208770751953	0.02904050052166	0.02904050052166	25.412969063239412
7263.16796874999999	0.633108139038086	0.031257890164852	0.031257890164852	25.412969063239412
7263.20996093749999	0.652956008911133	0.03348321467638	0.03348321467638	25.412969063239412
7263.25195312499999	0.673213958740234	0.035764902830124	0.035764902830124	25.412969063239412
7263.29394531249999	0.693477630615234	0.038061156868935	0.038061156868935	25.412969063239412
7263.33593749999999	0.713737487792969	0.0403658375144	0.0403658375144	25.412969063239412
7263.37792968749999	0.733617782592773	0.042637266218662	0.042637266218662	25.412969063239412
7263.41992187499999	0.753862380981445	0.044956810772419	0.044956810772419	25.412969063239412
7263.46191406249999	0.773780822753906	0.047243937849998	0.047243937849998	25.412969063239412
7263.50390624999999	0.793689727783203	0.049534223973751	0.049534223973751	25.412969063239412
7263.54589843749999	0.813930511474609	0.051869630813599	0.051869630813599	25.412969063239412
7263.58789062499999	0.834188461303711	0.054210387170315	0.054210387170315	25.412969063239412
7263.62988281249999	0.854438781738281	0.056554041802883	0.056554041802883	25.412969063239412
7263.67187499999999	0.874362945556641	0.058860868215561	0.058860868215561	25.412969063239412
7263.71386718749999	0.894260406494141	0.061172850430012	0.061172850430012	25.412969063239412
7263.75488281249999	0.914505004882812	0.063516743481159	0.063516743481159	25.412969063239412
7263.79687499999999	0.934412002563477	0.065827026963234	0.065827026963234	25.412969063239412
7263.83886718749999	0.954669952392578	0.068178944289684	0.068178944289684	25.412969063239412
7263.88085937499999	0.97456169128418	0.070488147437572	0.070488147437572	25.412969063239412
7263.92285156249999	0.995153427124023	0.072878479957581	0.072878479957581	25.412969063239412
7263.96484374999999	1.015068054199219	0.075190968811512	0.075190968811512	25.412969063239412
7264.00683593749999	1.03498649597168	0.077500335872173	0.077500335872173	25.412969063239412
7264.04882812499999	1.055234909057617	0.079849936068058	0.079849936068058	25.412969063239412
7264.09082031249999	1.075117111206055	0.082153163850307	0.082153163850307	25.412969063239412
7264.13281249999999	1.095027923583984	0.084459133446217	0.084459133446217	25.412969063239412
7264.17480468749999	1.115283966064453	0.086800925433636	0.086800925433636	25.412969063239412
7264.21679687499999	1.135887145996094	0.089180424809456	0.089180424809456	25.412969063239412
7264.25878906249999	1.155790328979492	0.091476202011108	0.091476202011108	25.412969063239412
7264.30078124999999	1.175701141357422	0.093768626451492	0.093768626451492	25.412969063239412
7264.34277343749999	1.195957183837891	0.096100591123104	0.096100591123104	25.412969063239412
7264.38476562499999	1.215866088867187	0.098387874662876	0.098387874662876	25.412969063239412
7264.42675781249999	1.229854583740234	0.100000210106373	0.100000210106373	25.412969063239412
7264.46874999999999	1.229831695556641	0.100002750754356	0.100002750754356	25.412969063239412
7264.51074218749999	1.229812622070312	0.100002735853195	0.100002735853195	25.412969063239412
7264.55371093749999	1.229793548583984	0.100002728402615	0.100002728402615	25.412969063239412
7264.59570312499999	1.22978401184082	0.100002743303776	0.100002743303776	25.412969063239412
7264.63769531249999	1.229761123657227	0.100002706050873	0.100002706050873	25.412969063239412
7264.67968749999999	1.229743957519531	0.100002713501453	0.100002713501453	25.412969063239412
7264.72265624999999	1.229692459106445	0.100002720952034	0.100002720952034	25.412969063239412
7264.76464843749999	1.229677200317383	0.100002713501453	0.100002713501453	25.412969063239412
7264.80664062499999	1.229663848876953	0.100002706050873	0.100002706050873	25.412969063239412
7264.84863281249999	1.229650497436523	0.10000267624855	0.10000267624855	25.412969063239412
7264.89160156249999	1.229635238647461	0.100002728402615	0.100002728402615	25.412969063239412
7264.93359374999999	1.229623794555664	0.100002698600292	0.100002698600292	25.412969063239412
7264.97558593749999	1.229602813720703	0.100002706050873	0.100002706050873	25.412969063239412
7265.01757812499999	1.229583740234375	0.100002691149712	0.100002691149712	25.412969063239412
7265.05957031249999	1.229595184326172	0.100002698600292	0.100002698600292	25.412969063239412
7265.10253906249999	1.229585647583008	0.100002713501453	0.100002713501453	25.412969063239412
7265.14453124999999	1.229579925537109	0.100002683699131	0.100002683699131	25.412969063239412
7265.18652343749999	1.229562759399414	0.100002698600292	0.100002698600292	25.412969063239412
7265.22851562499999	1.229557037353516	0.10000266879797	0.10000266879797	25.412969063239412
7265.27148437499999	1.229549407958984	0.100002683699131	0.100002683699131	25.412969063239412
7265.31347656249999	1.229497909545898	0.10000266879797	0.10000266879797	25.412969063239412
7265.35546874999999	1.229442596435547	0.100002765655518	0.100002765655518	25.412969063239412
7265.39746093749999	1.229434967041016	0.100002720952034	0.100002720952034	25.412969063239412
7265.44042968749999	1.229429244995117	0.100002720952034	0.100002720952034	25.412969063239412
7265.48242187499999	1.22941780090332	0.100002735853195	0.100002735853195	25.412969063239412
7265.52441406249999	1.229404449462891	0.100002750754356	0.100002750754356	25.412969063239412
7265.56640624999999	1.229398727416992	0.100002750754356	0.100002750754356	25.412969063239412
7265.60937499999999	1.229393005371094	0.100002735853195	0.100002735853195	25.412969063239412
7265.65136718749999	1.229402542114258	0.100002758204937	0.100002758204937	25.412969063239412
7265.69335937499999	1.229381561279297	0.100002758204937	0.100002758204937	25.412969063239412
7265.73535156249999	1.229377746582031	0.100002765655518	0.100002765655518	25.412969063239412
7265.77832031249999	1.229373931884766	0.100002720952034	0.100002720952034	25.412969063239412
7265.82031249999999	1.229377746582031	0.100002735853195	0.100002735853195	25.412969063239412
7265.86230468749999	1.229381561279297	0.100002758204937	0.100002758204937	25.412969063239412
7265.90429687499999	1.229364395141602	0.100002735853195	0.100002735853195	25.412969063239412
7265.94726562499999	1.229343414306641	0.100002773106098	0.100002773106098	25.412969063239412
7265.98925781249999	1.229360580444336	0.100002765655518	0.100002765655518	25.412969063239412
7266.03124999999999	1.229354858398437	0.100002780556679	0.100002780556679	25.412969063239412
7266.07324218749999	1.229333877563477	0.100002825260162	0.100002825260162	25.412969063239412
7266.11621093749999	1.22932243347168	0.100002773106098	0.100002773106098	25.412969063239412
7266.15820312499999	1.229324340820312	0.100002743303776	0.100002743303776	25.412969063239412
7266.20019531249999	1.229335784912109	0.10000279545784	0.10000279545784	25.412969063239412
7266.24218749999999	1.229310989379883	0.100002765655518	0.100002765655518	25.412969063239412
7266.28515624999999	1.22930908203125	0.100002765655518	0.100002765655518	25.412969063239412
7266.32714843749999	1.229307174682617	0.100002780556679	0.100002780556679	25.412969063239412
7266.36914062499999	1.22930908203125	0.100002765655518	0.100002765655518	25.412969063239412
7266.41113281249999	1.229301452636719	0.100002773106098	0.100002773106098	25.412969063239412
7266.45410156249999	1.229286193847656	0.10000279545784	0.10000279545784	25.412969063239412
7266.49609374999999	1.229280471801758	0.100002780556679	0.100002780556679	25.412969063239412
7266.53808593749999	1.229291915893555	0.100002758204937	0.100002758204937	25.412969063239412
7266.58007812499999	1.229265213012695	0.100002765655518	0.100002765655518	25.412969063239412
7266.62304687499999	1.229265213012695	0.100002743303776	0.100002743303776	25.412969063239412
7266.66503906249999	1.229265213012695	0.100002743303776	0.100002743303776	25.412969063239412
7266.70703124999999	1.229257583618164	0.100002780556679	0.100002780556679	25.412969063239412
7266.74902343749999	1.229257583618164	0.100002743303776	0.100002743303776	25.412969063239412
7266.79199218749999	1.229274749755859	0.100002735853195	0.100002735853195	25.412969063239412
7266.83398437499999	1.229251861572266	0.100002728402615	0.100002728402615	25.412969063239412
7266.87597656249999	1.229253768920898	0.100002765655518	0.100002765655518	25.412969063239412
7266.91796874999999	1.22926139831543	0.100002743303776	0.100002743303776	25.412969063239412
7266.96093749999999	1.229259490966797	0.100002758204937	0.100002758204937	25.412969063239412
7267.00292968749999	1.229251861572266	0.100002773106098	0.100002773106098	25.412969063239412
7267.04492187499999	1.229240417480469	0.100002765655518	0.100002765655518	25.412969063239412
7267.08691406249999	1.229217529296875	0.100002758204937	0.100002758204937	25.412969063239412
7267.12988281249999	1.229225158691406	0.100002735853195	0.100002735853195	25.412969063239412
7267.17187499999999	1.229238510131836	0.100002780556679	0.100002780556679	25.412969063239412
7267.21386718749999	1.229227066040039	0.100002743303776	0.100002743303776	25.412969063239412
7267.25585937499999	1.229221343994141	0.100002758204937	0.100002758204937	25.412969063239412
7267.29882812499999	1.229225158691406	0.100002780556679	0.100002780556679	25.412969063239412
7267.34082031249999	1.229217529296875	0.100002750754356	0.100002750754356	25.412969063239412
7267.38281249999999	1.229221343994141	0.100002750754356	0.100002750754356	25.412969063239412
7267.42480468749999	1.229232788085937	0.100002743303776	0.100002743303776	25.412969063239412
7267.46777343749999	1.229227066040039	0.100002758204937	0.100002758204937	25.412969063239412
7267.50976562499999	1.229221343994141	0.100002735853195	0.100002735853195	25.412969063239412
7267.55175781249999	1.229211807250977	0.100002713501453	0.100002713501453	25.412969063239412
7267.59374999999999	1.229211807250977	0.100002735853195	0.100002735853195	25.412969063239412
7267.63574218749999	1.229209899902344	0.100002743303776	0.100002743303776	25.412969063239412
7267.67871093749999	1.229209899902344	0.100002743303776	0.100002743303776	25.412969063239412
7267.72070312499999	1.229204177856445	0.100002750754356	0.100002750754356	25.412969063239412
7267.76269531249999	1.229204177856445	0.100002706050873	0.100002706050873	25.412969063239412
7267.80468749999999	1.229204177856445	0.100002735853195	0.100002735853195	25.412969063239412
7267.84765624999999	1.229202270507812	0.100002758204937	0.100002758204937	25.412969063239412
7267.88964843749999	1.22920036315918	0.100002713501453	0.100002713501453	25.412969063239412
7267.93164062499999	1.229190826416016	0.100002728402615	0.100002728402615	25.412969063239412
7267.97363281249999	1.229192733764648	0.100002713501453	0.100002713501453	25.412969063239412
7268.01660156249999	1.229181289672852	0.100002720952034	0.100002720952034	25.412969063239412
7268.05859374999999	1.229190826416016	0.100002698600292	0.100002698600292	25.412969063239412
7268.10058593749999	1.229181289672852	0.100002750754356	0.100002750754356	25.412969063239412
7268.14257812499999	1.229181289672852	0.100002720952034	0.100002720952034	25.412969063239412
