[INFO]
Keithley 2400
Meas Time: 2021/1/19 8:41:48
Params: GPIB address = GPIB0::21::INSTR; DataFile = D:\工艺实验\王亚杰; Compliance  Level (0.1) = 0.100000000000000; Number of Points (5) = 50; Minimum Amplitude (1) = -3.000000000000000; Maximum Amplitude (2) = 5.000000000000000; Timeout (100000 ms) = 100000; Source Mode  (0: Voltage) = 0; 4-wire? = FALSE; delay(S) = 0.000000000000000; Start = ; 

[COMMENT]


[DATA]
time (s)	Voltage (V)	Current (A)	absCurrent (A)	Fitting Resistance (Ohms)

2677.7236328125	-3.000816345214844	-3.865352482534945E-11	3.865352482534945E-11	1234425041.39263463
2677.765625	-2.837141036987305	2.778051566565409E-9	2.778051566565409E-9	1234425041.39263463
2677.8076171875	-2.673894882202148	2.771912477328442E-9	2.771912477328442E-9	1234425041.39263463
2677.849609375	-2.510589599609375	2.793854037008714E-9	2.793854037008714E-9	1234425041.39263463
2677.8916015625	-2.347967147827148	2.821820999088231E-9	2.821820999088231E-9	1234425041.39263463
2677.93359375	-2.184638977050781	2.847400537575595E-9	2.847400537575595E-9	1234425041.39263463
2677.9755859375	-2.021724700927734	2.751107786025386E-9	2.751107786025386E-9	1234425041.39263463
2678.017578125	-1.858390808105469	2.677666088857222E-9	2.677666088857222E-9	1234425041.39263463
2678.0595703125	-1.695425033569336	2.635374585224781E-9	2.635374585224781E-9	1234425041.39263463
2678.1015625	-1.532106399536133	2.631281859066803E-9	2.631281859066803E-9	1234425041.39263463
2678.1435546875	-1.369455337524414	2.722799763432704E-9	2.722799763432704E-9	1234425041.39263463
2678.185546875	-1.205877304077148	2.737465365498792E-9	2.737465365498792E-9	1234425041.39263463
2678.2275390625	-1.042549133300781	2.746560312516522E-9	2.746560312516522E-9	1234425041.39263463
2678.2685546875	-0.878881454467773	2.793058229144663E-9	2.793058229144663E-9	1234425041.39263463
2678.310546875	-0.715526580810547	2.783508534776047E-9	2.783508534776047E-9	1234425041.39263463
2678.3525390625	-0.551925659179687	2.766341822280083E-9	2.766341822280083E-9	1234425041.39263463
2678.39453125	-0.388933181762695	2.73519162874436E-9	2.73519162874436E-9	1234425041.39263463
2678.4365234375	-0.225259780883789	2.723027137108147E-9	2.723027137108147E-9	1234425041.39263463
2678.478515625	-0.06159782409668	2.672663867997471E-9	2.672663867997471E-9	1234425041.39263463
2678.521484375	0.10243034362793	2.055571712844539E-9	2.055571712844539E-9	1234425041.39263463
2678.5634765625	0.266096115112305	2.741444404819049E-9	2.741444404819049E-9	1234425041.39263463
2678.60546875	0.429088592529297	2.777142071863636E-9	2.777142071863636E-9	1234425041.39263463
2678.6474609375	0.592741012573242	2.778051566565409E-9	2.778051566565409E-9	1234425041.39263463
2678.6884765625	0.756000518798828	2.809201760101132E-9	2.809201760101132E-9	1234425041.39263463
2678.73046875	0.919673919677734	2.824322109518107E-9	2.824322109518107E-9	1234425041.39263463
2678.7724609375	1.082647323608398	2.77316303254338E-9	2.77316303254338E-9	1234425041.39263463
2678.814453125	1.246326446533203	2.72814304480562E-9	2.72814304480562E-9	1234425041.39263463
2678.8564453125	1.409513473510742	2.674255483725574E-9	2.674255483725574E-9	1234425041.39263463
2678.8984375	1.572851181030273	2.654928721312899E-9	2.654928721312899E-9	1234425041.39263463
2678.9404296875	1.735813140869141	2.660954123712145E-9	2.660954123712145E-9	1234425041.39263463
2678.982421875	1.899126052856445	2.649130692589097E-9	2.649130692589097E-9	1234425041.39263463
2679.0244140625	2.061689376831055	2.674369170563295E-9	2.674369170563295E-9	1234425041.39263463
2679.06640625	2.225019454956055	2.714500624279026E-9	2.714500624279026E-9	1234425041.39263463
2679.1083984375	2.38831901550293	2.801016307785176E-9	2.801016307785176E-9	1234425041.39263463
2679.150390625	2.551288604736328	2.75701950158691E-9	2.75701950158691E-9	1234425041.39263463
2679.1923828125	2.714609146118164	2.747810867731459E-9	2.747810867731459E-9	1234425041.39263463
2679.234375	2.877923965454102	2.694605427677743E-9	2.694605427677743E-9	1234425041.39263463
2679.2763671875	3.041587829589844	2.641058927110862E-9	2.641058927110862E-9	1234425041.39263463
2679.318359375	3.204553604125977	2.632077666930854E-9	2.632077666930854E-9	1234425041.39263463
2679.3603515625	3.368227005004883	2.663227860466577E-9	2.663227860466577E-9	1234425041.39263463
2679.40234375	3.531473159790039	2.675051291589625E-9	2.675051291589625E-9	1234425041.39263463
2679.4443359375	3.695173263549805	2.728256731643341E-9	2.728256731643341E-9	1234425041.39263463
2679.486328125	3.858163833618164	2.763158590823878E-9	2.763158590823878E-9	1234425041.39263463
2679.5283203125	4.021829605102539	2.768729245872237E-9	2.768729245872237E-9	1234425041.39263463
2679.5693359375	4.185068130493164	2.803176357701886E-9	2.803176357701886E-9	1234425041.39263463
2679.611328125	4.348379135131836	2.790670805552509E-9	2.790670805552509E-9	1234425041.39263463
2679.6533203125	4.511348724365234	2.767592377495021E-9	2.767592377495021E-9	1234425041.39263463
2679.6953125	4.674654006958008	2.721435521380045E-9	2.721435521380045E-9	1234425041.39263463
2679.7373046875	4.837270736694336	2.659021447470877E-9	2.659021447470877E-9	1234425041.39263463
2679.779296875	5.000520706176758	2.635488272062503E-9	2.635488272062503E-9	1234425041.39263463
2718.6787109375	-3.001031875610352	-8.693691052030772E-5	8.693691052030772E-5	26.415902871169596
2718.720703125	-2.837343215942383	-8.701595652382821E-5	8.701595652382821E-5	26.415902871169596
2718.7626953125	-2.674106597900391	-8.685378998052329E-5	8.685378998052329E-5	26.415902871169596
2718.8046875	-2.51080322265625	-8.661308675073087E-5	8.661308675073087E-5	26.415902871169596
2718.8466796875	-2.348186492919922	-8.628648356534541E-5	8.628648356534541E-5	26.415902871169596
2718.888671875	-2.184860229492187	-8.587115735281259E-5	8.587115735281259E-5	26.415902871169596
2718.9306640625	-2.021930694580078	-8.537550456821918E-5	8.537550456821918E-5	26.415902871169596
2718.97265625	-1.858617782592773	-8.480031101498753E-5	8.480031101498753E-5	26.415902871169596
2719.0146484375	-1.695652008056641	-8.411497401539236E-5	8.411497401539236E-5	26.415902871169596
2719.056640625	-1.532312393188477	-8.329235424753278E-5	8.329235424753278E-5	26.415902871169596
2719.0986328125	-1.369661331176758	-8.232000982388854E-5	8.232000982388854E-5	26.415902871169596
2719.140625	-1.206081390380859	-8.116812387015671E-5	8.116812387015671E-5	26.415902871169596
2719.1826171875	-1.042745590209961	-7.979974907357246E-5	7.979974907357246E-5	26.415902871169596
2719.224609375	-0.879070281982422	-7.812953845132142E-5	7.812953845132142E-5	26.415902871169596
2719.2666015625	-0.715713500976562	-7.609263411723077E-5	7.609263411723077E-5	26.415902871169596
2719.30859375	-0.552104949951172	-7.359393930528313E-5	7.359393930528313E-5	26.415902871169596
2719.3505859375	-0.389114379882812	-7.049819396343082E-5	7.049819396343082E-5	26.415902871169596
2719.392578125	-0.225435256958008	-6.653922901023179E-5	6.653922901023179E-5	26.415902871169596
2719.4345703125	-0.061748504638672	-6.133835995569825E-5	6.133835995569825E-5	26.415902871169596
2719.4765625	0.102338790893555	-5.316913302522153E-5	5.316913302522153E-5	26.415902871169596
2719.6123046875	0.266191482543945	0.00037732772762	0.00037732772762	26.415902871169596
2719.7470703125	0.42927360534668	0.008794410154223	0.008794410154223	26.415902871169596
2719.8349609375	0.592802047729492	0.023256339132786	0.023256339132786	26.415902871169596
2719.876953125	0.756086349487305	0.038992658257484	0.038992658257484	26.415902871169596
2719.9189453125	0.919790267944336	0.055306918919086	0.055306918919086	26.415902871169596
2719.9609375	1.082798004150391	0.071785621345043	0.071785621345043	26.415902871169596
2720.0029296875	1.246509552001953	0.088448636233807	0.088448636233807	26.415902871169596
2720.044921875	1.359334945678711	0.099991269409657	0.099991269409657	26.415902871169596
2720.0869140625	1.359386444091797	0.100001774728298	0.100001774728298	26.415902871169596
2720.1298828125	1.359399795532227	0.100001782178879	0.100001782178879	26.415902871169596
2720.171875	1.359407424926758	0.100001767277718	0.100001767277718	26.415902871169596
2720.2138671875	1.359413146972656	0.100001767277718	0.100001767277718	26.415902871169596
2720.255859375	1.35942268371582	0.100001804530621	0.100001804530621	26.415902871169596
2720.298828125	1.359418869018555	0.100001737475395	0.100001737475395	26.415902871169596
2720.3408203125	1.35942268371582	0.100001730024815	0.100001730024815	26.415902871169596
2720.3828125	1.35942268371582	0.100001744925976	0.100001744925976	26.415902871169596
2720.4248046875	1.359418869018555	0.100001722574234	0.100001722574234	26.415902871169596
2720.4677734375	1.359416961669922	0.100001730024815	0.100001730024815	26.415902871169596
2720.509765625	1.359409332275391	0.100001722574234	0.100001722574234	26.415902871169596
2720.5517578125	1.359416961669922	0.100001722574234	0.100001722574234	26.415902871169596
2720.59375	1.359411239624023	0.100001692771912	0.100001692771912	26.415902871169596
2720.63671875	1.359409332275391	0.100001707673073	0.100001707673073	26.415902871169596
2720.6787109375	1.359413146972656	0.100001692771912	0.100001692771912	26.415902871169596
2720.720703125	1.359413146972656	0.100001692771912	0.100001692771912	26.415902871169596
2720.7626953125	1.359409332275391	0.100001685321331	0.100001685321331	26.415902871169596
2720.8056640625	1.359411239624023	0.10000167787075	0.10000167787075	26.415902871169596
2720.84765625	1.359413146972656	0.10000167787075	0.10000167787075	26.415902871169596
2720.8896484375	1.359416961669922	0.10000167787075	0.10000167787075	26.415902871169596
2720.931640625	1.359413146972656	0.10000167042017	0.10000167042017	26.415902871169596
2720.974609375	1.359418869018555	0.100001640617847	0.100001640617847	26.415902871169596
