[INFO]
Keithley 2400
Meas Time: 2021/1/19 13:57:52
Params: GPIB address = GPIB0::21::INSTR; DataFile = D:\工艺实验\王丹彤; Compliance  Level (0.1) = 0.100000000000000; Number of Points (5) = 150; Minimum Amplitude (1) = -3.000000000000000; Maximum Amplitude (2) = 3.000000000000000; Timeout (100000 ms) = 100000; Source Mode  (0: Voltage) = 0; 4-wire? = FALSE; delay(S) = 0.000000000000000; Start = ; 

[COMMENT]


[DATA]
time (s)	Voltage (V)	Current (A)	absCurrent (A)	Fitting Resistance (Ohms)

3384.22265625	-3.00091552734375	-9.270069131162018E-5	9.270069131162018E-5	29.524797260508734
3384.265625	-2.960445404052734	-9.302250691689551E-5	9.302250691689551E-5	29.524797260508734
3384.3076171875	-2.920299530029297	-9.312335168942809E-5	9.312335168942809E-5	29.524797260508734
3384.349609375	-2.87980842590332	-9.316593059338629E-5	9.316593059338629E-5	29.524797260508734
3384.3916015625	-2.839641571044922	-9.318059892393649E-5	9.318059892393649E-5	29.524797260508734
3384.43359375	-2.799154281616211	-9.318705997429788E-5	9.318705997429788E-5	29.524797260508734
3384.4755859375	-2.759000778198242	-9.319007222075015E-5	9.319007222075015E-5	29.524797260508734
3384.517578125	-2.718509674072266	-9.315172792412341E-5	9.315172792412341E-5	29.524797260508734
3384.5595703125	-2.678798675537109	-9.311533358413726E-5	9.311533358413726E-5	29.524797260508734
3384.6015625	-2.638063430786133	-9.30771348066628E-5	9.30771348066628E-5	29.524797260508734
3384.6435546875	-2.598356246948242	-9.304052218794823E-5	9.304052218794823E-5	29.524797260508734
3384.685546875	-2.557611465454102	-9.298948862124234E-5	9.298948862124234E-5	29.524797260508734
3384.7275390625	-2.517892837524414	-9.29131347220391E-5	9.29131347220391E-5	29.524797260508734
3384.76953125	-2.477468490600586	-9.284070983994752E-5	9.284070983994752E-5	29.524797260508734
3384.8115234375	-2.436759948730469	-9.277070057578385E-5	9.277070057578385E-5	29.524797260508734
3384.853515625	-2.397043228149414	-9.269527799915522E-5	9.269527799915522E-5	29.524797260508734
3384.8955078125	-2.356649398803711	-9.260638034902513E-5	9.260638034902513E-5	29.524797260508734
3384.9375	-2.316577911376953	-9.250819857697934E-5	9.250819857697934E-5	29.524797260508734
3384.9794921875	-2.276193618774414	-9.240696090273559E-5	9.240696090273559E-5	29.524797260508734
3385.021484375	-2.236114501953125	-9.230835712514818E-5	9.230835712514818E-5	29.524797260508734
3385.0634765625	-2.19572639465332	-9.220541687682271E-5	9.220541687682271E-5	29.524797260508734
3385.10546875	-2.155673980712891	-9.207910625264049E-5	9.207910625264049E-5	29.524797260508734
3385.1474609375	-2.115257263183594	-9.194853191729635E-5	9.194853191729635E-5	29.524797260508734
3385.189453125	-2.075206756591797	-9.182706708088517E-5	9.182706708088517E-5	29.524797260508734
3385.2314453125	-2.034797668457031	-9.169973782263696E-5	9.169973782263696E-5	29.524797260508734
3385.2734375	-1.994815826416016	-9.155830775853246E-5	9.155830775853246E-5	29.524797260508734
3385.3154296875	-1.954408645629883	-9.139995381701738E-5	9.139995381701738E-5	29.524797260508734
3385.357421875	-1.914361953735352	-9.124084317591041E-5	9.124084317591041E-5	29.524797260508734
3385.3994140625	-1.873958587646484	-9.107928781304508E-5	9.107928781304508E-5	29.524797260508734
3385.44140625	-1.833551406860352	-9.09219088498503E-5	9.09219088498503E-5	29.524797260508734
3385.4833984375	-1.793487548828125	-9.073744877241552E-5	9.073744877241552E-5	29.524797260508734
3385.525390625	-1.753084182739258	-9.054315160028636E-5	9.054315160028636E-5	29.524797260508734
3385.5673828125	-1.713020324707031	-9.035370021592826E-5	9.035370021592826E-5	29.524797260508734
3385.609375	-1.672615051269531	-9.015286923386157E-5	9.015286923386157E-5	29.524797260508734
3385.6513671875	-1.632907867431641	-8.995115058496594E-5	8.995115058496594E-5	29.524797260508734
3385.693359375	-1.592157363891602	-8.971556962933391E-5	8.971556962933391E-5	29.524797260508734
3385.7353515625	-1.552450180053711	-8.947690366767347E-5	8.947690366767347E-5	29.524797260508734
3385.77734375	-1.512033462524414	-8.924058056436479E-5	8.924058056436479E-5	29.524797260508734
3385.8193359375	-1.47199821472168	-8.899962995201349E-5	8.899962995201349E-5	29.524797260508734
3385.861328125	-1.431577682495117	-8.873581828083843E-5	8.873581828083843E-5	29.524797260508734
3385.9033203125	-1.391525268554687	-8.845224510878325E-5	8.845224510878325E-5	29.524797260508734
3385.9453125	-1.351104736328125	-8.815882029011846E-5	8.815882029011846E-5	29.524797260508734
3385.9873046875	-1.310649871826172	-8.786954276729375E-5	8.786954276729375E-5	29.524797260508734
3386.029296875	-1.2705078125	-8.755954331718385E-5	8.755954331718385E-5	29.524797260508734
3386.0712890625	-1.230039596557617	-8.722055645193905E-5	8.722055645193905E-5	29.524797260508734
3386.11328125	-1.18988037109375	-8.687116496730596E-5	8.687116496730596E-5	29.524797260508734
3386.1552734375	-1.149372100830078	-8.651243115309626E-5	8.651243115309626E-5	29.524797260508734
3386.197265625	-1.109235763549805	-8.615221304353327E-5	8.615221304353327E-5	29.524797260508734
3386.2392578125	-1.068740844726562	-8.575877291150391E-5	8.575877291150391E-5	29.524797260508734
3386.28125	-1.028608322143555	-8.534392691217363E-5	8.534392691217363E-5	29.524797260508734
3386.3232421875	-0.988090515136719	-8.489459287375212E-5	8.489459287375212E-5	29.524797260508734
3386.365234375	-0.947965621948242	-8.445620187558234E-5	8.445620187558234E-5	29.524797260508734
3386.4072265625	-0.907476425170898	-8.398811041843146E-5	8.398811041843146E-5	29.524797260508734
3386.44921875	-0.867336273193359	-8.348845585715026E-5	8.348845585715026E-5	29.524797260508734
3386.4912109375	-0.826824188232422	-8.29601485747844E-5	8.29601485747844E-5	29.524797260508734
3386.5322265625	-0.786333084106445	-8.241218165494502E-5	8.241218165494502E-5	29.524797260508734
3386.57421875	-0.746175765991211	-8.184768375940621E-5	8.184768375940621E-5	29.524797260508734
3386.6162109375	-0.705703735351562	-8.124842133838683E-5	8.124842133838683E-5	29.524797260508734
3386.658203125	-0.665882110595703	-8.06186581030488E-5	8.06186581030488E-5	29.524797260508734
3386.7001953125	-0.625097274780273	-7.993394683580846E-5	7.993394683580846E-5	29.524797260508734
3386.7421875	-0.585300445556641	-7.924668898340315E-5	7.924668898340315E-5	29.524797260508734
3386.7841796875	-0.544464111328125	-7.850727706681937E-5	7.850727706681937E-5	29.524797260508734
3386.826171875	-0.504674911499023	-7.773813558742404E-5	7.773813558742404E-5	29.524797260508734
3386.8681640625	-0.464170455932617	-7.690604252275079E-5	7.690604252275079E-5	29.524797260508734
3386.91015625	-0.424018859863281	-7.604146958328784E-5	7.604146958328784E-5	29.524797260508734
3386.9521484375	-0.383510589599609	-7.513220771215856E-5	7.513220771215856E-5	29.524797260508734
3386.994140625	-0.343376159667969	-7.416843436658382E-5	7.416843436658382E-5	29.524797260508734
3387.0361328125	-0.302879333496094	-7.312848174478859E-5	7.312848174478859E-5	29.524797260508734
3387.078125	-0.262372970581055	-7.202518463600427E-5	7.202518463600427E-5	29.524797260508734
3387.1201171875	-0.222223281860352	-7.087044650688767E-5	7.087044650688767E-5	29.524797260508734
3387.162109375	-0.18174934387207	-6.963519263081253E-5	6.963519263081253E-5	29.524797260508734
3387.2041015625	-0.14158821105957	-6.832070357631892E-5	6.832070357631892E-5	29.524797260508734
3387.24609375	-0.101078033447266	-6.689848669338971E-5	6.689848669338971E-5	29.524797260508734
3387.2880859375	-0.060937881469727	-6.538648449350148E-5	6.538648449350148E-5	29.524797260508734
3387.330078125	-0.020423889160156	-6.374654185492545E-5	6.374654185492545E-5	29.524797260508734
3387.3720703125	0.019987106323242	-6.195750029291958E-5	6.195750029291958E-5	29.524797260508734
3387.4140625	0.060846328735352	-5.987459735479206E-5	5.987459735479206E-5	29.524797260508734
3387.4560546875	0.10066032409668	-5.712166603188962E-5	5.712166603188962E-5	29.524797260508734
3387.498046875	0.141181945800781	-5.160068394616246E-5	5.160068394616246E-5	29.524797260508734
3387.5400390625	0.181352615356445	-3.472297976259142E-5	3.472297976259142E-5	29.524797260508734
3387.58203125	0.221967697143555	2.804575342452154E-5	2.804575342452154E-5	29.524797260508734
3387.7177734375	0.262102127075195	0.000286385300569	0.000286385300569	29.524797260508734
3387.759765625	0.30274772644043	0.001003824989311	0.001003824989311	29.524797260508734
3387.89453125	0.343084335327148	0.002510581165552	0.002510581165552	29.524797260508734
3387.9365234375	0.383262634277344	0.004541876725852	0.004541876725852	29.524797260508734
3387.978515625	0.423795700073242	0.006998396478593	0.006998396478593	29.524797260508734
3388.0205078125	0.463998794555664	0.009679400362074	0.009679400362074	29.524797260508734
3388.1083984375	0.504310607910156	0.012583337724209	0.012583337724209	29.524797260508734
3388.150390625	0.544466018676758	0.015523009002209	0.015523009002209	29.524797260508734
3388.1923828125	0.584957122802734	0.018570750951767	0.018570750951767	29.524797260508734
3388.234375	0.625106811523437	0.02164738625288	0.02164738625288	29.524797260508734
3388.2763671875	0.665534973144531	0.024782560765743	0.024782560765743	29.524797260508734
3388.318359375	0.705354690551758	0.027899868786335	0.027899868786335	29.524797260508734
3388.3603515625	0.746177673339844	0.031115725636482	0.031115725636482	29.524797260508734
3388.40234375	0.785999298095703	0.034268103539944	0.034268103539944	29.524797260508734
3388.4443359375	0.826845169067383	0.037510722875595	0.037510722875595	29.524797260508734
3388.486328125	0.867355346679687	0.040733516216278	0.040733516216278	29.524797260508734
3388.5283203125	0.907129287719727	0.04390412569046	0.04390412569046	29.524797260508734
3388.5703125	0.947990417480469	0.047160729765892	0.047160729765892	29.524797260508734
3388.6123046875	0.987775802612305	0.050346352159977	0.050346352159977	29.524797260508734
3388.654296875	1.028282165527344	0.053586199879646	0.053586199879646	29.524797260508734
3388.6962890625	1.068450927734375	0.056790694594383	0.056790694594383	29.524797260508734
3388.73828125	1.108922958374023	0.060016252100468	0.060016252100468	29.524797260508734
3388.7802734375	1.149080276489258	0.063218034803867	0.063218034803867	29.524797260508734
3388.822265625	1.189584732055664	0.066425479948521	0.066425479948521	29.524797260508734
3388.8642578125	1.229745864868164	0.069593347609043	0.069593347609043	29.524797260508734
3388.90625	1.270223617553711	0.072787590324879	0.072787590324879	29.524797260508734
3388.9482421875	1.310390472412109	0.075947165489197	0.075947165489197	29.524797260508734
3388.990234375	1.350852966308594	0.079133220016956	0.079133220016956	29.524797260508734
3389.0322265625	1.391281127929687	0.082331374287605	0.082331374287605	29.524797260508734
3389.07421875	1.431325912475586	0.085544869303703	0.085544869303703	29.524797260508734
3389.115234375	1.471744537353516	0.08875547349453	0.08875547349453	29.524797260508734
3389.1572265625	1.511804580688477	0.091921985149384	0.091921985149384	29.524797260508734
3389.19921875	1.552215576171875	0.095060110092163	0.095060110092163	29.524797260508734
3389.2412109375	1.592296600341797	0.098133452236652	0.098133452236652	29.524797260508734
3389.283203125	1.616662979125977	0.100001439452171	0.100001439452171	29.524797260508734
3389.326171875	1.616458892822266	0.100002124905586	0.100002124905586	29.524797260508734
3389.3681640625	1.616432189941406	0.100002087652683	0.100002087652683	29.524797260508734
3389.41015625	1.616050720214844	0.100002102553844	0.100002102553844	29.524797260508734
3389.4521484375	1.615812301635742	0.100002080202103	0.100002080202103	29.524797260508734
3389.494140625	1.615819931030273	0.100002065300941	0.100002065300941	29.524797260508734
3389.537109375	1.615570068359375	0.1000020429492	0.1000020429492	29.524797260508734
3389.5791015625	1.615171432495117	0.100002072751522	0.100002072751522	29.524797260508734
3389.62109375	1.614936828613281	0.100002035498619	0.100002035498619	29.524797260508734
3389.6640625	1.615390777587891	0.100002087652683	0.100002087652683	29.524797260508734
3389.7060546875	1.616125106811523	0.1000020429492	0.1000020429492	29.524797260508734
3389.748046875	1.61564826965332	0.100002087652683	0.100002087652683	29.524797260508734
3389.7900390625	1.614994049072266	0.100002035498619	0.100002035498619	29.524797260508734
3389.83203125	1.614372253417969	0.100002072751522	0.100002072751522	29.524797260508734
3389.875	1.614145278930664	0.100002057850361	0.100002057850361	29.524797260508734
3389.9169921875	1.614795684814453	0.10000205039978	0.10000205039978	29.524797260508734
3389.958984375	1.615882873535156	0.10000205039978	0.10000205039978	29.524797260508734
3390.0009765625	1.615665435791016	0.1000020429492	0.1000020429492	29.524797260508734
3390.0439453125	1.615747451782227	0.100002065300941	0.100002065300941	29.524797260508734
3390.0859375	1.615558624267578	0.100002072751522	0.100002072751522	29.524797260508734
3390.1279296875	1.615716934204102	0.100002035498619	0.100002035498619	29.524797260508734
3390.169921875	1.615795135498047	0.100002057850361	0.100002057850361	29.524797260508734
3390.212890625	1.615724563598633	0.100002057850361	0.100002057850361	29.524797260508734
3390.2548828125	1.615341186523437	0.10000205039978	0.10000205039978	29.524797260508734
3390.296875	1.615177154541016	0.100002035498619	0.100002035498619	29.524797260508734
3390.3388671875	1.61492919921875	0.100002035498619	0.100002035498619	29.524797260508734
3390.3818359375	1.615016937255859	0.100002072751522	0.100002072751522	29.524797260508734
3390.423828125	1.614934921264648	0.100002020597458	0.100002020597458	29.524797260508734
3390.4658203125	1.616184234619141	0.10000205039978	0.10000205039978	29.524797260508734
3390.5078125	1.616140365600586	0.1000020429492	0.1000020429492	29.524797260508734
3390.55078125	1.616262435913086	0.100002057850361	0.100002057850361	29.524797260508734
3390.5927734375	1.616392135620117	0.100002057850361	0.100002057850361	29.524797260508734
3390.634765625	1.616180419921875	0.100002065300941	0.100002065300941	29.524797260508734
3390.6767578125	1.616321563720703	0.100002072751522	0.100002072751522	29.524797260508734
3390.7197265625	1.616426467895508	0.10000205039978	0.10000205039978	29.524797260508734
