[INFO]
Keithley 2400
Meas Time: 2021/1/19 14:17:49
Params: GPIB address = GPIB0::21::INSTR; DataFile = D:\工艺实验\王国庆; Compliance  Level (0.1) = 0.100000000000000; Number of Points (5) = 300; Minimum Amplitude (1) = -3.000000000000000; Maximum Amplitude (2) = 3.000000000000000; Timeout (100000 ms) = 100000; Source Mode  (0: Voltage) = 0; 4-wire? = FALSE; delay(S) = 0.000000000000000; Start = ; 

[COMMENT]


[DATA]
time (s)	Voltage (V)	Current (A)	absCurrent (A)	Fitting Resistance (Ohms)

4574.52441406249999	-3.000722885131836	-0.000176316709258	0.000176316709258	30.873165911600662
4574.56640624999999	-2.980838775634766	-0.00017627060879	0.00017627060879	30.873165911600662
4574.60839843749999	-2.960590362548828	-0.000176213798113	0.000176213798113	30.873165911600662
4574.65039062499999	-2.940679550170898	-0.000176130793989	0.000176130793989	30.873165911600662
4574.69140624999999	-2.920089721679687	-0.00017600483261	0.00017600483261	30.873165911600662
4574.73339843749999	-2.900186538696289	-0.000175862689503	0.000175862689503	30.873165911600662
4574.77539062499999	-2.87994384765625	-0.000175740104169	0.000175740104169	30.873165911600662
4574.81738281249999	-2.86003303527832	-0.000175603083335	0.000175603083335	30.873165911600662
4574.85937499999999	-2.840126037597656	-0.00017546582967	0.00017546582967	30.873165911600662
4574.90136718749999	-2.81987190246582	-0.000175280845724	0.000175280845724	30.873165911600662
4574.94335937499999	-2.799980163574219	-0.000175117049366	0.000175117049366	30.873165911600662
4574.98535156249999	-2.780084609985352	-0.000174976768903	0.000174976768903	30.873165911600662
4575.02734374999999	-2.759479522705078	-0.000174810411409	0.000174810411409	30.873165911600662
4575.06933593749999	-2.73957633972168	-0.000174622167833	0.000174622167833	30.873165911600662
4575.11132812499999	-2.719314575195312	-0.000174418208189	0.000174418208189	30.873165911600662
4575.15332031249999	-2.699483871459961	-0.000174253829755	0.000174253829755	30.873165911600662
4575.19531249999999	-2.679271697998047	-0.000174078624696	0.000174078624696	30.873165911600662
4575.23730468749999	-2.659420013427734	-0.000173886190169	0.000173886190169	30.873165911600662
4575.27929687499999	-2.639575958251953	-0.000173672917299	0.000173672917299	30.873165911600662
4575.32128906249999	-2.619035720825195	-0.000173465698026	0.000173465698026	30.873165911600662
4575.36328124999999	-2.599161148071289	-0.000173287466168	0.000173287466168	30.873165911600662
4575.40527343749999	-2.57896614074707	-0.000173089443706	0.000173089443706	30.873165911600662
4575.44726562499999	-2.559099197387695	-0.000172867323272	0.000172867323272	30.873165911600662
4575.48925781249999	-2.539253234863281	-0.000172633677721	0.000172633677721	30.873165911600662
4575.53124999999999	-2.519058227539062	-0.000172432162799	0.000172432162799	30.873165911600662
4575.57324218749999	-2.499191284179687	-0.000172235770151	0.000172235770151	30.873165911600662
4575.61523437499999	-2.478996276855469	-0.000171995488927	0.000171995488927	30.873165911600662
4575.65722656249999	-2.458810806274414	-0.000171754625626	0.000171754625626	30.873165911600662
4575.69921874999999	-2.438610076904297	-0.000171516556293	0.000171516556293	30.873165911600662
4575.74121093749999	-2.418752670288086	-0.000171302352101	0.000171302352101	30.873165911600662
4575.78320312499999	-2.398876190185547	-0.000171079766005	0.000171079766005	30.873165911600662
4575.82519531249999	-2.378677368164062	-0.000170812592842	0.000170812592842	30.873165911600662
4575.86718749999999	-2.358829498291016	-0.00017056602519	0.00017056602519	30.873165911600662
4575.90917968749999	-2.338634490966797	-0.000170322833583	0.000170322833583	30.873165911600662
4575.95117187499999	-2.318429946899414	-0.000170093029737	0.000170093029737	30.873165911600662
4575.99316406249999	-2.29823112487793	-0.000169823062606	0.000169823062606	30.873165911600662
4576.03515624999999	-2.278388977050781	-0.000169550534338	0.000169550534338	30.873165911600662
4576.07714843749999	-2.258535385131836	-0.000169287901372	0.000169287901372	30.873165911600662
4576.11914062499999	-2.238327026367187	-0.000169039471075	0.000169039471075	30.873165911600662
4576.16113281249999	-2.218469619750977	-0.000168781378306	0.000168781378306	30.873165911600662
4576.20312499999999	-2.1986083984375	-0.000168498256244	0.000168498256244	30.873165911600662
4576.24511718749999	-2.17841911315918	-0.000168206519447	0.000168206519447	30.873165911600662
4576.28710937499999	-2.157857894897461	-0.000167922116816	0.000167922116816	30.873165911600662
4576.32910156249999	-2.13801383972168	-0.000167667400092	0.000167667400092	30.873165911600662
4576.37109374999999	-2.118143081665039	-0.000167374149896	0.000167374149896	30.873165911600662
4576.41308593749999	-2.097963333129883	-0.000167072052136	0.000167072052136	30.873165911600662
4576.45507812499999	-2.078104019165039	-0.000166771467775	0.000166771467775	30.873165911600662
4576.49707031249999	-2.058235168457031	-0.000166495679878	0.000166495679878	30.873165911600662
4576.53906249999999	-2.038030624389648	-0.000166198122315	0.000166198122315	30.873165911600662
4576.58105468749999	-2.017549514770508	-0.000165878329426	0.000165878329426	30.873165911600662
4576.62304687499999	-1.997711181640625	-0.000165547593497	0.000165547593497	30.873165911600662
4576.66503906249999	-1.977848052978516	-0.000165249919519	0.000165249919519	30.873165911600662
4576.70703124999999	-1.95765495300293	-0.000164950150065	0.000164950150065	30.873165911600662
4576.74902343749999	-1.93780517578125	-0.000164620927535	0.000164620927535	30.873165911600662
4576.79101562499999	-1.917951583862305	-0.000164271332324	0.000164271332324	30.873165911600662
4576.83300781249999	-1.897731781005859	-0.000163937336765	0.000163937336765	30.873165911600662
4576.87499999999999	-1.877880096435547	-0.000163624528795	0.000163624528795	30.873165911600662
4576.91699218749999	-1.857324600219727	-0.000163284712471	0.000163284712471	30.873165911600662
4576.95898437499999	-1.837478637695312	-0.000162924290635	0.000162924290635	30.873165911600662
4577.00097656249999	-1.817279815673828	-0.000162561540492	0.000162561540492	30.873165911600662
4577.04199218749999	-1.797412872314453	-0.000162225798704	0.000162225798704	30.873165911600662
4577.08398437499999	-1.777551651000977	-0.00016188074369	0.00016188074369	30.873165911600662
4577.12597656249999	-1.757375717163086	-0.000161511241458	0.000161511241458	30.873165911600662
4577.16796874999999	-1.737522125244141	-0.000161126605235	0.000161126605235	30.873165911600662
4577.20996093749999	-1.716955184936523	-0.000160750583746	0.000160750583746	30.873165911600662
4577.25195312499999	-1.697103500366211	-0.000160404480994	0.000160404480994	30.873165911600662
4577.29394531249999	-1.676898956298828	-0.000160021125339	0.000160021125339	30.873165911600662
4577.33593749999999	-1.657058715820312	-0.000159612158313	0.000159612158313	30.873165911600662
4577.37792968749999	-1.637189865112305	-0.000159226357937	0.000159226357937	30.873165911600662
4577.41992187499999	-1.616979598999023	-0.000158847658895	0.000158847658895	30.873165911600662
4577.46191406249999	-1.597126007080078	-0.00015846057795	0.00015846057795	30.873165911600662
4577.50390624999999	-1.576606750488281	-0.00015801936388	0.00015801936388	30.873165911600662
4577.54589843749999	-1.556747436523437	-0.000157594564371	0.000157594564371	30.873165911600662
4577.58789062499999	-1.536527633666992	-0.000157182570547	0.000157182570547	30.873165911600662
4577.62988281249999	-1.516677856445312	-0.000156780821271	0.000156780821271	30.873165911600662
4577.67187499999999	-1.496805191040039	-0.000156355090439	0.000156355090439	30.873165911600662
4577.71386718749999	-1.476619720458984	-0.000155898858793	0.000155898858793	30.873165911600662
4577.75585937499999	-1.456748962402344	-0.000155457877554	0.000155457877554	30.873165911600662
4577.79785156249999	-1.436895370483398	-0.000155031913891	0.000155031913891	30.873165911600662
4577.83984374999999	-1.416337966918945	-0.000154574518092	0.000154574518092	30.873165911600662
4577.88183593749999	-1.396509170532227	-0.000154104433022	0.000154104433022	30.873165911600662
4577.92382812499999	-1.376306533813477	-0.000153625267558	0.000153625267558	30.873165911600662
4577.96582031249999	-1.356433868408203	-0.000153175322339	0.000153175322339	30.873165911600662
4578.00781249999999	-1.336225509643555	-0.000152701511979	0.000152701511979	30.873165911600662
4578.04980468749999	-1.316333770751953	-0.000152227585204	0.000152227585204	30.873165911600662
4578.09179687499999	-1.296438217163086	-0.000151714659296	0.000151714659296	30.873165911600662
4578.13378906249999	-1.275835037231445	-0.000151202082634	0.000151202082634	30.873165911600662
4578.17578124999999	-1.255935668945312	-0.000150724197738	0.000150724197738	30.873165911600662
4578.21777343749999	-1.235698699951172	-0.000150210340507	0.000150210340507	30.873165911600662
4578.25976562499999	-1.215803146362305	-0.000149691361003	0.000149691361003	30.873165911600662
4578.30175781249999	-1.195545196533203	-0.000149145605974	0.000149145605974	30.873165911600662
4578.34374999999999	-1.175642013549805	-0.000148621737026	0.000148621737026	30.873165911600662
4578.38574218749999	-1.155727386474609	-0.00014810252469	0.00014810252469	30.873165911600662
4578.42773437499999	-1.135496139526367	-0.000147550017573	0.000147550017573	30.873165911600662
4578.46972656249999	-1.115249633789062	-0.000146972364746	0.000146972364746	30.873165911600662
4578.51171874999999	-1.094995498657227	-0.000146398902871	0.000146398902871	30.873165911600662
4578.55371093749999	-1.075080871582031	-0.000145846046507	0.000145846046507	30.873165911600662
4578.59570312499999	-1.055212020874023	-0.000145270721987	0.000145270721987	30.873165911600662
4578.63769531249999	-1.034975051879883	-0.000144667224959	0.000144667224959	30.873165911600662
4578.67968749999999	-1.015047073364258	-0.000144063145854	0.000144063145854	30.873165911600662
4578.72167968749999	-0.994802474975586	-0.000143468030728	0.000143468030728	30.873165911600662
4578.76367187499999	-0.974540710449219	-0.00014286080841	0.00014286080841	30.873165911600662
4578.80566406249999	-0.954303741455078	-0.000142219243571	0.000142219243571	30.873165911600662
4578.84765624999999	-0.934410095214844	-0.000141569063999	0.000141569063999	30.873165911600662
4578.88964843749999	-0.914501190185547	-0.000140931573696	0.000140931573696	30.873165911600662
4578.93164062499999	-0.894245147705078	-0.000140290474519	0.000140290474519	30.873165911600662
4578.97363281249999	-0.874362945556641	-0.000139638432302	0.000139638432302	30.873165911600662
4579.01562499999999	-0.854452133178711	-0.000138953328133	0.000138953328133	30.873165911600662
4579.05761718749999	-0.834186553955078	-0.000138250296004	0.000138250296004	30.873165911600662
4579.09960937499999	-0.813613891601562	-0.000137550290674	0.000137550290674	30.873165911600662
4579.14160156249999	-0.793708801269531	-0.000136862974614	0.000136862974614	30.873165911600662
4579.18261718749999	-0.7738037109375	-0.000136145041324	0.000136145041324	30.873165911600662
4579.22460937499999	-0.75355339050293	-0.000135394278914	0.000135394278914	30.873165911600662
4579.26660156249999	-0.733646392822266	-0.000134667265229	0.000134667265229	30.873165911600662
4579.30859374999999	-0.713729858398437	-0.000133935711347	0.000133935711347	30.873165911600662
4579.35058593749999	-0.693508148193359	-0.000133162830025	0.000133162830025	30.873165911600662
4579.39257812499999	-0.672920227050781	-0.000132350949571	0.000132350949571	30.873165911600662
4579.43457031249999	-0.653003692626953	-0.000131557346322	0.000131557346322	30.873165911600662
4579.47656249999999	-0.633083343505859	-0.000130779691972	0.000130779691972	30.873165911600662
4579.51855468749999	-0.6129150390625	-0.00012996874284	0.00012996874284	30.873165911600662
4579.56054687499999	-0.593021392822266	-0.000129127409309	0.000129127409309	30.873165911600662
4579.60253906249999	-0.57310676574707	-0.000128282350488	0.000128282350488	30.873165911600662
4579.64453124999999	-0.552865982055664	-0.000127427978441	0.000127427978441	30.873165911600662
4579.68652343749999	-0.532985687255859	-0.000126571045257	0.000126571045257	30.873165911600662
4579.72851562499999	-0.512395858764648	-0.00012565148063	0.00012565148063	30.873165911600662
4579.77050781249999	-0.492475509643555	-0.000124740181491	0.000124740181491	30.873165911600662
4579.81249999999999	-0.47222900390625	-0.000123812700622	0.000123812700622	30.873165911600662
4579.85449218749999	-0.45231819152832	-0.000122894067317	0.000122894067317	30.873165911600662
4579.89648437499999	-0.432424545288086	-0.000121940043755	0.000121940043755	30.873165911600662
4579.93847656249999	-0.412181854248047	-0.000120953540318	0.000120953540318	30.873165911600662
4579.98046874999999	-0.392267227172852	-0.000119964242913	0.000119964242913	30.873165911600662
4580.02246093749999	-0.371673583984375	-0.000118945143186	0.000118945143186	30.873165911600662
4580.06445312499999	-0.35179328918457	-0.000117918942124	0.000117918942124	30.873165911600662
4580.10644531249999	-0.331552505493164	-0.000116849783808	0.000116849783808	30.873165911600662
4580.14843749999999	-0.311634063720703	-0.00011577073019	0.00011577073019	30.873165911600662
4580.19042968749999	-0.291725158691406	-0.000114686670713	0.000114686670713	30.873165911600662
4580.23242187499999	-0.271476745605469	-0.000113577581942	0.000113577581942	30.873165911600662
4580.27441406249999	-0.251581192016602	-0.000112438690849	0.000112438690849	30.873165911600662
4580.31640624999999	-0.231679916381836	-0.000111273606308	0.000111273606308	30.873165911600662
4580.35839843749999	-0.211086273193359	-0.000110051594675	0.000110051594675	30.873165911600662
4580.40039062499999	-0.190824508666992	-0.000108824460767	0.000108824460767	30.873165911600662
4580.44238281249999	-0.17094612121582	-0.000107603846118	0.000107603846118	30.873165911600662
4580.48437499999999	-0.151033401489258	-0.000106332940049	0.000106332940049	30.873165911600662
4580.52636718749999	-0.130781173706055	-0.000105006503873	0.000105006503873	30.873165911600662
4580.56835937499999	-0.110879898071289	-0.000103672617115	0.000103672617115	30.873165911600662
4580.61035156249999	-0.090976715087891	-0.000102333142422	0.000102333142422	30.873165911600662
4580.65234374999999	-0.070392608642578	-0.000100886332802	0.000100886332802	30.873165911600662
4580.74511718749999	-0.050697326660156	-9.946581849362701E-5	9.946581849362701E-5	30.873165911600662
4580.78710937499999	-0.030448913574219	-9.796213998924941E-5	9.796213998924941E-5	30.873165911600662
4580.82910156249999	-0.010532379150391	-9.643741941545159E-5	9.643741941545159E-5	30.873165911600662
4580.87109374999999	0.010046005249023	-9.481773304287344E-5	9.481773304287344E-5	30.873165911600662
4580.91308593749999	0.030271530151367	-9.318087541032583E-5	9.318087541032583E-5	30.873165911600662
4580.95507812499999	0.050182342529297	-9.14635747903958E-5	9.14635747903958E-5	30.873165911600662
4580.99707031249999	0.070102691650391	-8.960397099144757E-5	8.960397099144757E-5	30.873165911600662
4581.03906249999999	0.090696334838867	-8.745657396502793E-5	8.745657396502793E-5	30.873165911600662
4581.08105468749999	0.110595703125	-8.496944792568684E-5	8.496944792568684E-5	30.873165911600662
4581.12304687499999	0.130842208862305	-8.155179966706783E-5	8.155179966706783E-5	30.873165911600662
4581.16503906249999	0.150762557983398	-7.644161814823747E-5	7.644161814823747E-5	30.873165911600662
4581.20703124999999	0.170711517333984	-6.775109795853496E-5	6.775109795853496E-5	30.873165911600662
4581.24902343749999	0.190975189208984	-5.143287125974894E-5	5.143287125974894E-5	30.873165911600662
4581.29101562499999	0.210927963256836	-2.060351835098118E-5	2.060351835098118E-5	30.873165911600662
4581.33300781249999	0.231645584106445	3.882466262439266E-5	3.882466262439266E-5	30.873165911600662
4581.46874999999999	0.251504898071289	0.000166926067322	0.000166926067322	30.873165911600662
4581.51074218749999	0.271774291992187	0.000383064965717	0.000383064965717	30.873165911600662
4581.55273437499999	0.291746139526367	0.000732639920898	0.000732639920898	30.873165911600662
4581.68749999999999	0.311521530151367	0.001270208507776	0.001270208507776	30.873165911600662
4581.72949218749999	0.331798553466797	0.001967943273485	0.001967943273485	30.873165911600662
4581.77148437499999	0.351716995239258	0.00280733127147	0.00280733127147	30.873165911600662
4581.81347656249999	0.371614456176758	0.003766656853259	0.003766656853259	30.873165911600662
4581.85546874999999	0.392240524291992	0.00486396625638	0.00486396625638	30.873165911600662
4581.89746093749999	0.412506103515625	0.006022342015058	0.006022342015058	30.873165911600662
4581.93945312499999	0.432455062866211	0.00722273113206	0.00722273113206	30.873165911600662
4581.98144531249999	0.452360153198242	0.008470601402223	0.008470601402223	30.873165911600662
4582.02343749999999	0.472637176513672	0.009779294021428	0.009779294021428	30.873165911600662
4582.11132812499999	0.492362976074219	0.011114381253719	0.011114381253719	30.873165911600662
4582.15332031249999	0.512273788452148	0.012454606592655	0.012454606592655	30.873165911600662
4582.19531249999999	0.532852172851562	0.013867162168026	0.013867162168026	30.873165911600662
4582.23730468749999	0.55308723449707	0.015273727476597	0.015273727476597	30.873165911600662
4582.27929687499999	0.572986602783203	0.016673602163792	0.016673602163792	30.873165911600662
4582.32128906249999	0.592903137207031	0.018086604773998	0.018086604773998	30.873165911600662
4582.36328124999999	0.613153457641602	0.019533172249794	0.019533172249794	30.873165911600662
4582.40527343749999	0.633050918579102	0.020964190363884	0.020964190363884	30.873165911600662
4582.44726562499999	0.652894973754883	0.022399872541428	0.022399872541428	30.873165911600662
4582.48925781249999	0.673145294189453	0.023870438337326	0.023870438337326	30.873165911600662
4582.53124999999999	0.693403244018555	0.025348454713821	0.025348454713821	30.873165911600662
4582.57324218749999	0.713655471801758	0.026828922331333	0.026828922331333	30.873165911600662
4582.61523437499999	0.733541488647461	0.028288431465626	0.028288431465626	30.873165911600662
4582.65722656249999	0.753791809082031	0.029776103794575	0.029776103794575	30.873165911600662
4582.69921874999999	0.773704528808594	0.03124288469553	0.03124288469553	30.873165911600662
4582.74121093749999	0.793605804443359	0.032709561288357	0.032709561288357	30.873165911600662
4582.78320312499999	0.813854217529297	0.034204348921776	0.034204348921776	30.873165911600662
4582.82519531249999	0.834115982055664	0.035700052976608	0.035700052976608	30.873165911600662
4582.86718749999999	0.854351043701172	0.037195697426796	0.037195697426796	30.873165911600662
4582.90917968749999	0.874267578125	0.038669683039188	0.038669683039188	30.873165911600662
4582.95117187499999	0.894172668457031	0.040139652788639	0.040139652788639	30.873165911600662
4582.99316406249999	0.914407730102539	0.041634827852249	0.041634827852249	30.873165911600662
4583.03417968749999	0.934309005737305	0.043103195726871	0.043103195726871	30.873165911600662
4583.07617187499999	0.954568862915039	0.04459773004055	0.04459773004055	30.873165911600662
4583.11816406249999	0.974460601806641	0.046063467860222	0.046063467860222	30.873165911600662
4583.16015624999999	0.995048522949219	0.047580443322659	0.047580443322659	30.873165911600662
4583.20214843749999	1.014955520629883	0.049046643078327	0.049046643078327	30.873165911600662
4583.24414062499999	1.034881591796875	0.05051127821207	0.05051127821207	30.873165911600662
4583.28613281249999	1.055124282836914	0.051997065544128	0.051997065544128	30.873165911600662
4583.32812499999999	1.075010299682617	0.053454034030437	0.053454034030437	30.873165911600662
4583.37011718749999	1.094917297363281	0.054911024868488	0.054911024868488	30.873165911600662
4583.41210937499999	1.115171432495117	0.056389518082142	0.056389518082142	30.873165911600662
4583.45410156249999	1.135776519775391	0.05788966268301	0.05788966268301	30.873165911600662
4583.49609374999999	1.155677795410156	0.059339575469494	0.059339575469494	30.873165911600662
4583.53808593749999	1.175582885742187	0.060782454907894	0.060782454907894	30.873165911600662
4583.58007812499999	1.195829391479492	0.062246091663837	0.062246091663837	30.873165911600662
4583.62207031249999	1.21574592590332	0.063681595027447	0.063681595027447	30.873165911600662
4583.66406249999999	1.23564338684082	0.065114304423332	0.065114304423332	30.873165911600662
4583.70605468749999	1.255880355834961	0.066562727093697	0.066562727093697	30.873165911600662
4583.74804687499999	1.276462554931641	0.068034678697586	0.068034678697586	30.873165911600662
4583.79003906249999	1.296380996704102	0.06945288926363	0.06945288926363	30.873165911600662
4583.83203124999999	1.316272735595703	0.070867851376534	0.070867851376534	30.873165911600662
4583.87402343749999	1.336517333984375	0.072299927473068	0.072299927473068	30.873165911600662
4583.91601562499999	1.356405258178711	0.073703959584236	0.073703959584236	30.873165911600662
4583.95800781249999	1.37626838684082	0.075093448162079	0.075093448162079	30.873165911600662
4583.99999999999999	1.396482467651367	0.076506212353706	0.076506212353706	30.873165911600662
4584.04199218749999	1.416349411010742	0.077883958816528	0.077883958816528	30.873165911600662
4584.08398437499999	1.43687629699707	0.079303942620754	0.079303942620754	30.873165911600662
4584.12499999999999	1.45673942565918	0.080668464303017	0.080668464303017	30.873165911600662
4584.16699218749999	1.476953506469727	0.082052536308765	0.082052536308765	30.873165911600662
4584.20898437499999	1.496797561645508	0.083408929407597	0.083408929407597	30.873165911600662
4584.25097656249999	1.516653060913086	0.084758251905441	0.084758251905441	30.873165911600662
4584.29296874999999	1.536867141723633	0.086120054125786	0.086120054125786	30.873165911600662
4584.33496093749999	1.556728363037109	0.087465181946754	0.087465181946754	30.873165911600662
4584.37695312499999	1.577289581298828	0.088849030435085	0.088849030435085	30.873165911600662
4584.41894531249999	1.597137451171875	0.09016640484333	0.09016640484333	30.873165911600662
4584.46093749999999	1.616996765136719	0.091469906270504	0.091469906270504	30.873165911600662
4584.50292968749999	1.637189865112305	0.09279066324234	0.09279066324234	30.873165911600662
4584.54492187499999	1.657066345214844	0.094083189964294	0.094083189964294	30.873165911600662
4584.58691406249999	1.67725944519043	0.09538958221674	0.09538958221674	30.873165911600662
4584.62890624999999	1.697101593017578	0.096675962209702	0.096675962209702	30.873165911600662
4584.67089843749999	1.71696662902832	0.097939163446426	0.097939163446426	30.873165911600662
4584.71289062499999	1.737529754638672	0.099253416061401	0.099253416061401	30.873165911600662
4584.75488281249999	1.749288558959961	0.100002363324165	0.100002363324165	30.873165911600662
4584.79687499999999	1.749116897583008	0.100002482533455	0.100002482533455	30.873165911600662
4584.83886718749999	1.748935699462891	0.100002534687519	0.100002534687519	30.873165911600662
4584.88085937499999	1.74859619140625	0.100002489984035	0.100002489984035	30.873165911600662
4584.92382812499999	1.748512268066406	0.100002467632294	0.100002467632294	30.873165911600662
4584.96582031249999	1.748498916625977	0.100002497434616	0.100002497434616	30.873165911600662
4585.00781249999999	1.748392105102539	0.100002467632294	0.100002467632294	30.873165911600662
4585.04980468749999	1.748201370239258	0.100002475082874	0.100002475082874	30.873165911600662
4585.09277343749999	1.748128890991211	0.100002489984035	0.100002489984035	30.873165911600662
4585.13476562499999	1.74806022644043	0.100002460181713	0.100002460181713	30.873165911600662
4585.17675781249999	1.747995376586914	0.100002519786358	0.100002519786358	30.873165911600662
4585.21874999999999	1.747783660888672	0.100002482533455	0.100002482533455	30.873165911600662
4585.26171874999999	1.747669219970703	0.100002512335777	0.100002512335777	30.873165911600662
4585.30371093749999	1.747711181640625	0.100002512335777	0.100002512335777	30.873165911600662
4585.34570312499999	1.747751235961914	0.100002497434616	0.100002497434616	30.873165911600662
4585.38769531249999	1.74760627746582	0.100002482533455	0.100002482533455	30.873165911600662
4585.43066406249999	1.747512817382812	0.100002504885197	0.100002504885197	30.873165911600662
4585.47265624999999	1.74748420715332	0.100002489984035	0.100002489984035	30.873165911600662
4585.51464843749999	1.747274398803711	0.100002504885197	0.100002504885197	30.873165911600662
4585.55664062499999	1.747177124023437	0.100002475082874	0.100002475082874	30.873165911600662
4585.59960937499999	1.746904373168945	0.100002504885197	0.100002504885197	30.873165911600662
4585.64160156249999	1.747005462646484	0.100002504885197	0.100002504885197	30.873165911600662
4585.68359374999999	1.746837615966797	0.100002482533455	0.100002482533455	30.873165911600662
4585.72558593749999	1.746860504150391	0.100002497434616	0.100002497434616	30.873165911600662
4585.76855468749999	1.7467041015625	0.100002504885197	0.100002504885197	30.873165911600662
4585.81054687499999	1.746561050415039	0.100002467632294	0.100002467632294	30.873165911600662
4585.85253906249999	1.746467590332031	0.100002482533455	0.100002482533455	30.873165911600662
4585.89453124999999	1.746423721313477	0.100002452731133	0.100002452731133	30.873165911600662
4585.93749999999999	1.74629020690918	0.100002497434616	0.100002497434616	30.873165911600662
4585.97949218749999	1.746335983276367	0.100002497434616	0.100002497434616	30.873165911600662
4586.02148437499999	1.746274948120117	0.10000254958868	0.10000254958868	30.873165911600662
4586.06347656249999	1.746335983276367	0.100002430379391	0.100002430379391	30.873165911600662
4586.10644531249999	1.74622917175293	0.100002475082874	0.100002475082874	30.873165911600662
4586.14843749999999	1.746040344238281	0.100002482533455	0.100002482533455	30.873165911600662
4586.19042968749999	1.74578857421875	0.100002497434616	0.100002497434616	30.873165911600662
4586.23242187499999	1.745721817016602	0.100002489984035	0.100002489984035	30.873165911600662
4586.27539062499999	1.745712280273437	0.100002475082874	0.100002475082874	30.873165911600662
4586.31738281249999	1.745555877685547	0.100002482533455	0.100002482533455	30.873165911600662
4586.35937499999999	1.745458602905273	0.100002489984035	0.100002489984035	30.873165911600662
4586.40136718749999	1.745365142822266	0.100002497434616	0.100002497434616	30.873165911600662
4586.44433593749999	1.745317459106445	0.100002489984035	0.100002489984035	30.873165911600662
4586.48632812499999	1.745199203491211	0.100002475082874	0.100002475082874	30.873165911600662
4586.52832031249999	1.745132446289062	0.100002445280552	0.100002445280552	30.873165911600662
4586.57031249999999	1.745052337646484	0.100002475082874	0.100002475082874	30.873165911600662
4586.61328124999999	1.744855880737305	0.100002437829971	0.100002437829971	30.873165911600662
4586.65527343749999	1.74485969543457	0.100002445280552	0.100002445280552	30.873165911600662
4586.69726562499999	1.744800567626953	0.100002467632294	0.100002467632294	30.873165911600662
4586.73925781249999	1.744773864746094	0.100002452731133	0.100002452731133	30.873165911600662
4586.78222656249999	1.744773864746094	0.100002445280552	0.100002445280552	30.873165911600662
4586.82421874999999	1.744918823242187	0.100002460181713	0.100002460181713	30.873165911600662
4586.86621093749999	1.744945526123047	0.100002489984035	0.100002489984035	30.873165911600662
4586.90820312499999	1.744878768920898	0.100002460181713	0.100002460181713	30.873165911600662
4586.95117187499999	1.744728088378906	0.100002452731133	0.100002452731133	30.873165911600662
4586.99316406249999	1.74468994140625	0.100002467632294	0.100002467632294	30.873165911600662
4587.03515624999999	1.744609832763672	0.100002467632294	0.100002467632294	30.873165911600662
4587.07714843749999	1.744573593139648	0.100002475082874	0.100002475082874	30.873165911600662
4587.12011718749999	1.744485855102539	0.100002475082874	0.100002475082874	30.873165911600662
4587.16210937499999	1.744363784790039	0.10000242292881	0.10000242292881	30.873165911600662
4587.20410156249999	1.744237899780273	0.100002460181713	0.100002460181713	30.873165911600662
4587.24609374999999	1.744298934936523	0.100002489984035	0.100002489984035	30.873165911600662
4587.28906249999999	1.744169235229492	0.100002489984035	0.100002489984035	30.873165911600662
4587.33105468749999	1.744169235229492	0.100002460181713	0.100002460181713	30.873165911600662
4587.37304687499999	1.744047164916992	0.100002534687519	0.100002534687519	30.873165911600662
