[INFO]
Keithley 2400
Meas Time: 2021/1/19 10:31:49
Params: GPIB address = GPIB0::21::INSTR; DataFile = D:\工艺实验\王朝阳; Compliance  Level (0.1) = 0.100000000000000; Number of Points (5) = 100; Minimum Amplitude (1) = -3.000000000000000; Maximum Amplitude (2) = 3.000000000000000; Timeout (100000 ms) = 100000; Source Mode  (0: Voltage) = 0; 4-wire? = FALSE; delay(S) = 0.000000000000000; Start = ; 

[COMMENT]


[DATA]
time (s)	Voltage (V)	Current (A)	absCurrent (A)	Fitting Resistance (Ohms)

9276.02636718749999	-3.000833511352539	-5.348217382561415E-5	5.348217382561415E-5	29.046248815044457
9276.06835937499999	-2.940452575683594	-5.372795567382127E-5	5.372795567382127E-5	29.046248815044457
9276.11035156249999	-2.879711151123047	-5.381533992476761E-5	5.381533992476761E-5	29.046248815044457
9276.15234374999999	-2.818618774414062	-5.38672466063872E-5	5.38672466063872E-5	29.046248815044457
9276.19433593749999	-2.758205413818359	-5.38863823749125E-5	5.38863823749125E-5	29.046248815044457
9276.23632812499999	-2.697517395019531	-5.388710997067392E-5	5.388710997067392E-5	29.046248815044457
9276.27832031249999	-2.636938095092773	-5.389218858908862E-5	5.389218858908862E-5	29.046248815044457
9276.32031249999999	-2.576684951782227	-5.388740100897849E-5	5.388740100897849E-5	29.046248815044457
9276.36230468749999	-2.515741348266602	-5.387066630646586E-5	5.387066630646586E-5	29.046248815044457
9276.40429687499999	-2.455148696899414	-5.383951065596193E-5	5.383951065596193E-5	29.046248815044457
9276.44628906249999	-2.394889831542969	-5.380314541980624E-5	5.380314541980624E-5	29.046248815044457
9276.48828124999999	-2.334287643432617	-5.377418710850179E-5	5.377418710850179E-5	29.046248815044457
9276.53027343749999	-2.273366928100586	-5.373256863094866E-5	5.373256863094866E-5	29.046248815044457
9276.57226562499999	-2.213102340698242	-5.367724224925041E-5	5.367724224925041E-5	29.046248815044457
9276.61425781249999	-2.152505874633789	-5.36163424840197E-5	5.36163424840197E-5	29.046248815044457
9276.65624999999999	-2.092266082763672	-5.355983739718795E-5	5.355983739718795E-5	29.046248815044457
9276.69824218749999	-2.031646728515625	-5.349809362087399E-5	5.349809362087399E-5	29.046248815044457
9276.74023437499999	-1.970779418945312	-5.342655640561134E-5	5.342655640561134E-5	29.046248815044457
9276.78222656249999	-1.910547256469727	-5.333908484317362E-5	5.333908484317362E-5	29.046248815044457
9276.82421874999999	-1.849935531616211	-5.325094389263541E-5	5.325094389263541E-5	29.046248815044457
9276.86621093749999	-1.789678573608398	-5.316200258675963E-5	5.316200258675963E-5	29.046248815044457
9276.90820312499999	-1.729099273681641	-5.306799721438438E-5	5.306799721438438E-5	29.046248815044457
9276.95019531249999	-1.668136596679687	-5.295751907397062E-5	5.295751907397062E-5	29.046248815044457
9276.99218749999999	-1.607879638671875	-5.283218342810869E-5	5.283218342810869E-5	29.046248815044457
9277.03417968749999	-1.547285079956055	-5.27079391758889E-5	5.27079391758889E-5	29.046248815044457
9277.07617187499999	-1.487024307250977	-5.257877637632191E-5	5.257877637632191E-5	29.046248815044457
9277.11816406249999	-1.426076889038086	-5.243439227342606E-5	5.243439227342606E-5	29.046248815044457
9277.16015624999999	-1.365478515625	-5.226915527600795E-5	5.226915527600795E-5	29.046248815044457
9277.20214843749999	-1.305152893066406	-5.209550727158785E-5	5.209550727158785E-5	29.046248815044457
9277.24414062499999	-1.244403839111328	-5.191790114622563E-5	5.191790114622563E-5	29.046248815044457
9277.28613281249999	-1.183664321899414	-5.172377859707922E-5	5.172377859707922E-5	29.046248815044457
9277.32812499999999	-1.122604370117187	-5.149899516254663E-5	5.149899516254663E-5	29.046248815044457
9277.37011718749999	-1.062196731567383	-5.126369069330394E-5	5.126369069330394E-5	29.046248815044457
9277.41210937499999	-1.001453399658203	-5.100961425341666E-5	5.100961425341666E-5	29.046248815044457
9277.45410156249999	-0.941066741943359	-5.074015643913299E-5	5.074015643913299E-5	29.046248815044457
9277.49609374999999	-0.880327224731445	-5.044607678428292E-5	5.044607678428292E-5	29.046248815044457
9277.53808593749999	-0.819236755371094	-5.011033499613404E-5	5.011033499613404E-5	29.046248815044457
9277.58007812499999	-0.758832931518555	-4.974128387402743E-5	4.974128387402743E-5	29.046248815044457
9277.62207031249999	-0.698093414306641	-4.935546894557774E-5	4.935546894557774E-5	29.046248815044457
9277.66406249999999	-0.6376953125	-4.893347795587033E-5	4.893347795587033E-5	29.046248815044457
9277.70605468749999	-0.577009201049805	-4.846201045438647E-5	4.846201045438647E-5	29.046248815044457
9277.74804687499999	-0.515945434570312	-4.793914558831602E-5	4.793914558831602E-5	29.046248815044457
9277.79003906249999	-0.455528259277344	-4.736799746751785E-5	4.736799746751785E-5	29.046248815044457
9277.83203124999999	-0.394784927368164	-4.674424417316914E-5	4.674424417316914E-5	29.046248815044457
9277.87402343749999	-0.33441162109375	-4.605208232533187E-5	4.605208232533187E-5	29.046248815044457
9277.91601562499999	-0.273303985595703	-4.526533302851021E-5	4.526533302851021E-5	29.046248815044457
9277.95800781249999	-0.212560653686523	-4.437945608515292E-5	4.437945608515292E-5	29.046248815044457
9277.99999999999999	-0.152168273925781	-4.339504812378436E-5	4.339504812378436E-5	29.046248815044457
9278.04101562499999	-0.091424942016602	-4.227658791933209E-5	4.227658791933209E-5	29.046248815044457
9278.08300781249999	-0.031013488769531	-4.099310899619013E-5	4.099310899619013E-5	29.046248815044457
9278.12597656249999	0.030736923217773	-3.94199596485123E-5	3.94199596485123E-5	29.046248815044457
9278.16796874999999	0.091480255126953	-3.711922909133136E-5	3.711922909133136E-5	29.046248815044457
9278.20996093749999	0.151897430419922	-2.962525468319654E-5	2.962525468319654E-5	29.046248815044457
9278.25195312499999	0.212747573852539	2.289328404003754E-5	2.289328404003754E-5	29.046248815044457
9278.38769531249999	0.273168563842773	0.000444171775598	0.000444171775598	29.046248815044457
9278.52148437499999	0.334207534790039	0.002169892191887	0.002169892191887	29.046248815044457
9278.56347656249999	0.394994735717773	0.005315503105521	0.005315503105521	29.046248815044457
9278.60546874999999	0.455465316772461	0.009279198013246	0.009279198013246	29.046248815044457
9278.69433593749999	0.516063690185547	0.013754703104496	0.013754703104496	29.046248815044457
9278.73632812499999	0.577119827270508	0.018420621752739	0.018420621752739	29.046248815044457
9278.77832031249999	0.637454986572266	0.023186564445496	0.023186564445496	29.046248815044457
9278.82031249999999	0.698226928710937	0.028079368174076	0.028079368174076	29.046248815044457
9278.86230468749999	0.75861930847168	0.033003218472004	0.033003218472004	29.046248815044457
9278.90429687499999	0.819370269775391	0.038001008331776	0.038001008331776	29.046248815044457
9278.94628906249999	0.880470275878906	0.043057821691036	0.043057821691036	29.046248815044457
9278.98828124999999	0.940864562988281	0.048073701560497	0.048073701560497	29.046248815044457
9279.03027343749999	1.001613616943359	0.053130649030209	0.053130649030209	29.046248815044457
9279.07226562499999	1.062026977539062	0.058165453374386	0.058165453374386	29.046248815044457
9279.11425781249999	1.122770309448242	0.063231930136681	0.063231930136681	29.046248815044457
9279.15527343749999	1.183855056762695	0.068320080637932	0.068320080637932	29.046248815044457
9279.19726562499999	1.244272232055664	0.073341704905033	0.073341704905033	29.046248815044457
9279.23925781249999	1.305011749267578	0.07838162779808	0.07838162779808	29.046248815044457
9279.28124999999999	1.365364074707031	0.083371989428997	0.083371989428997	29.046248815044457
9279.32324218749999	1.425958633422852	0.088371366262436	0.088371366262436	29.046248815044457
9279.36523437499999	1.486936569213867	0.093378059566021	0.093378059566021	29.046248815044457
9279.40722656249999	1.547203063964844	0.098307751119137	0.098307751119137	29.046248815044457
9279.44921874999999	1.567642211914062	0.100003160536289	0.100003160536289	29.046248815044457
9279.49121093749999	1.567480087280273	0.100002817809582	0.100002817809582	29.046248815044457
9279.53417968749999	1.567337036132812	0.100002832710743	0.100002832710743	29.046248815044457
9279.57617187499999	1.567253112792969	0.100002802908421	0.100002802908421	29.046248815044457
9279.61816406249999	1.567134857177734	0.100002780556679	0.100002780556679	29.046248815044457
9279.66015624999999	1.567045211791992	0.100002817809582	0.100002817809582	29.046248815044457
9279.70312499999999	1.566974639892578	0.100002773106098	0.100002773106098	29.046248815044457
9279.74511718749999	1.566900253295898	0.100002810359001	0.100002810359001	29.046248815044457
9279.78710937499999	1.566829681396484	0.100002788007259	0.100002788007259	29.046248815044457
9279.82910156249999	1.566753387451172	0.100002750754356	0.100002750754356	29.046248815044457
9279.87207031249999	1.566694259643555	0.100002780556679	0.100002780556679	29.046248815044457
9279.91406249999999	1.566646575927734	0.100002817809582	0.100002817809582	29.046248815044457
9279.95605468749999	1.566606521606445	0.100002780556679	0.100002780556679	29.046248815044457
9279.99902343749999	1.566555023193359	0.100002765655518	0.100002765655518	29.046248815044457
9280.04101562499999	1.566499710083008	0.100002750754356	0.100002750754356	29.046248815044457
9280.08300781249999	1.566450119018555	0.100002773106098	0.100002773106098	29.046248815044457
9280.12499999999999	1.566411972045898	0.100002735853195	0.100002735853195	29.046248815044457
9280.16796874999999	1.566347122192383	0.100002743303776	0.100002743303776	29.046248815044457
9280.20996093749999	1.566314697265625	0.100002780556679	0.100002780556679	29.046248815044457
9280.25195312499999	1.566267013549805	0.100002758204937	0.100002758204937	29.046248815044457
9280.29394531249999	1.566238403320312	0.100002765655518	0.100002765655518	29.046248815044457
9280.33691406249999	1.56620979309082	0.100002743303776	0.100002743303776	29.046248815044457
9280.37890624999999	1.566133499145508	0.10000279545784	0.10000279545784	29.046248815044457
9280.42089843749999	1.566083908081055	0.100002750754356	0.100002750754356	29.046248815044457
