[INFO]
Keithley 2400
Meas Time: 2021/1/19 14:53:20
Params: GPIB address = GPIB0::21::INSTR; DataFile = D:\工艺实验\王鹤翔; Compliance  Level (0.1) = 0.100000000000000; Number of Points (5) = 300; Minimum Amplitude (1) = -3.000000000000000; Maximum Amplitude (2) = 3.000000000000000; Timeout (100000 ms) = 100000; Source Mode  (0: Voltage) = 0; 4-wire? = FALSE; delay(S) = 0.000000000000000; Start = ; 

[COMMENT]


[DATA]
time (s)	Voltage (V)	Current (A)	absCurrent (A)	Fitting Resistance (Ohms)

6706.46972656249999	-3.000717163085937	-0.000176675035618	0.000176675035618	26.792819545893717
6706.51171874999999	-2.980831146240234	-0.000176667002961	0.000176667002961	26.792819545893717
6706.55371093749999	-2.960588455200195	-0.000176631961949	0.000176631961949	26.792819545893717
6706.59570312499999	-2.940681457519531	-0.000176602392457	0.000176602392457	26.792819545893717
6706.63769531249999	-2.920085906982422	-0.000176533707418	0.000176533707418	26.792819545893717
6706.67968749999999	-2.900178909301758	-0.000176445581019	0.000176445581019	26.792819545893717
6706.72167968749999	-2.87994384765625	-0.000176348024979	0.000176348024979	26.792819545893717
6706.76367187499999	-2.860019683837891	-0.000176256871782	0.000176256871782	26.792819545893717
6706.80566406249999	-2.840116500854492	-0.000176185974851	0.000176185974851	26.792819545893717
6706.84765624999999	-2.819864273071289	-0.000176077475771	0.000176077475771	26.792819545893717
6706.88964843749999	-2.79997444152832	-0.000175941735506	0.000175941735506	26.792819545893717
6706.93164062499999	-2.780073165893555	-0.000175814842805	0.000175814842805	26.792819545893717
6706.97363281249999	-2.75946044921875	-0.000175706460141	0.000175706460141	26.792819545893717
6707.01562499999999	-2.739566802978516	-0.000175602152012	0.000175602152012	26.792819545893717
6707.05761718749999	-2.719314575195312	-0.000175455003045	0.000175455003045	26.792819545893717
6707.09960937499999	-2.699474334716797	-0.0001753102988	0.0001753102988	26.792819545893717
6707.14160156249999	-2.679265975952148	-0.000175172113813	0.000175172113813	26.792819545893717
6707.18359374999999	-2.659414291381836	-0.000175037421286	0.000175037421286	26.792819545893717
6707.22558593749999	-2.639562606811523	-0.000174901797436	0.000174901797436	26.792819545893717
6707.26757812499999	-2.619033813476562	-0.000174739980139	0.000174739980139	26.792819545893717
6707.30957031249999	-2.599170684814453	-0.000174572691321	0.000174572691321	26.792819545893717
6707.35156249999999	-2.578958511352539	-0.000174428801984	0.000174428801984	26.792819545893717
6707.39355468749999	-2.559101104736328	-0.000174283050001	0.000174283050001	26.792819545893717
6707.43554687499999	-2.53925895690918	-0.000174141605385	0.000174141605385	26.792819545893717
6707.47753906249999	-2.519067764282227	-0.000173944747075	0.000173944747075	26.792819545893717
6707.51953124999999	-2.499197006225586	-0.000173764768988	0.000173764768988	26.792819545893717
6707.56152343749999	-2.479005813598633	-0.000173609354533	0.000173609354533	26.792819545893717
6707.60351562499999	-2.458820343017578	-0.000173449865542	0.000173449865542	26.792819545893717
6707.64550781249999	-2.438621520996094	-0.000173265230842	0.000173265230842	26.792819545893717
6707.68749999999999	-2.418756484985352	-0.000173061271198	0.000173061271198	26.792819545893717
6707.72949218749999	-2.398889541625977	-0.000172884901986	0.000172884901986	26.792819545893717
6707.77148437499999	-2.378696441650391	-0.000172711908817	0.000172711908817	26.792819545893717
6707.81347656249999	-2.358840942382812	-0.000172519939952	0.000172519939952	26.792819545893717
6707.85546874999999	-2.338649749755859	-0.000172314350493	0.000172314350493	26.792819545893717
6707.89746093749999	-2.318429946899414	-0.000172106199898	0.000172106199898	26.792819545893717
6707.93945312499999	-2.298238754272461	-0.000171914696693	0.000171914696693	26.792819545893717
6707.98144531249999	-2.278398513793945	-0.000171718653291	0.000171718653291	26.792819545893717
6708.02343749999999	-2.258539199829102	-0.000171511201188	0.000171511201188	26.792819545893717
6708.06542968749999	-2.238338470458984	-0.000171277904883	0.000171277904883	26.792819545893717
6708.10742187499999	-2.218473434448242	-0.000171054736711	0.000171054736711	26.792819545893717
6708.14941406249999	-2.198617935180664	-0.000170850777067	0.000170850777067	26.792819545893717
6708.19140624999999	-2.178426742553711	-0.000170636922121	0.000170636922121	26.792819545893717
6708.23339843749999	-2.157878875732422	-0.000170386512764	0.000170386512764	26.792819545893717
6708.27539062499999	-2.138011932373047	-0.00017014273908	0.00017014273908	26.792819545893717
6708.31738281249999	-2.118148803710937	-0.000169911189005	0.000169911189005	26.792819545893717
6708.35839843749999	-2.097953796386719	-0.000169689184986	0.000169689184986	26.792819545893717
6708.40039062499999	-2.078113555908203	-0.000169455772266	0.000169455772266	26.792819545893717
6708.44238281249999	-2.058237075805664	-0.000169194769114	0.000169194769114	26.792819545893717
6708.48437499999999	-2.03803825378418	-0.000168927013874	0.000168927013874	26.792819545893717
6708.52636718749999	-2.017557144165039	-0.000168682425283	0.000168682425283	26.792819545893717
6708.56835937499999	-1.997722625732422	-0.00016843015328	0.00016843015328	26.792819545893717
6708.61035156249999	-1.977851867675781	-0.000168178114109	0.000168178114109	26.792819545893717
6708.65234374999999	-1.957651138305664	-0.000167889869772	0.000167889869772	26.792819545893717
6708.69433593749999	-1.937810897827148	-0.000167610356584	0.000167610356584	26.792819545893717
6708.73632812499999	-1.917961120605469	-0.000167354592122	0.000167354592122	26.792819545893717
6708.77832031249999	-1.897747039794922	-0.000167080201209	0.000167080201209	26.792819545893717
6708.82031249999999	-1.877897262573242	-0.000166791840456	0.000166791840456	26.792819545893717
6708.86230468749999	-1.857349395751953	-0.000166480080225	0.000166480080225	26.792819545893717
6708.90429687499999	-1.837493896484375	-0.000166182522662	0.000166182522662	26.792819545893717
6708.94628906249999	-1.817291259765625	-0.000165918841958	0.000165918841958	26.792819545893717
6708.98828124999999	-1.797431945800781	-0.00016561942175	0.00016561942175	26.792819545893717
6709.03027343749999	-1.77757453918457	-0.00016529019922	0.00016529019922	26.792819545893717
6709.07226562499999	-1.757400512695312	-0.000164964236319	0.000164964236319	26.792819545893717
6709.11425781249999	-1.737543106079102	-0.000164660741575	0.000164660741575	26.792819545893717
6709.15624999999999	-1.716983795166016	-0.000164357596077	0.000164357596077	26.792819545893717
6709.19824218749999	-1.697124481201172	-0.00016402231995	0.00016402231995	26.792819545893717
6709.24023437499999	-1.676923751831055	-0.000163668184541	0.000163668184541	26.792819545893717
6709.28222656249999	-1.657072067260742	-0.000163331162184	0.000163331162184	26.792819545893717
6709.32421874999999	-1.637208938598633	-0.000163008458912	0.000163008458912	26.792819545893717
6709.36621093749999	-1.617010116577148	-0.000162672251463	0.000162672251463	26.792819545893717
6709.40820312499999	-1.597127914428711	-0.000162322307006	0.000162322307006	26.792819545893717
6709.45019531249999	-1.576623916625977	-0.000161941628903	0.000161941628903	26.792819545893717
6709.49218749999999	-1.5567626953125	-0.000161567004398	0.000161567004398	26.792819545893717
6709.53417968749999	-1.536556243896484	-0.000161219039001	0.000161219039001	26.792819545893717
6709.57617187499999	-1.516706466674805	-0.000160859082825	0.000160859082825	26.792819545893717
6709.61816406249999	-1.496828079223633	-0.000160470488481	0.000160470488481	26.792819545893717
6709.66015624999999	-1.476648330688477	-0.000160060822964	0.000160060822964	26.792819545893717
6709.70214843749999	-1.45677375793457	-0.000159677583724	0.000159677583724	26.792819545893717
6709.74414062499999	-1.436918258666992	-0.000159291899763	0.000159291899763	26.792819545893717
6709.78613281249999	-1.416366577148437	-0.000158897717483	0.000158897717483	26.792819545893717
6709.82812499999999	-1.396524429321289	-0.00015847873874	0.00015847873874	26.792819545893717
6709.87011718749999	-1.37632942199707	-0.000158040202223	0.000158040202223	26.792819545893717
6709.91210937499999	-1.356460571289062	-0.000157629488967	0.000157629488967	26.792819545893717
6709.95410156249999	-1.336252212524414	-0.000157202826813	0.000157202826813	26.792819545893717
6709.99609374999999	-1.316362380981445	-0.000156776281074	0.000156776281074	26.792819545893717
6710.03808593749999	-1.296474456787109	-0.000156313064508	0.000156313064508	26.792819545893717
6710.08007812499999	-1.275871276855469	-0.000155834597535	0.000155834597535	26.792819545893717
6710.12207031249999	-1.255970001220703	-0.000155406189151	0.000155406189151	26.792819545893717
6710.16406249999999	-1.235742568969727	-0.000154946814291	0.000154946814291	26.792819545893717
6710.20605468749999	-1.215841293334961	-0.00015447079204	0.00015447079204	26.792819545893717
6710.24707031249999	-1.195579528808594	-0.000153966597281	0.000153966597281	26.792819545893717
6710.28906249999999	-1.175670623779297	-0.000153483939357	0.000153483939357	26.792819545893717
6710.33105468749999	-1.155755996704102	-0.000153011991642	0.000153011991642	26.792819545893717
6710.37304687499999	-1.135528564453125	-0.000152509775944	0.000152509775944	26.792819545893717
6710.41503906249999	-1.115274429321289	-0.000151975778863	0.000151975778863	26.792819545893717
6710.45703124999999	-1.095012664794922	-0.000151437940076	0.000151437940076	26.792819545893717
6710.49902343749999	-1.075119018554687	-0.000150928739458	0.000150928739458	26.792819545893717
6710.54101562499999	-1.055233001708984	-0.000150414300151	0.000150414300151	26.792819545893717
6710.58300781249999	-1.034984588623047	-0.000149855390191	0.000149855390191	26.792819545893717
6710.62499999999999	-1.015069961547852	-0.000149289262481	0.000149289262481	26.792819545893717
6710.66699218749999	-0.994821548461914	-0.000148713123053	0.000148713123053	26.792819545893717
6710.70898437499999	-0.974559783935547	-0.000148157938384	0.000148157938384	26.792819545893717
6710.75097656249999	-0.95433235168457	-0.000147570972331	0.000147570972331	26.792819545893717
6710.79296874999999	-0.934425354003906	-0.000146971317008	0.000146971317008	26.792819545893717
6710.83496093749999	-0.914512634277344	-0.000146361533552	0.000146361533552	26.792819545893717
6710.87695312499999	-0.894256591796875	-0.000145761296153	0.000145761296153	26.792819545893717
6710.91894531249999	-0.874368667602539	-0.000145150814205	0.000145150814205	26.792819545893717
6710.96093749999999	-0.854471206665039	-0.000144519843161	0.000144519843161	26.792819545893717
6711.00292968749999	-0.83421516418457	-0.000143850804307	0.000143850804307	26.792819545893717
6711.04492187499999	-0.813631057739258	-0.000143175013363	0.000143175013363	26.792819545893717
6711.08691406249999	-0.793724060058594	-0.000142529956065	0.000142529956065	26.792819545893717
6711.12890624999999	-0.773822784423828	-0.000141861382872	0.000141861382872	26.792819545893717
6711.17089843749999	-0.753568649291992	-0.000141169759445	0.000141169759445	26.792819545893717
6711.21289062499999	-0.733657836914062	-0.000140457297675	0.000140457297675	26.792819545893717
6711.25488281249999	-0.7137451171875	-0.000139749492519	0.000139749492519	26.792819545893717
6711.29687499999999	-0.693525314331055	-0.000139036215842	0.000139036215842	26.792819545893717
6711.33886718749999	-0.672929763793945	-0.000138279865496	0.000138279865496	26.792819545893717
6711.38085937499999	-0.653018951416016	-0.000137525843456	0.000137525843456	26.792819545893717
6711.42285156249999	-0.633106231689453	-0.000136752612889	0.000136752612889	26.792819545893717
6711.46484374999999	-0.612926483154297	-0.000135976704769	0.000135976704769	26.792819545893717
6711.50683593749999	-0.593044281005859	-0.000135190552101	0.000135190552101	26.792819545893717
6711.54882812499999	-0.5731201171875	-0.00013439625036	0.00013439625036	26.792819545893717
6711.59082031249999	-0.552885055541992	-0.000133561552502	0.000133561552502	26.792819545893717
6711.63281249999999	-0.532991409301758	-0.000132717308588	0.000132717308588	26.792819545893717
6711.67480468749999	-0.512407302856445	-0.000131861073896	0.000131861073896	26.792819545893717
6711.71679687499999	-0.492486953735352	-0.000130995293148	0.000130995293148	26.792819545893717
6711.75878906249999	-0.472234725952148	-0.000130099128	0.000130099128	26.792819545893717
6711.80078124999999	-0.452329635620117	-0.000129186315462	0.000129186315462	26.792819545893717
6711.84277343749999	-0.432428359985352	-0.00012827233877	0.00012827233877	26.792819545893717
6711.88476562499999	-0.412193298339844	-0.000127330888063	0.000127330888063	26.792819545893717
6711.92675781249999	-0.392280578613281	-0.00012637663167	0.00012637663167	26.792819545893717
6711.96874999999999	-0.371688842773437	-0.000125361606479	0.000125361606479	26.792819545893717
6712.01074218749999	-0.351806640625	-0.000124356709421	0.000124356709421	26.792819545893717
6712.05273437499999	-0.331560134887695	-0.000123331788927	0.000123331788927	26.792819545893717
6712.09472656249999	-0.311647415161133	-0.000122299417853	0.000122299417853	26.792819545893717
6712.13671874999999	-0.291740417480469	-0.000121243414469	0.000121243414469	26.792819545893717
6712.17871093749999	-0.271486282348633	-0.000120132113807	0.000120132113807	26.792819545893717
6712.22070312499999	-0.251594543457031	-0.00011901196558	0.00011901196558	26.792819545893717
6712.26269531249999	-0.231681823730469	-0.000117887975648	0.000117887975648	26.792819545893717
6712.30468749999999	-0.211091995239258	-0.000116704264656	0.000116704264656	26.792819545893717
6712.34667968749999	-0.190835952758789	-0.000115484232083	0.000115484232083	26.792819545893717
6712.38867187499999	-0.170949935913086	-0.000114250346087	0.000114250346087	26.792819545893717
6712.43066406249999	-0.151039123535156	-0.000113015063107	0.000113015063107	26.792819545893717
6712.47265624999999	-0.130794525146484	-0.000111726811156	0.000111726811156	26.792819545893717
6712.51367187499999	-0.110891342163086	-0.000110421795398	0.000110421795398	26.792819545893717
6712.55566406249999	-0.090986251831055	-0.000109071028419	0.000109071028419	26.792819545893717
6712.59765624999999	-0.070400238037109	-0.00010763888713	0.00010763888713	26.792819545893717
6712.63964843749999	-0.050487518310547	-0.000106230378151	0.000106230378151	26.792819545893717
6712.68164062499999	-0.030231475830078	-0.000104754813947	0.000104754813947	26.792819545893717
6712.72363281249999	-0.010337829589844	-0.00010324572213	0.00010324572213	26.792819545893717
6712.76660156249999	0.010208129882812	-0.000101634534076	0.000101634534076	26.792819545893717
6712.85937499999999	0.030258178710937	-9.998962923418731E-5	9.998962923418731E-5	26.792819545893717
6712.90136718749999	0.050168991088867	-9.827515168581158E-5	9.827515168581158E-5	26.792819545893717
6712.94335937499999	0.070091247558594	-9.644622332416475E-5	9.644622332416475E-5	26.792819545893717
6712.98535156249999	0.090673446655273	-9.430192585568875E-5	9.430192585568875E-5	26.792819545893717
6713.02734374999999	0.110578536987305	-9.176951425615698E-5	9.176951425615698E-5	26.792819545893717
6713.06933593749999	0.130842208862305	-8.828680438455194E-5	8.828680438455194E-5	26.792819545893717
6713.11132812499999	0.1507568359375	-8.309027180075645E-5	8.309027180075645E-5	26.792819545893717
6713.15332031249999	0.170698165893555	-7.422368798870593E-5	7.422368798870593E-5	26.792819545893717
6713.19531249999999	0.190961837768555	-5.74948062421754E-5	5.74948062421754E-5	26.792819545893717
6713.23730468749999	0.210927963256836	-2.580354339443147E-5	2.580354339443147E-5	26.792819545893717
6713.27929687499999	0.231645584106445	3.553430724423379E-5	3.553430724423379E-5	26.792819545893717
6713.41503906249999	0.251502990722656	0.000170206069015	0.000170206069015	26.792819545893717
6713.45703124999999	0.271778106689453	0.00040238321526	0.00040238321526	26.792819545893717
6713.49902343749999	0.291751861572266	0.000790512247477	0.000790512247477	26.792819545893717
6713.63281249999999	0.311529159545898	0.001412347890437	0.001412347890437	26.792819545893717
6713.67480468749999	0.331806182861328	0.002245728857815	0.002245728857815	26.792819545893717
6713.71679687499999	0.351734161376953	0.003274654969573	0.003274654969573	26.792819545893717
6713.75878906249999	0.371639251708984	0.004474894143641	0.004474894143641	26.792819545893717
6713.80078124999999	0.392269134521484	0.005864077713341	0.005864077713341	26.792819545893717
6713.84277343749999	0.412540435791016	0.007345434743911	0.007345434743911	26.792819545893717
6713.88476562499999	0.432487487792969	0.008890707045794	0.008890707045794	26.792819545893717
6713.97363281249999	0.452226638793945	0.010528646409512	0.010528646409512	26.792819545893717
6714.01562499999999	0.472476959228516	0.012224093079567	0.012224093079567	26.792819545893717
6714.05664062499999	0.492385864257812	0.013939596712589	0.013939596712589	26.792819545893717
6714.09863281249999	0.512292861938477	0.015691220760345	0.015691220760345	26.792819545893717
6714.14062499999999	0.532880783081055	0.017536506056786	0.017536506056786	26.792819545893717
6714.18261718749999	0.553108215332031	0.019377656280994	0.019377656280994	26.792819545893717
6714.22460937499999	0.573013305664062	0.021210476756096	0.021210476756096	26.792819545893717
6714.26660156249999	0.592931747436523	0.023062646389008	0.023062646389008	26.792819545893717
6714.30859374999999	0.613174438476562	0.024961397051811	0.024961397051811	26.792819545893717
6714.35058593749999	0.633077621459961	0.026841647922993	0.026841647922993	26.792819545893717
6714.39257812499999	0.652925491333008	0.028728805482388	0.028728805482388	26.792819545893717
6714.43457031249999	0.673183441162109	0.030664034187794	0.030664034187794	26.792819545893717
6714.47656249999999	0.693441390991211	0.032609298825264	0.032609298825264	26.792819545893717
6714.51855468749999	0.713691711425781	0.034559391438961	0.034559391438961	26.792819545893717
6714.56054687499999	0.733579635620117	0.0364820510149	0.0364820510149	26.792819545893717
6714.60253906249999	0.753833770751953	0.038443557918072	0.038443557918072	26.792819545893717
6714.64453124999999	0.773754119873047	0.040379412472248	0.040379412472248	26.792819545893717
6714.68652343749999	0.793663024902344	0.042315915226936	0.042315915226936	26.792819545893717
6714.72851562499999	0.813898086547852	0.044290453195572	0.044290453195572	26.792819545893717
6714.77050781249999	0.834156036376953	0.046271428465843	0.046271428465843	26.792819545893717
6714.81249999999999	0.854410171508789	0.048247493803501	0.048247493803501	26.792819545893717
6714.85449218749999	0.874330520629883	0.050195127725601	0.050195127725601	26.792819545893717
6714.89648437499999	0.894229888916016	0.05213987082243	0.05213987082243	26.792819545893717
6714.93847656249999	0.91447639465332	0.054117470979691	0.054117470979691	26.792819545893717
6714.98046874999999	0.934381484985352	0.056062296032906	0.056062296032906	26.792819545893717
6715.02246093749999	0.954639434814453	0.058045297861099	0.058045297861099	26.792819545893717
6715.06445312499999	0.974533081054687	0.059990130364895	0.059990130364895	26.792819545893717
6715.10644531249999	0.995124816894531	0.061999171972275	0.061999171972275	26.792819545893717
6715.14843749999999	1.015041351318359	0.063940212130547	0.063940212130547	26.792819545893717
6715.19042968749999	1.034954071044922	0.065888874232769	0.065888874232769	26.792819545893717
6715.23144531249999	1.055200576782227	0.067857190966606	0.067857190966606	26.792819545893717
6715.27343749999999	1.075084686279297	0.069785334169865	0.069785334169865	26.792819545893717
6715.31542968749999	1.095003128051758	0.071716293692589	0.071716293692589	26.792819545893717
6715.35742187499999	1.11524772644043	0.073679752647877	0.073679752647877	26.792819545893717
6715.39941406249999	1.135852813720703	0.0756716132164	0.0756716132164	26.792819545893717
6715.44140624999999	1.155754089355469	0.077605910599232	0.077605910599232	26.792819545893717
6715.48339843749999	1.175666809082031	0.079528726637363	0.079528726637363	26.792819545893717
6715.52539062499999	1.195911407470703	0.081473976373672	0.081473976373672	26.792819545893717
6715.56738281249999	1.215829849243164	0.08338275551796	0.08338275551796	26.792819545893717
6715.60937499999999	1.23573112487793	0.08529357612133	0.08529357612133	26.792819545893717
6715.65136718749999	1.255960464477539	0.087223924696445	0.087223924696445	26.792819545893717
6715.69335937499999	1.27656364440918	0.089204452931881	0.089204452931881	26.792819545893717
6715.73535156249999	1.296470642089844	0.09111575782299	0.09111575782299	26.792819545893717
6715.77734374999999	1.316375732421875	0.093043945729733	0.093043945729733	26.792819545893717
6715.81933593749999	1.336627960205078	0.095029905438423	0.095029905438423	26.792819545893717
6715.86132812499999	1.356496810913086	0.096981756389141	0.096981756389141	26.792819545893717
6715.90332031249999	1.376359939575195	0.099017061293125	0.099017061293125	26.792819545893717
6715.94531249999999	1.379863739013672	0.100002899765968	0.100002899765968	26.792819545893717
6715.98730468749999	1.375675201416016	0.100002750754356	0.100002750754356	26.792819545893717
6716.02929687499999	1.370943069458008	0.100002720952034	0.100002720952034	26.792819545893717
6716.07128906249999	1.367912292480469	0.100002735853195	0.100002735853195	26.792819545893717
6716.11425781249999	1.366001129150391	0.100002735853195	0.100002735853195	26.792819545893717
6716.15624999999999	1.364934921264648	0.100002735853195	0.100002735853195	26.792819545893717
6716.19824218749999	1.363901138305664	0.100002683699131	0.100002683699131	26.792819545893717
6716.24023437499999	1.363080978393555	0.100002691149712	0.100002691149712	26.792819545893717
6716.28320312499999	1.362483978271484	0.100002720952034	0.100002720952034	26.792819545893717
6716.32519531249999	1.362071990966797	0.100002765655518	0.100002765655518	26.792819545893717
6716.36718749999999	1.361614227294922	0.100002706050873	0.100002706050873	26.792819545893717
6716.40917968749999	1.361181259155273	0.100002780556679	0.100002780556679	26.792819545893717
6716.45214843749999	1.360755920410156	0.100002765655518	0.100002765655518	26.792819545893717
6716.49414062499999	1.360435485839844	0.100002788007259	0.100002788007259	26.792819545893717
6716.53613281249999	1.360074996948242	0.100002780556679	0.100002780556679	26.792819545893717
6716.57812499999999	1.359817504882812	0.100002788007259	0.100002788007259	26.792819545893717
6716.62109374999999	1.359619140625	0.10000279545784	0.10000279545784	26.792819545893717
6716.66308593749999	1.359392166137695	0.100002780556679	0.100002780556679	26.792819545893717
6716.70507812499999	1.359130859375	0.100002773106098	0.100002773106098	26.792819545893717
6716.74707031249999	1.358888626098633	0.100002773106098	0.100002773106098	26.792819545893717
6716.79003906249999	1.358673095703125	0.100002773106098	0.100002773106098	26.792819545893717
6716.83203124999999	1.358503341674805	0.100002802908421	0.100002802908421	26.792819545893717
6716.87402343749999	1.358325958251953	0.100002788007259	0.100002788007259	26.792819545893717
6716.91601562499999	1.358121871948242	0.100002788007259	0.100002788007259	26.792819545893717
6716.95898437499999	1.357952117919922	0.100002758204937	0.100002758204937	26.792819545893717
6717.00097656249999	1.3577880859375	0.100002750754356	0.100002750754356	26.792819545893717
6717.04296874999999	1.35765266418457	0.100002780556679	0.100002780556679	26.792819545893717
6717.08496093749999	1.357526779174805	0.100002773106098	0.100002773106098	26.792819545893717
6717.12792968749999	1.357366561889648	0.100002765655518	0.100002765655518	26.792819545893717
6717.16992187499999	1.357227325439453	0.100002758204937	0.100002758204937	26.792819545893717
6717.21191406249999	1.357118606567383	0.100002750754356	0.100002750754356	26.792819545893717
6717.25390624999999	1.357013702392578	0.100002750754356	0.100002750754356	26.792819545893717
6717.29687499999999	1.35692024230957	0.100002780556679	0.100002780556679	26.792819545893717
6717.33886718749999	1.356815338134766	0.100002810359001	0.100002810359001	26.792819545893717
6717.38085937499999	1.35664176940918	0.100002765655518	0.100002765655518	26.792819545893717
6717.42285156249999	1.35655403137207	0.100002765655518	0.100002765655518	26.792819545893717
6717.46582031249999	1.3564453125	0.100002758204937	0.100002758204937	26.792819545893717
6717.50781249999999	1.35637092590332	0.100002780556679	0.100002780556679	26.792819545893717
6717.54980468749999	1.35630989074707	0.100002743303776	0.100002743303776	26.792819545893717
6717.59179687499999	1.356246948242187	0.100002780556679	0.100002780556679	26.792819545893717
6717.63476562499999	1.356195449829102	0.100002788007259	0.100002788007259	26.792819545893717
6717.67675781249999	1.356119155883789	0.100002802908421	0.100002802908421	26.792819545893717
6717.71874999999999	1.356029510498047	0.100002788007259	0.100002788007259	26.792819545893717
6717.76074218749999	1.355951309204102	0.10000279545784	0.10000279545784	26.792819545893717
6717.80371093749999	1.355857849121094	0.100002788007259	0.100002788007259	26.792819545893717
6717.84570312499999	1.355781555175781	0.100002758204937	0.100002758204937	26.792819545893717
6717.88769531249999	1.355686187744141	0.100002713501453	0.100002713501453	26.792819545893717
6717.92968749999999	1.355552673339844	0.100002735853195	0.100002735853195	26.792819545893717
6717.97167968749999	1.355499267578125	0.100002743303776	0.100002743303776	26.792819545893717
6718.01464843749999	1.355434417724609	0.100002743303776	0.100002743303776	26.792819545893717
6718.05664062499999	1.355363845825195	0.100002706050873	0.100002706050873	26.792819545893717
6718.09863281249999	1.355207443237305	0.100002728402615	0.100002728402615	26.792819545893717
6718.14062499999999	1.355123519897461	0.100002765655518	0.100002765655518	26.792819545893717
6718.18359374999999	1.355030059814453	0.100002773106098	0.100002773106098	26.792819545893717
6718.22558593749999	1.354915618896484	0.100002728402615	0.100002728402615	26.792819545893717
6718.26757812499999	1.354820251464844	0.100002706050873	0.100002706050873	26.792819545893717
6718.30957031249999	1.354745864868164	0.100002653896809	0.100002653896809	26.792819545893717
6718.35253906249999	1.354673385620117	0.100002735853195	0.100002735853195	26.792819545893717
6718.39453124999999	1.354610443115234	0.100002713501453	0.100002713501453	26.792819545893717
6718.43652343749999	1.354560852050781	0.100002713501453	0.100002713501453	26.792819545893717
6718.47851562499999	1.354511260986328	0.10000266879797	0.10000266879797	26.792819545893717
6718.52148437499999	1.354475021362305	0.100002698600292	0.100002698600292	26.792819545893717
6718.56347656249999	1.35441780090332	0.100002713501453	0.100002713501453	26.792819545893717
6718.60546874999999	1.354324340820312	0.100002743303776	0.100002743303776	26.792819545893717
6718.64746093749999	1.354297637939453	0.100002713501453	0.100002713501453	26.792819545893717
6718.69042968749999	1.354269027709961	0.100002720952034	0.100002720952034	26.792819545893717
6718.73242187499999	1.354246139526367	0.10000267624855	0.10000267624855	26.792819545893717
6718.77441406249999	1.354175567626953	0.100002720952034	0.100002720952034	26.792819545893717
6718.81640624999999	1.35413932800293	0.10000267624855	0.10000267624855	26.792819545893717
6718.85937499999999	1.354082107543945	0.100002743303776	0.100002743303776	26.792819545893717
6718.90136718749999	1.354032516479492	0.100002735853195	0.100002735853195	26.792819545893717
6718.94335937499999	1.353982925415039	0.100002720952034	0.100002720952034	26.792819545893717
6718.98535156249999	1.353931427001953	0.100002698600292	0.100002698600292	26.792819545893717
6719.02832031249999	1.353847503662109	0.100002765655518	0.100002765655518	26.792819545893717
6719.07031249999999	1.353815078735352	0.100002713501453	0.100002713501453	26.792819545893717
6719.11230468749999	1.353790283203125	0.100002713501453	0.100002713501453	26.792819545893717
6719.15429687499999	1.353763580322266	0.100002735853195	0.100002735853195	26.792819545893717
6719.19726562499999	1.353691101074219	0.100002706050873	0.100002706050873	26.792819545893717
6719.23925781249999	1.353660583496094	0.100002698600292	0.100002698600292	26.792819545893717
6719.28124999999999	1.353605270385742	0.100002698600292	0.100002698600292	26.792819545893717
6719.32324218749999	1.353582382202148	0.100002683699131	0.100002683699131	26.792819545893717
