[INFO]
Keithley 2400
Meas Time: 2021/1/19 13:40:56
Params: GPIB address = GPIB0::21::INSTR; DataFile = D:\工艺实验\皮展翼; Compliance  Level (0.1) = 0.100000000000000; Number of Points (5) = 150; Minimum Amplitude (1) = -3.000000000000000; Maximum Amplitude (2) = 3.000000000000000; Timeout (100000 ms) = 100000; Source Mode  (0: Voltage) = 0; 4-wire? = FALSE; delay(S) = 0.000000000000000; Start = ; 

[COMMENT]


[DATA]
time (s)	Voltage (V)	Current (A)	absCurrent (A)	Fitting Resistance (Ohms)

2368.326171875	-3.000722885131836	-0.001005147583783	0.001005147583783	110.055005773006201
2368.3681640625	-2.960264205932617	-0.001005787402391	0.001005787402391	110.055005773006201
2368.41015625	-2.920114517211914	-0.001005966216326	0.001005966216326	110.055005773006201
2368.4521484375	-2.879619598388672	-0.001005910336971	0.001005910336971	110.055005773006201
2368.494140625	-2.839462280273437	-0.001006208360195	0.001006208360195	110.055005773006201
2368.5361328125	-2.798980712890625	-0.00100636575371	0.00100636575371	110.055005773006201
2368.578125	-2.758823394775391	-0.001006298698485	0.001006298698485	110.055005773006201
2368.6201171875	-2.718318939208984	-0.001006090082228	0.001006090082228	110.055005773006201
2368.662109375	-2.678611755371094	-0.001005928963423	0.001005928963423	110.055005773006201
2368.7041015625	-2.637887954711914	-0.001006002537906	0.001006002537906	110.055005773006201
2368.74609375	-2.598171234130859	-0.001005988568068	0.001005988568068	110.055005773006201
2368.7880859375	-2.55742073059082	-0.001005753874779	0.001005753874779	110.055005773006201
2368.830078125	-2.517705917358398	-0.001005304045975	0.001005304045975	110.055005773006201
2368.8720703125	-2.477294921875	-0.001005257479846	0.001005257479846	110.055005773006201
2368.9140625	-2.436578750610352	-0.001005243510008	0.001005243510008	110.055005773006201
2368.9560546875	-2.396854400634766	-0.001004953868687	0.001004953868687	110.055005773006201
2368.998046875	-2.356460571289062	-0.001004420220852	0.001004420220852	110.055005773006201
2369.0400390625	-2.316387176513672	-0.001004127785563	0.001004127785563	110.055005773006201
2369.08203125	-2.2760009765625	-0.001004032790661	0.001004032790661	110.055005773006201
2369.1240234375	-2.235931396484375	-0.00100389868021	0.00100389868021	110.055005773006201
2369.166015625	-2.195533752441406	-0.001003358513117	0.001003358513117	110.055005773006201
2369.20703125	-2.155466079711914	-0.001002795994282	0.001002795994282	110.055005773006201
2369.2490234375	-2.115058898925781	-0.001002512872219	0.001002512872219	110.055005773006201
2369.291015625	-2.075008392333984	-0.001002256758511	0.001002256758511	110.055005773006201
2369.3330078125	-2.034585952758789	-0.001001765020192	0.001001765020192	110.055005773006201
2369.375	-1.994600296020508	-0.001001141965389	0.001001141965389	110.055005773006201
2369.4169921875	-1.954198837280273	-0.001000614836812	0.001000614836812	110.055005773006201
2369.458984375	-1.914165496826172	-0.001000319607556	0.001000319607556	110.055005773006201
2369.5478515625	-1.87394905090332	-0.000999597366899	0.000999597366899	110.055005773006201
2369.58984375	-1.833545684814453	-0.000999277923256	0.000999277923256	110.055005773006201
2369.6318359375	-1.793487548828125	-0.000998776871711	0.000998776871711	110.055005773006201
2369.673828125	-1.753103256225586	-0.000998187577352	0.000998187577352	110.055005773006201
2369.7158203125	-1.713035583496094	-0.000997329829261	0.000997329829261	110.055005773006201
2369.7578125	-1.672628402709961	-0.000996571267024	0.000996571267024	110.055005773006201
2369.7998046875	-1.632898330688477	-0.000995961250737	0.000995961250737	110.055005773006201
2369.841796875	-1.592164993286133	-0.000995368696749	0.000995368696749	110.055005773006201
2369.8837890625	-1.552463531494141	-0.000994633184746	0.000994633184746	110.055005773006201
2369.92578125	-1.51202392578125	-0.000993617111817	0.000993617111817	110.055005773006201
2369.9677734375	-1.471977233886719	-0.000992739805952	0.000992739805952	110.055005773006201
2370.009765625	-1.431571960449219	-0.000992141896859	0.000992141896859	110.055005773006201
2370.0517578125	-1.391519546508789	-0.000991190318018	0.000991190318018	110.055005773006201
2370.09375	-1.351100921630859	-0.000989969819784	0.000989969819784	110.055005773006201
2370.1357421875	-1.310646057128906	-0.00098885782063	0.00098885782063	110.055005773006201
2370.177734375	-1.270490646362305	-0.000987963052467	0.000987963052467	110.055005773006201
2370.2197265625	-1.23002815246582	-0.000986984698102	0.000986984698102	110.055005773006201
2370.26171875	-1.189888000488281	-0.000985569087788	0.000985569087788	110.055005773006201
2370.3037109375	-1.149375915527344	-0.000984012847766	0.000984012847766	110.055005773006201
2370.345703125	-1.109230041503906	-0.000982847064734	0.000982847064734	110.055005773006201
2370.3876953125	-1.068752288818359	-0.000981544610113	0.000981544610113	110.055005773006201
2370.4296875	-1.028621673583984	-0.000979967182502	0.000979967182502	110.055005773006201
2370.4716796875	-0.988105773925781	-0.00097831338644	0.00097831338644	110.055005773006201
2370.513671875	-0.947971343994141	-0.000976573675871	0.000976573675871	110.055005773006201
2370.5556640625	-0.907464981079102	-0.000974845606834	0.000974845606834	110.055005773006201
2370.59765625	-0.867349624633789	-0.000973193207756	0.000973193207756	110.055005773006201
2370.6396484375	-0.826862335205078	-0.000970950815827	0.000970950815827	110.055005773006201
2370.681640625	-0.786348342895508	-0.000968592707068	0.000968592707068	110.055005773006201
2370.7236328125	-0.746191024780273	-0.000966427382082	0.000966427382082	110.055005773006201
2370.765625	-0.705730438232422	-0.000964211067185	0.000964211067185	110.055005773006201
2370.8076171875	-0.665916442871094	-0.000961653422564	0.000961653422564	110.055005773006201
2370.849609375	-0.625139236450195	-0.000958600779995	0.000958600779995	110.055005773006201
2370.8916015625	-0.58534049987793	-0.000955568160862	0.000955568160862	110.055005773006201
2370.93359375	-0.544498443603516	-0.000952469184995	0.000952469184995	110.055005773006201
2370.9755859375	-0.504724502563477	-0.000949242850766	0.000949242850766	110.055005773006201
2371.017578125	-0.464223861694336	-0.000945353182033	0.000945353182033	110.055005773006201
2371.0595703125	-0.424066543579102	-0.000941130332649	0.000941130332649	110.055005773006201
2371.1015625	-0.383562088012695	-0.000936835072935	0.000936835072935	110.055005773006201
2371.1435546875	-0.34344482421875	-0.000932260183617	0.000932260183617	110.055005773006201
2371.185546875	-0.302940368652344	-0.000926546752453	0.000926546752453	110.055005773006201
2371.2275390625	-0.262447357177734	-0.000919162994251	0.000919162994251	110.055005773006201
2371.26953125	-0.222291946411133	-0.000907362671569	0.000907362671569	110.055005773006201
2371.3115234375	-0.181818008422852	-0.000883920351043	0.000883920351043	110.055005773006201
2371.353515625	-0.141658782958984	-0.000840911641717	0.000840911641717	110.055005773006201
2371.3955078125	-0.101140975952148	-0.000777577515692	0.000777577515692	110.055005773006201
2371.4375	-0.060981750488281	-0.000700535951182	0.000700535951182	110.055005773006201
2371.4794921875	-0.020456314086914	-0.000612931791693	0.000612931791693	110.055005773006201
2371.521484375	0.019948959350586	-0.000518134329468	0.000518134329468	110.055005773006201
2371.5634765625	0.060821533203125	-0.000418116687797	0.000418116687797	110.055005773006201
2371.60546875	0.100650787353516	-0.000315901823342	0.000315901823342	110.055005773006201
2371.6474609375	0.14117431640625	-0.000208400655538	0.000208400655538	110.055005773006201
2371.740234375	0.181171417236328	-9.800946281757206E-5	9.800946281757206E-5	110.055005773006201
2371.9345703125	0.221858978271484	1.62982614710927E-5	1.62982614710927E-5	110.055005773006201
2372.0703125	0.262022018432617	0.00014914595522	0.00014914595522	110.055005773006201
2372.1123046875	0.302526473999023	0.000292076729238	0.000292076729238	110.055005773006201
2372.154296875	0.34306526184082	0.000464430078864	0.000464430078864	110.055005773006201
2372.1962890625	0.383234024047852	0.000687551917508	0.000687551917508	110.055005773006201
2372.23828125	0.423788070678711	0.000989295775071	0.000989295775071	110.055005773006201
2372.373046875	0.463754653930664	0.001403242349625	0.001403242349625	110.055005773006201
2372.4150390625	0.504270553588867	0.001855471171439	0.001855471171439	110.055005773006201
2372.45703125	0.544416427612305	0.002349697053432	0.002349697053432	110.055005773006201
2372.4990234375	0.584896087646484	0.002878591418266	0.002878591418266	110.055005773006201
2372.541015625	0.625055313110352	0.003424908034503	0.003424908034503	110.055005773006201
2372.5830078125	0.665489196777344	0.003994210623205	0.003994210623205	110.055005773006201
2372.625	0.705310821533203	0.004561353474855	0.004561353474855	110.055005773006201
2372.666015625	0.746143341064453	0.005155597347766	0.005155597347766	110.055005773006201
2372.7080078125	0.785968780517578	0.005742310546339	0.005742310546339	110.055005773006201
2372.75	0.826807022094727	0.006350703537464	0.006350703537464	110.055005773006201
2372.7919921875	0.867330551147461	0.006957267411053	0.006957267411053	110.055005773006201
2372.833984375	0.907110214233398	0.007553476840258	0.007553476840258	110.055005773006201
2372.8759765625	0.947965621948242	0.008168916217983	0.008168916217983	110.055005773006201
2372.91796875	0.987764358520508	0.008777735754848	0.008777735754848	110.055005773006201
2372.9599609375	1.028282165527344	0.009388795122504	0.009388795122504	110.055005773006201
2373.001953125	1.068441390991211	0.009996069595218	0.009996069595218	110.055005773006201
2373.08984375	1.108737945556641	0.011833027005196	0.011833027005196	110.055005773006201
2373.1318359375	1.148881912231445	0.012507744133472	0.012507744133472	110.055005773006201
2373.173828125	1.189374923706055	0.01319070905447	0.01319070905447	110.055005773006201
2373.2158203125	1.229528427124023	0.013868942856789	0.013868942856789	110.055005773006201
2373.2578125	1.270002365112305	0.014552660286427	0.014552660286427	110.055005773006201
2373.2998046875	1.310152053833008	0.015231192111969	0.015231192111969	110.055005773006201
2373.341796875	1.350625991821289	0.015915431082249	0.015915431082249	110.055005773006201
2373.3837890625	1.391040802001953	0.016597673296928	0.016597673296928	110.055005773006201
2373.42578125	1.431085586547852	0.017275355756283	0.017275355756283	110.055005773006201
2373.4677734375	1.471494674682617	0.017956413328648	0.017956413328648	110.055005773006201
2373.509765625	1.511562347412109	0.01863094419241	0.01863094419241	110.055005773006201
2373.5517578125	1.551969528198242	0.019301183521748	0.019301183521748	110.055005773006201
2373.59375	1.59205436706543	0.01997098326683	0.01997098326683	110.055005773006201
2373.6357421875	1.632419586181641	0.020646587014198	0.020646587014198	110.055005773006201
2373.677734375	1.672143936157227	0.021316453814507	0.021316453814507	110.055005773006201
2373.7197265625	1.712907791137695	0.021949805319309	0.021949805319309	110.055005773006201
2373.76171875	1.752626419067383	0.022156625986099	0.022156625986099	110.055005773006201
2373.8037109375	1.793006896972656	0.023025847971439	0.023025847971439	110.055005773006201
2373.845703125	1.833084106445312	0.023834191262722	0.023834191262722	110.055005773006201
2373.8876953125	1.873477935791016	0.02455635368824	0.02455635368824	110.055005773006201
2373.9296875	1.913557052612305	0.025241881608963	0.025241881608963	110.055005773006201
2373.9716796875	1.953937530517578	0.025924749672413	0.025924749672413	110.055005773006201
2374.013671875	1.994348526000977	0.026642106473446	0.026642106473446	110.055005773006201
2374.0556640625	2.034400939941406	0.027300618588924	0.027300618588924	110.055005773006201
2374.09765625	2.074737548828125	0.027818009257317	0.027818009257317	110.055005773006201
2374.1396484375	2.114812850952148	0.028732441365719	0.028732441365719	110.055005773006201
2374.181640625	2.155202865600586	0.029324851930141	0.029324851930141	110.055005773006201
2374.2236328125	2.195259094238281	0.030013851821423	0.030013851821423	110.055005773006201
2374.265625	2.235675811767578	0.030495099723339	0.030495099723339	110.055005773006201
2374.3076171875	2.275753021240234	0.031431995332241	0.031431995332241	110.055005773006201
2374.349609375	2.316135406494141	0.031870014965534	0.031870014965534	110.055005773006201
2374.3916015625	2.356201171875	0.032565951347351	0.032565951347351	110.055005773006201
2374.43359375	2.396575927734375	0.033042937517166	0.033042937517166	110.055005773006201
2374.4755859375	2.436313629150391	0.033816114068031	0.033816114068031	110.055005773006201
2374.517578125	2.477035522460937	0.034169688820839	0.034169688820839	110.055005773006201
2374.5595703125	2.517452239990234	0.034827314317226	0.034827314317226	110.055005773006201
2374.6015625	2.557167053222656	0.035250082612038	0.035250082612038	110.055005773006201
2374.6435546875	2.597919464111328	0.035630665719509	0.035630665719509	110.055005773006201
2374.685546875	2.63763427734375	0.036160342395306	0.036160342395306	110.055005773006201
2374.7275390625	2.678030014038086	0.036755539476871	0.036755539476871	110.055005773006201
2374.7685546875	2.718086242675781	0.037192299962044	0.037192299962044	110.055005773006201
2374.810546875	2.758563995361328	0.037587620317936	0.037587620317936	110.055005773006201
2374.8525390625	2.798709869384766	0.037953048944473	0.037953048944473	110.055005773006201
2374.89453125	2.839183807373047	0.038863614201546	0.038863614201546	110.055005773006201
2374.9365234375	2.879358291625977	0.039897575974464	0.039897575974464	110.055005773006201
2374.978515625	2.919824600219727	0.040390536189079	0.040390536189079	110.055005773006201
2375.0205078125	2.959987640380859	0.040975779294968	0.040975779294968	110.055005773006201
2375.0625	3.000478744506836	0.04159078001976	0.04159078001976	110.055005773006201
2408.73828125	-3.000690460205078	-5.793481250293553E-9	5.793481250293553E-9	-64251905.6825518608
2408.7802734375	-2.960226058959961	3.100012690993026E-9	3.100012690993026E-9	-64251905.6825518608
2408.822265625	-2.920082092285156	7.812559488229454E-10	7.812559488229454E-10	-64251905.6825518608
2408.8642578125	-2.879596710205078	2.62616595136933E-10	2.62616595136933E-10	-64251905.6825518608
2408.90625	-2.83942985534668	-2.210526872659102E-9	2.210526872659102E-9	-64251905.6825518608
2408.9482421875	-2.798959732055664	-6.477876013377681E-9	6.477876013377681E-9	-64251905.6825518608
2408.990234375	-2.758785247802734	1.30863782032975E-8	1.30863782032975E-8	-64251905.6825518608
2409.0322265625	-2.718276977539062	8.086772140813991E-9	8.086772140813991E-9	-64251905.6825518608
2409.07421875	-2.678586959838867	3.928107616957277E-9	3.928107616957277E-9	-64251905.6825518608
2409.1162109375	-2.637844085693359	3.55407792085316E-9	3.55407792085316E-9	-64251905.6825518608
2409.158203125	-2.598138809204102	2.545675670262426E-9	2.545675670262426E-9	-64251905.6825518608
2409.2001953125	-2.557382583618164	1.702233021205757E-9	1.702233021205757E-9	-64251905.6825518608
2409.2421875	-2.517677307128906	7.109974831109866E-10	7.109974831109866E-10	-64251905.6825518608
2409.283203125	-2.477262496948242	4.029061528854072E-10	4.029061528854072E-10	-64251905.6825518608
2409.3251953125	-2.436540603637695	-3.602735887398012E-10	3.602735887398012E-10	-64251905.6825518608
2409.3671875	-2.396820068359375	-6.562004273291677E-10	6.562004273291677E-10	-64251905.6825518608
2409.4091796875	-2.356422424316406	-9.345058060716838E-10	9.345058060716838E-10	-64251905.6825518608
2409.451171875	-2.316324234008789	-1.757371137500741E-9	1.757371137500741E-9	-64251905.6825518608
2409.4931640625	-2.275960922241211	-1.615831024537329E-9	1.615831024537329E-9	-64251905.6825518608
2409.53515625	-2.235898971557617	-1.77419678948354E-9	1.77419678948354E-9	-64251905.6825518608
2409.5771484375	-2.195493698120117	3.877858034684323E-10	3.877858034684323E-10	-64251905.6825518608
2409.619140625	-2.155420303344727	4.225967131787911E-9	4.225967131787911E-9	-64251905.6825518608
2409.6611328125	-2.115026473999023	4.407638698467053E-9	4.407638698467053E-9	-64251905.6825518608
2409.703125	-2.074975967407227	4.254616214893758E-9	4.254616214893758E-9	-64251905.6825518608
2409.7451171875	-2.034547805786133	1.371518010273576E-9	1.371518010273576E-9	-64251905.6825518608
2409.787109375	-1.994577407836914	-3.599325282266363E-10	3.599325282266363E-10	-64251905.6825518608
2409.8291015625	-1.954177856445312	5.784386303275824E-10	5.784386303275824E-10	-64251905.6825518608
2409.87109375	-1.914131164550781	5.099991540191695E-10	5.099991540191695E-10	-64251905.6825518608
2409.9130859375	-1.873706817626953	3.671857484732755E-9	3.671857484732755E-9	-64251905.6825518608
2409.955078125	-1.833316802978516	2.786350705719087E-9	2.786350705719087E-9	-64251905.6825518608
2409.9970703125	-1.793230056762695	1.060584509104956E-9	1.060584509104956E-9	-64251905.6825518608
2410.0390625	-1.752832412719727	-1.354123924102169E-9	1.354123924102169E-9	-64251905.6825518608
2410.0810546875	-1.712770462036133	-2.399019649601541E-9	2.399019649601541E-9	-64251905.6825518608
2410.123046875	-1.672391891479492	-8.715915100765415E-9	8.715915100765415E-9	-64251905.6825518608
2410.1650390625	-1.63267707824707	-4.494381755648646E-9	4.494381755648646E-9	-64251905.6825518608
2410.20703125	-1.591920852661133	4.024514055345207E-10	4.024514055345207E-10	-64251905.6825518608
2410.2490234375	-1.552223205566406	3.093759914918337E-9	3.093759914918337E-9	-64251905.6825518608
2410.291015625	-1.511781692504883	2.512592800485436E-9	2.512592800485436E-9	-64251905.6825518608
2410.3330078125	-1.471748352050781	2.966885404021014E-9	2.966885404021014E-9	-64251905.6825518608
2410.375	-1.431299209594727	6.17876594333211E-9	6.17876594333211E-9	-64251905.6825518608
2410.4169921875	-1.391267776489258	3.104105417151004E-9	3.104105417151004E-9	-64251905.6825518608
2410.4580078125	-1.350860595703125	3.185505192959681E-9	3.185505192959681E-9	-64251905.6825518608
2410.5	-1.310413360595703	1.322177922702394E-9	1.322177922702394E-9	-64251905.6825518608
2410.5419921875	-1.270257949829102	-3.871036824421026E-10	3.871036824421026E-10	-64251905.6825518608
2410.583984375	-1.229795455932617	-1.557964424137026E-9	1.557964424137026E-9	-64251905.6825518608
2410.6259765625	-1.189630508422852	3.484046828816645E-9	3.484046828816645E-9	-64251905.6825518608
2410.66796875	-1.149137496948242	7.617018127348274E-10	7.617018127348274E-10	-64251905.6825518608
2410.7099609375	-1.1090087890625	-2.584556568763219E-9	2.584556568763219E-9	-64251905.6825518608
2410.751953125	-1.068504333496094	2.778278940240853E-9	2.778278940240853E-9	-64251905.6825518608
2410.7939453125	-1.028360366821289	2.848082658601925E-9	2.848082658601925E-9	-64251905.6825518608
2410.8359375	-0.987871170043945	1.422222339897417E-9	1.422222339897417E-9	-64251905.6825518608
2410.8779296875	-0.947736740112305	2.003616828005761E-9	2.003616828005761E-9	-64251905.6825518608
2410.919921875	-0.907238006591797	1.959733708645217E-9	1.959733708645217E-9	-64251905.6825518608
2410.9619140625	-0.867116928100586	1.441890162823256E-9	1.441890162823256E-9	-64251905.6825518608
2411.00390625	-0.826610565185547	1.052853804139886E-9	1.052853804139886E-9	-64251905.6825518608
2411.0458984375	-0.786127090454102	3.880131771438755E-10	3.880131771438755E-10	-64251905.6825518608
2411.087890625	-0.7459716796875	1.198259269585833E-10	1.198259269585833E-10	-64251905.6825518608
2411.1298828125	-0.705501556396484	2.377191776758991E-10	2.377191776758991E-10	-64251905.6825518608
2411.171875	-0.665693283081055	-5.09544406668283E-10	5.09544406668283E-10	-64251905.6825518608
2411.2138671875	-0.624898910522461	-3.780087354243733E-10	3.780087354243733E-10	-64251905.6825518608
2411.255859375	-0.585111618041992	1.816715666791424E-10	1.816715666791424E-10	-64251905.6825518608
2411.2978515625	-0.544248580932617	6.912159733474255E-10	6.912159733474255E-10	-64251905.6825518608
2411.33984375	-0.504470825195312	9.440555004402995E-10	9.440555004402995E-10	-64251905.6825518608
2411.3818359375	-0.463977813720703	1.457237885915674E-9	1.457237885915674E-9	-64251905.6825518608
2411.423828125	-0.423843383789062	1.458943188481499E-9	1.458943188481499E-9	-64251905.6825518608
2411.4658203125	-0.383346557617187	8.493543646181934E-10	8.493543646181934E-10	-64251905.6825518608
2411.5068359375	-0.343210220336914	5.676383807440288E-10	5.676383807440288E-10	-64251905.6825518608
2411.548828125	-0.302711486816406	-2.114575181622058E-10	2.114575181622058E-10	-64251905.6825518608
2411.5908203125	-0.262216567993164	-9.098357622860931E-10	9.098357622860931E-10	-64251905.6825518608
2411.6328125	-0.222072601318359	1.134935700974893E-9	1.134935700974893E-9	-64251905.6825518608
2411.6748046875	-0.181591033935547	1.754983713908587E-9	1.754983713908587E-9	-64251905.6825518608
2411.716796875	-0.141448974609375	1.760668055794667E-9	1.760668055794667E-9	-64251905.6825518608
2411.7587890625	-0.100931167602539	2.042725100181997E-9	2.042725100181997E-9	-64251905.6825518608
2411.80078125	-0.060792922973633	2.193814907514025E-9	2.193814907514025E-9	-64251905.6825518608
2411.8427734375	-0.020298004150391	1.475996214139741E-9	1.475996214139741E-9	-64251905.6825518608
2411.8857421875	0.020084381103516	4.411049303598702E-10	4.411049303598702E-10	-64251905.6825518608
2411.927734375	0.060937881469727	5.002220859751105E-10	5.002220859751105E-10	-64251905.6825518608
2411.9697265625	0.100738525390625	5.745732778450474E-10	5.745732778450474E-10	-64251905.6825518608
2412.0107421875	0.141233444213867	7.23616722098086E-10	7.23616722098086E-10	-64251905.6825518608
2412.052734375	0.181385040283203	1.028183760354295E-9	1.028183760354295E-9	-64251905.6825518608
2412.0947265625	0.221872329711914	1.129251359088812E-9	1.129251359088812E-9	-64251905.6825518608
2412.13671875	0.262008666992187	8.890310709830373E-10	8.890310709830373E-10	-64251905.6825518608
2412.1787109375	0.302494049072266	7.489688869100064E-10	7.489688869100064E-10	-64251905.6825518608
2412.220703125	0.343008041381836	1.858438736235257E-9	1.858438736235257E-9	-64251905.6825518608
2412.2626953125	0.383123397827148	1.587864062457811E-9	1.587864062457811E-9	-64251905.6825518608
2412.3046875	0.423610687255859	1.88606463780161E-9	1.88606463780161E-9	-64251905.6825518608
2412.3466796875	0.463754653930664	2.577735358499922E-9	2.577735358499922E-9	-64251905.6825518608
2412.388671875	0.504255294799805	1.593093656993005E-9	1.593093656993005E-9	-64251905.6825518608
2412.4306640625	0.544380187988281	1.40346401167335E-9	1.40346401167335E-9	-64251905.6825518608
2412.47265625	0.584875106811523	-2.033857526839711E-10	2.033857526839711E-10	-64251905.6825518608
2412.5146484375	0.625019073486328	8.486722435918637E-10	8.486722435918637E-10	-64251905.6825518608
2412.556640625	0.665443420410156	1.138459992944263E-9	1.138459992944263E-9	-64251905.6825518608
2412.5986328125	0.705270767211914	5.793481250293553E-10	5.793481250293553E-10	-64251905.6825518608
2412.640625	0.746084213256836	-4.93287188874092E-10	4.93287188874092E-10	-64251905.6825518608
2412.6826171875	0.785900115966797	-3.998366082669236E-10	3.998366082669236E-10	-64251905.6825518608
2412.724609375	0.826719284057617	4.476987669477239E-10	4.476987669477239E-10	-64251905.6825518608
2412.7666015625	0.867227554321289	4.185949364909902E-10	4.185949364909902E-10	-64251905.6825518608
2412.80859375	0.906999588012695	4.645244189305231E-10	4.645244189305231E-10	-64251905.6825518608
2412.8505859375	0.947835922241211	7.39305505703669E-10	7.39305505703669E-10	-64251905.6825518608
2412.892578125	0.987617492675781	6.384652806445956E-10	6.384652806445956E-10	-64251905.6825518608
2412.9345703125	1.02812385559082	-2.784190655802377E-10	2.784190655802377E-10	-64251905.6825518608
2412.9765625	1.068277359008789	-1.454395714972634E-9	1.454395714972634E-9	-64251905.6825518608
2413.0185546875	1.108758926391602	-1.701891960692592E-9	1.701891960692592E-9	-64251905.6825518608
2413.060546875	1.148891448974609	-1.346620592812542E-9	1.346620592812542E-9	-64251905.6825518608
2413.1025390625	1.18937873840332	-1.302055352425668E-9	1.302055352425668E-9	-64251905.6825518608
2413.14453125	1.229526519775391	-2.651063368830364E-9	2.651063368830364E-9	-64251905.6825518608
2413.185546875	1.270013809204102	-2.168349055864383E-9	2.168349055864383E-9	-64251905.6825518608
2413.2275390625	1.310152053833008	-8.191136657842435E-10	8.191136657842435E-10	-64251905.6825518608
2413.26953125	1.350622177124023	1.309672370553017E-10	1.309672370553017E-10	-64251905.6825518608
2413.3115234375	1.391050338745117	6.072014002711512E-10	6.072014002711512E-10	-64251905.6825518608
2413.353515625	1.431100845336914	1.023977347358596E-9	1.023977347358596E-9	-64251905.6825518608
2413.3955078125	1.471506118774414	1.028979568218347E-9	1.028979568218347E-9	-64251905.6825518608
2413.4375	1.511573791503906	1.260559656657279E-9	1.260559656657279E-9	-64251905.6825518608
2413.4794921875	1.551979064941406	1.345256350759882E-9	1.345256350759882E-9	-64251905.6825518608
2413.521484375	1.592039108276367	8.890310709830373E-10	8.890310709830373E-10	-64251905.6825518608
2413.5634765625	1.632425308227539	1.202693056256976E-9	1.202693056256976E-9	-64251905.6825518608
2413.60546875	1.67213249206543	1.032276486512274E-9	1.032276486512274E-9	-64251905.6825518608
2413.6474609375	1.712884902954102	1.738385435601231E-9	1.738385435601231E-9	-64251905.6825518608
2413.689453125	1.752618789672852	1.753278411342762E-9	1.753278411342762E-9	-64251905.6825518608
2413.7314453125	1.793006896972656	2.690285327844322E-9	2.690285327844322E-9	-64251905.6825518608
2413.7734375	1.833078384399414	2.742012839007657E-9	2.742012839007657E-9	-64251905.6825518608
2413.8154296875	1.87348747253418	2.41084308072459E-9	2.41084308072459E-9	-64251905.6825518608
2413.857421875	1.913558959960937	1.978037289518397E-9	1.978037289518397E-9	-64251905.6825518608
2413.8994140625	1.95393180847168	-4.635012373910286E-10	4.635012373910286E-10	-64251905.6825518608
2413.94140625	1.994327545166016	-1.301259544561617E-9	1.301259544561617E-9	-64251905.6825518608
2413.9833984375	2.03437614440918	-1.36617472890066E-9	1.36617472890066E-9	-64251905.6825518608
2414.025390625	2.074708938598633	1.00953911896795E-9	1.00953911896795E-9	-64251905.6825518608
2414.0673828125	2.114782333374023	2.278056854265742E-9	2.278056854265742E-9	-64251905.6825518608
2414.109375	2.155181884765625	3.324203134980053E-9	3.324203134980053E-9	-64251905.6825518608
2414.1513671875	2.195255279541016	2.916181074397173E-9	2.916181074397173E-9	-64251905.6825518608
2414.1923828125	2.23565673828125	2.201545612479094E-9	2.201545612479094E-9	-64251905.6825518608
2414.234375	2.275724411010742	1.671764948696364E-9	1.671764948696364E-9	-64251905.6825518608
2414.2763671875	2.316112518310547	1.161652107839473E-9	1.161652107839473E-9	-64251905.6825518608
2414.318359375	2.356170654296875	1.292278284381609E-9	1.292278284381609E-9	-64251905.6825518608
2414.3603515625	2.396547317504883	9.652012522565201E-11	9.652012522565201E-11	-64251905.6825518608
2414.40234375	2.436275482177734	-2.750084604485892E-10	2.750084604485892E-10	-64251905.6825518608
2414.4443359375	2.477006912231445	4.547473508864641E-13	4.547473508864641E-13	-64251905.6825518608
2414.486328125	2.517414093017578	5.854872142663226E-11	5.854872142663226E-11	-64251905.6825518608
2414.5283203125	2.55714225769043	4.694129529525526E-10	4.694129529525526E-10	-64251905.6825518608
2414.5703125	2.597877502441406	1.084686118701939E-9	1.084686118701939E-9	-64251905.6825518608
2414.6123046875	2.637601852416992	7.322569217649288E-10	7.322569217649288E-10	-64251905.6825518608
2414.654296875	2.677978515625	1.073317434929777E-9	1.073317434929777E-9	-64251905.6825518608
2414.6962890625	2.718055725097656	7.356675268965773E-10	7.356675268965773E-10	-64251905.6825518608
2414.73828125	2.758504867553711	-5.200035957386717E-10	5.200035957386717E-10	-64251905.6825518608
2414.7802734375	2.798671722412109	-7.39305505703669E-10	7.39305505703669E-10	-64251905.6825518608
2414.822265625	2.839153289794922	-6.0992988437647E-10	6.0992988437647E-10	-64251905.6825518608
2414.8642578125	2.879295349121094	-6.950813258299604E-10	6.950813258299604E-10	-64251905.6825518608
2414.90625	2.919765472412109	-5.84464032726828E-10	5.84464032726828E-10	-64251905.6825518608
2414.9482421875	2.959966659545898	-4.865796654485166E-11	4.865796654485166E-11	-64251905.6825518608
2414.990234375	3.000425338745117	3.085460775764659E-10	3.085460775764659E-10	-64251905.6825518608
2443.6201171875	-3.000701904296875	-8.822098607197404E-11	8.822098607197404E-11	247770902.798277199
2443.662109375	-2.960216522216797	8.518554750480689E-10	8.518554750480689E-10	247770902.798277199
2443.7041015625	-2.920076370239258	1.07775122160092E-9	1.07775122160092E-9	247770902.798277199
2443.74609375	-2.879581451416016	1.139596861321479E-9	1.139596861321479E-9	247770902.798277199
2443.7880859375	-2.839424133300781	9.48944034462329E-10	9.48944034462329E-10	247770902.798277199
2443.830078125	-2.798933029174805	8.777760740485974E-10	8.777760740485974E-10	247770902.798277199
2443.8720703125	-2.758773803710937	6.724576451233588E-10	6.724576451233588E-10	247770902.798277199
2443.9140625	-2.718296051025391	5.8741989050759E-10	5.8741989050759E-10	247770902.798277199
2443.9560546875	-2.678569793701172	4.647517926059663E-10	4.647517926059663E-10	247770902.798277199
2443.998046875	-2.637861251831055	3.554987415554933E-10	3.554987415554933E-10	247770902.798277199
2444.0400390625	-2.598140716552734	1.961097950697877E-10	1.961097950697877E-10	247770902.798277199
2444.08203125	-2.557376861572266	1.217586031998508E-10	1.217586031998508E-10	247770902.798277199
2444.1240234375	-2.517662048339844	-8.376446203328669E-10	8.376446203328669E-10	247770902.798277199
2444.166015625	-2.477258682250977	-8.828919817460701E-10	8.828919817460701E-10	247770902.798277199
2444.2080078125	-2.436531066894531	-7.553353498224169E-10	7.553353498224169E-10	247770902.798277199
2444.25	-2.396804809570312	-8.417373464908451E-10	8.417373464908451E-10	247770902.798277199
2444.2919921875	-2.356399536132812	-2.816022970364429E-10	2.816022970364429E-10	247770902.798277199
2444.333984375	-2.316362380981445	1.541593519505113E-10	1.541593519505113E-10	247770902.798277199
2444.3759765625	-2.275959014892578	6.835989552200772E-10	6.835989552200772E-10	247770902.798277199
2444.41796875	-2.235893249511719	5.038600647822022E-10	5.038600647822022E-10	247770902.798277199
2444.4599609375	-2.195497512817383	4.927187546854839E-10	4.927187546854839E-10	247770902.798277199
2444.501953125	-2.155426025390625	7.19182935426943E-10	7.19182935426943E-10	247770902.798277199
2444.5439453125	-2.115036010742187	9.561063052387908E-10	9.561063052387908E-10	247770902.798277199
2444.5859375	-2.074985504150391	1.337753019470256E-9	1.337753019470256E-9	247770902.798277199
2444.6279296875	-2.034553527832031	1.197122401208617E-9	1.197122401208617E-9	247770902.798277199
2444.6689453125	-1.994550704956055	9.746372597874142E-10	9.746372597874142E-10	247770902.798277199
2444.7109375	-1.954172134399414	7.601101970067248E-10	7.601101970067248E-10	247770902.798277199
2444.7529296875	-1.914133071899414	1.123794390878174E-9	1.123794390878174E-9	247770902.798277199
2444.794921875	-1.873706817626953	1.445982888981234E-9	1.445982888981234E-9	247770902.798277199
2444.8369140625	-1.833301544189453	1.655507730902173E-9	1.655507730902173E-9	247770902.798277199
2444.87890625	-1.793241500854492	1.419607542629819E-9	1.419607542629819E-9	247770902.798277199
2444.9208984375	-1.752849578857422	1.403350324835628E-9	1.403350324835628E-9	247770902.798277199
2444.962890625	-1.712787628173828	1.077978595276363E-9	1.077978595276363E-9	247770902.798277199
2445.0048828125	-1.672369003295898	1.219973455590662E-9	1.219973455590662E-9	247770902.798277199
2445.046875	-1.63264274597168	9.227960617863573E-10	9.227960617863573E-10	247770902.798277199
2445.0888671875	-1.591892242431641	1.033527041727211E-9	1.033527041727211E-9	247770902.798277199
2445.130859375	-1.552202224731445	1.132320903707296E-9	1.132320903707296E-9	247770902.798277199
2445.1728515625	-1.511791229248047	1.28318333736388E-9	1.28318333736388E-9	247770902.798277199
2445.21484375	-1.471736907958984	7.399876267299987E-10	7.399876267299987E-10	247770902.798277199
2445.2568359375	-1.431331634521484	4.314415491535328E-10	4.314415491535328E-10	247770902.798277199
2445.298828125	-1.391281127929687	7.4078343459405E-10	7.4078343459405E-10	247770902.798277199
2445.3408203125	-1.350864410400391	8.086544767138548E-10	8.086544767138548E-10	247770902.798277199
2445.3828125	-1.310407638549805	8.436700227321126E-10	8.436700227321126E-10	247770902.798277199
2445.4248046875	-1.270257949829102	1.070361577149015E-9	1.070361577149015E-9	247770902.798277199
2445.466796875	-1.22978401184082	1.133798832597677E-9	1.133798832597677E-9	247770902.798277199
2445.5087890625	-1.189620971679687	9.737277650856413E-10	9.737277650856413E-10	247770902.798277199
2445.55078125	-1.149127960205078	7.889866537880152E-10	7.889866537880152E-10	247770902.798277199
2445.5927734375	-1.108983993530273	7.335074769798666E-10	7.335074769798666E-10	247770902.798277199
2445.634765625	-1.068498611450195	5.582023732131347E-10	5.582023732131347E-10	247770902.798277199
2445.6767578125	-1.028366088867187	2.527258402551524E-10	2.527258402551524E-10	247770902.798277199
2445.71875	-0.987846374511719	2.612523530842736E-10	2.612523530842736E-10	247770902.798277199
2445.7607421875	-0.947729110717773	5.579749995376915E-10	5.579749995376915E-10	247770902.798277199
2445.802734375	-0.907234191894531	4.963567334925756E-10	4.963567334925756E-10	247770902.798277199
2445.84375	-0.867101669311523	4.727098712464795E-10	4.727098712464795E-10	247770902.798277199
2445.8857421875	-0.826593399047852	4.501998773775995E-10	4.501998773775995E-10	247770902.798277199
2445.927734375	-0.786102294921875	3.511786417220719E-10	3.511786417220719E-10	247770902.798277199
2445.9697265625	-0.745969772338867	3.202558218617924E-10	3.202558218617924E-10	247770902.798277199
2446.01171875	-0.705476760864258	8.153620001394302E-10	8.153620001394302E-10	247770902.798277199
2446.0537109375	-0.665668487548828	7.295284376596101E-10	7.295284376596101E-10	247770902.798277199
2446.095703125	-0.624883651733398	6.38351593806874E-10	6.38351593806874E-10	247770902.798277199
2446.1376953125	-0.585090637207031	7.185008144006133E-10	7.185008144006133E-10	247770902.798277199
2446.1796875	-0.544254302978516	7.644302968401462E-10	7.644302968401462E-10	247770902.798277199
2446.2216796875	-0.504463195800781	7.229346010717563E-10	7.229346010717563E-10	247770902.798277199
2446.263671875	-0.463964462280273	5.826450433232822E-10	5.826450433232822E-10	247770902.798277199
2446.3056640625	-0.423828125	7.652261047041975E-10	7.652261047041975E-10	247770902.798277199
2446.34765625	-0.383331298828125	9.77365743892733E-10	9.77365743892733E-10	247770902.798277199
2446.3896484375	-0.343172073364258	1.112539393943734E-9	1.112539393943734E-9	247770902.798277199
2446.431640625	-0.302698135375977	8.01492205937393E-10	8.01492205937393E-10	247770902.798277199
2446.4736328125	-0.262205123901367	7.952394298627041E-10	7.952394298627041E-10	247770902.798277199
2446.515625	-0.222070693969727	9.297309588873759E-10	9.297309588873759E-10	247770902.798277199
2446.5576171875	-0.18159294128418	9.440555004402995E-10	9.440555004402995E-10	247770902.798277199
2446.599609375	-0.141435623168945	9.893028618535027E-10	9.893028618535027E-10	247770902.798277199
2446.6416015625	-0.100910186767578	1.18188836495392E-9	1.18188836495392E-9	247770902.798277199
2446.68359375	-0.060787200927734	1.474063537898473E-9	1.474063537898473E-9	247770902.798277199
2446.7255859375	-0.020275115966797	1.550915840198286E-9	1.550915840198286E-9	247770902.798277199
2446.767578125	0.020097732543945	1.045350472850259E-9	1.045350472850259E-9	247770902.798277199
2446.8095703125	0.060951232910156	1.355147105641663E-9	1.355147105641663E-9	247770902.798277199
2446.8515625	0.100748062133789	8.872120815794915E-10	8.872120815794915E-10	247770902.798277199
2446.8935546875	0.141241073608398	1.168245944427326E-9	1.168245944427326E-9	247770902.798277199
2446.935546875	0.181394577026367	1.083890310837887E-9	1.083890310837887E-9	247770902.798277199
2446.9775390625	0.221879959106445	2.77736944553908E-10	2.77736944553908E-10	247770902.798277199
2447.01953125	0.262012481689453	3.190052666468546E-10	3.190052666468546E-10	247770902.798277199
2447.0615234375	0.302524566650391	3.377635948709212E-10	3.377635948709212E-10	247770902.798277199
2447.103515625	0.342994689941406	4.934008757118136E-10	4.934008757118136E-10	247770902.798277199
2447.1455078125	0.383129119873047	7.349854058702476E-10	7.349854058702476E-10	247770902.798277199
2447.1875	0.423618316650391	8.76411831995938E-10	8.76411831995938E-10	247770902.798277199
2447.2294921875	0.463766098022461	9.079030860448256E-10	9.079030860448256E-10	247770902.798277199
2447.271484375	0.504251480102539	7.975131666171364E-10	7.975131666171364E-10	247770902.798277199
2447.3134765625	0.544410705566406	6.430127541534603E-10	6.430127541534603E-10	247770902.798277199
2447.35546875	0.584882736206055	5.425135896075517E-10	5.425135896075517E-10	247770902.798277199
2447.3974609375	0.625020980834961	4.201865522190928E-10	4.201865522190928E-10	247770902.798277199
2447.439453125	0.665445327758789	5.039737516199239E-10	5.039737516199239E-10	247770902.798277199
2447.4814453125	0.705266952514648	5.052243068348616E-10	5.052243068348616E-10	247770902.798277199
2447.5234375	0.746084213256836	5.53086465515662E-10	5.53086465515662E-10	247770902.798277199
2447.564453125	0.785896301269531	6.509708327939734E-10	6.509708327939734E-10	247770902.798277199
2447.6064453125	0.826740264892578	7.087237463565543E-10	7.087237463565543E-10	247770902.798277199
2447.6484375	0.867233276367187	6.149321052362211E-10	6.149321052362211E-10	247770902.798277199
2447.6904296875	0.907011032104492	5.511537892743945E-10	5.511537892743945E-10	247770902.798277199
2447.732421875	0.947851181030273	5.89807314099744E-10	5.89807314099744E-10	247770902.798277199
2447.7744140625	0.987638473510742	6.007212505210191E-10	6.007212505210191E-10	247770902.798277199
2447.81640625	1.028139114379883	5.204583430895582E-10	5.204583430895582E-10	247770902.798277199
2447.8583984375	1.068288803100586	3.993818609160371E-10	3.993818609160371E-10	247770902.798277199
2447.900390625	1.108749389648437	4.379216989036649E-10	4.379216989036649E-10	247770902.798277199
2447.9423828125	1.148916244506836	4.282583176973276E-10	4.282583176973276E-10	247770902.798277199
2447.984375	1.189401626586914	5.57520252186805E-10	5.57520252186805E-10	247770902.798277199
2448.0263671875	1.229551315307617	5.19321474712342E-10	5.19321474712342E-10	247770902.798277199
2448.068359375	1.270025253295898	5.584297468885779E-10	5.584297468885779E-10	247770902.798277199
2448.1103515625	1.310184478759766	5.680931280949153E-10	5.680931280949153E-10	247770902.798277199
2448.15234375	1.350639343261719	5.288711690809578E-10	5.288711690809578E-10	247770902.798277199
2448.1943359375	1.39105224609375	5.718447937397286E-10	5.718447937397286E-10	247770902.798277199
2448.236328125	1.43110466003418	5.70253178011626E-10	5.70253178011626E-10	247770902.798277199
2448.2783203125	1.471527099609375	5.813944881083444E-10	5.813944881083444E-10	247770902.798277199
2448.3203125	1.511554718017578	6.327809387585148E-10	6.327809387585148E-10	247770902.798277199
2448.3623046875	1.551980972290039	6.70638655719813E-10	6.70638655719813E-10	247770902.798277199
2448.404296875	1.592060089111328	8.122924555209465E-10	8.122924555209465E-10	247770902.798277199
2448.4462890625	1.632431030273437	8.103597792796791E-10	8.103597792796791E-10	247770902.798277199
2448.48828125	1.672157287597656	7.457856554538012E-10	7.457856554538012E-10	247770902.798277199
2448.5302734375	1.712896347045898	7.53516360418871E-10	7.53516360418871E-10	247770902.798277199
2448.572265625	1.752641677856445	6.350546755129471E-10	6.350546755129471E-10	247770902.798277199
2448.6142578125	1.793014526367187	7.089511200319976E-10	7.089511200319976E-10	247770902.798277199
2448.6552734375	1.833074569702148	7.223661668831483E-10	7.223661668831483E-10	247770902.798277199
2448.697265625	1.873472213745117	6.788241080357693E-10	6.788241080357693E-10	247770902.798277199
2448.7392578125	1.913553237915039	6.659774953732267E-10	6.659774953732267E-10	247770902.798277199
2448.78125	1.953927993774414	6.883738024043851E-10	6.883738024043851E-10	247770902.798277199
2448.8232421875	1.994331359863281	7.175913196988404E-10	7.175913196988404E-10	247770902.798277199
2448.865234375	2.034397125244141	7.480593922082335E-10	7.480593922082335E-10	247770902.798277199
2448.9072265625	2.074743270874023	6.559730536537245E-10	6.559730536537245E-10	247770902.798277199
2448.94921875	2.114816665649414	8.033111953409389E-10	8.033111953409389E-10	247770902.798277199
2448.9912109375	2.155197143554687	7.645439836778678E-10	7.645439836778678E-10	247770902.798277199
2449.033203125	2.195249557495117	6.967866283957846E-10	6.967866283957846E-10	247770902.798277199
2449.0751953125	2.235652923583984	6.610889613511972E-10	6.610889613511972E-10	247770902.798277199
2449.1171875	2.275722503662109	5.849187800777145E-10	5.849187800777145E-10	247770902.798277199
2449.1591796875	2.316112518310547	6.232312443898991E-10	6.232312443898991E-10	247770902.798277199
2449.201171875	2.356199264526367	5.969695848762058E-10	5.969695848762058E-10	247770902.798277199
2449.2431640625	2.396568298339844	6.547224984387867E-10	6.547224984387867E-10	247770902.798277199
2449.28515625	2.43629264831543	6.979234967730008E-10	6.979234967730008E-10	247770902.798277199
2449.3271484375	2.477014541625977	8.022880138014443E-10	8.022880138014443E-10	247770902.798277199
2449.369140625	2.517421722412109	8.204779078369029E-10	8.204779078369029E-10	247770902.798277199
2449.4111328125	2.557134628295898	7.379412636510096E-10	7.379412636510096E-10	247770902.798277199
2449.453125	2.597881317138672	6.391474016709253E-10	6.391474016709253E-10	247770902.798277199
2449.4951171875	2.637599945068359	6.954223863431253E-10	6.954223863431253E-10	247770902.798277199
2449.537109375	2.677972793579102	7.212292985059321E-10	7.212292985059321E-10	247770902.798277199
2449.5791015625	2.718038558959961	6.791651685489342E-10	6.791651685489342E-10	247770902.798277199
2449.62109375	2.758516311645508	7.16227077646181E-10	7.16227077646181E-10	247770902.798277199
2449.6630859375	2.798702239990234	7.299831850104965E-10	7.299831850104965E-10	247770902.798277199
2449.705078125	2.83915901184082	7.950120561872609E-10	7.950120561872609E-10	247770902.798277199
2449.74609375	2.879304885864258	8.132019502227195E-10	8.132019502227195E-10	247770902.798277199
2449.7880859375	2.919790267944336	7.325979822780937E-10	7.325979822780937E-10	247770902.798277199
2449.830078125	2.95994758605957	6.419895726139657E-10	6.419895726139657E-10	247770902.798277199
2449.8720703125	3.000438690185547	6.386926543200389E-10	6.386926543200389E-10	247770902.798277199
2494.267578125	-3.000686645507812	-1.10094333649613E-9	1.10094333649613E-9	-938306674.836396575
2494.3095703125	-2.960239410400391	2.149818101315759E-10	2.149818101315759E-10	-938306674.836396575
2494.3515625	-2.920085906982422	1.26840404846007E-9	1.26840404846007E-9	-938306674.836396575
2494.3935546875	-2.879596710205078	1.866624188551214E-9	1.866624188551214E-9	-938306674.836396575
2494.435546875	-2.83942985534668	2.815227162500378E-9	2.815227162500378E-9	-938306674.836396575
2494.4775390625	-2.798959732055664	1.01022123999428E-9	1.01022123999428E-9	-938306674.836396575
2494.51953125	-2.758794784545898	8.993765732157044E-10	8.993765732157044E-10	-938306674.836396575
2494.5615234375	-2.718303680419922	9.93054527498316E-10	9.93054527498316E-10	-938306674.836396575
2494.603515625	-2.6785888671875	1.042849362420384E-9	1.042849362420384E-9	-938306674.836396575
2494.6455078125	-2.637866973876953	1.448029252060223E-9	1.448029252060223E-9	-938306674.836396575
2494.6875	-2.598146438598633	1.072066879714839E-9	1.072066879714839E-9	-938306674.836396575
2494.7294921875	-2.557382583618164	6.347136149997823E-10	6.347136149997823E-10	-938306674.836396575
2494.771484375	-2.517688751220703	2.670503818080761E-10	2.670503818080761E-10	-938306674.836396575
2494.8134765625	-2.477277755737305	2.673914423212409E-10	2.673914423212409E-10	-938306674.836396575
2494.85546875	-2.436553955078125	4.697540134657174E-10	4.697540134657174E-10	-938306674.836396575
2494.896484375	-2.396816253662109	5.894662535865791E-10	5.894662535865791E-10	-938306674.836396575
2494.9384765625	-2.356439590454102	9.454197424929589E-10	9.454197424929589E-10	-938306674.836396575
2494.98046875	-2.316366195678711	1.21565335575724E-9	1.21565335575724E-9	-938306674.836396575
2495.0224609375	-2.275991439819336	1.146304384747054E-9	1.146304384747054E-9	-938306674.836396575
2495.064453125	-2.235912322998047	1.010675987345167E-9	1.010675987345167E-9	-938306674.836396575
2495.1064453125	-2.195507049560547	8.019469532882795E-10	8.019469532882795E-10	-938306674.836396575
2495.1484375	-2.155460357666016	7.37827576813288E-10	7.37827576813288E-10	-938306674.836396575
2495.1904296875	-2.115049362182617	8.684537533554248E-10	8.684537533554248E-10	-938306674.836396575
2495.232421875	-2.074983596801758	7.246399036375806E-10	7.246399036375806E-10	-938306674.836396575
2495.2744140625	-2.034568786621094	1.455646270187572E-9	1.455646270187572E-9	-938306674.836396575
2495.31640625	-1.994592666625977	1.991793396882713E-9	1.991793396882713E-9	-938306674.836396575
2495.3583984375	-1.954187393188477	2.557385414547753E-9	2.557385414547753E-9	-938306674.836396575
2495.400390625	-1.914155960083008	2.471779225743376E-9	2.471779225743376E-9	-938306674.836396575
2495.4423828125	-1.873743057250977	2.111278263328131E-9	2.111278263328131E-9	-938306674.836396575
2495.484375	-1.833330154418945	1.323883225268219E-9	1.323883225268219E-9	-938306674.836396575
2495.5263671875	-1.793275833129883	3.39014150085859E-10	3.39014150085859E-10	-938306674.836396575
2495.568359375	-1.752866744995117	7.643166100024246E-10	7.643166100024246E-10	-938306674.836396575
2495.6103515625	-1.712797164916992	-1.764419721439481E-10	1.764419721439481E-10	-938306674.836396575
2495.65234375	-1.672395706176758	-6.86895873514004E-10	6.86895873514004E-10	-938306674.836396575
2495.6943359375	-1.632680892944336	6.511982064694166E-10	6.511982064694166E-10	-938306674.836396575
2495.736328125	-1.591917037963867	7.102016752469353E-10	7.102016752469353E-10	-938306674.836396575
2495.7783203125	-1.552209854125977	1.269313543161843E-9	1.269313543161843E-9	-938306674.836396575
2495.8203125	-1.511816024780273	1.349121703242417E-9	1.349121703242417E-9	-938306674.836396575
2495.8623046875	-1.471752166748047	1.3253611541586E-9	1.3253611541586E-9	-938306674.836396575
2495.904296875	-1.431352615356445	1.377770786348265E-9	1.377770786348265E-9	-938306674.836396575
2495.9462890625	-1.391292572021484	1.320131559623405E-9	1.320131559623405E-9	-938306674.836396575
2495.98828125	-1.350860595703125	1.159719431598205E-9	1.159719431598205E-9	-938306674.836396575
2496.029296875	-1.310440063476562	8.402594176004641E-10	8.402594176004641E-10	-938306674.836396575
2496.0712890625	-1.270280838012695	5.107949618832208E-10	5.107949618832208E-10	-938306674.836396575
2496.11328125	-1.229791641235352	4.421281118993647E-10	4.421281118993647E-10	-938306674.836396575
2496.1552734375	-1.189651489257812	3.312834451207891E-10	3.312834451207891E-10	-938306674.836396575
2496.197265625	-1.149158477783203	3.839204509858973E-10	3.839204509858973E-10	-938306674.836396575
2496.2392578125	-1.109010696411133	5.151150617166422E-10	5.151150617166422E-10	-938306674.836396575
2496.28125	-1.06852912902832	6.052687240298837E-10	6.052687240298837E-10	-938306674.836396575
2496.3232421875	-1.028398513793945	8.386678018723614E-10	8.386678018723614E-10	-938306674.836396575
2496.365234375	-0.987894058227539	8.26958057587035E-10	8.26958057587035E-10	-938306674.836396575
2496.4072265625	-0.947748184204102	7.545395419583656E-10	7.545395419583656E-10	-938306674.836396575
2496.44921875	-0.907255172729492	7.290736903087236E-10	7.290736903087236E-10	-938306674.836396575
2496.4912109375	-0.867111206054687	6.52562448522076E-10	6.52562448522076E-10	-938306674.836396575
2496.533203125	-0.826608657836914	4.522462404565886E-10	4.522462404565886E-10	-938306674.836396575
2496.5751953125	-0.786117553710937	5.172751116333529E-10	5.172751116333529E-10	-938306674.836396575
2496.6171875	-0.745979309082031	4.604316927725449E-10	4.604316927725449E-10	-938306674.836396575
2496.6591796875	-0.705495834350586	5.710489858756773E-10	5.710489858756773E-10	-938306674.836396575
2496.701171875	-0.665685653686523	6.87805368215777E-10	6.87805368215777E-10	-938306674.836396575
2496.7431640625	-0.624919891357422	8.327560863108374E-10	8.327560863108374E-10	-938306674.836396575
2496.78515625	-0.585105895996094	9.059704098035581E-10	9.059704098035581E-10	-938306674.836396575
2496.8271484375	-0.544286727905273	8.558345143683255E-10	8.558345143683255E-10	-938306674.836396575
2496.869140625	-0.504484176635742	8.107008397928439E-10	8.107008397928439E-10	-938306674.836396575
2496.9111328125	-0.463977813720703	6.326672519207932E-10	6.326672519207932E-10	-938306674.836396575
2496.953125	-0.423837661743164	4.770299710799009E-10	4.770299710799009E-10	-938306674.836396575
2496.9951171875	-0.383346557617187	4.42355485574808E-10	4.42355485574808E-10	-938306674.836396575
2497.037109375	-0.343210220336914	4.63955984741915E-10	4.63955984741915E-10	-938306674.836396575
2497.0791015625	-0.30272102355957	5.799165592179634E-10	5.799165592179634E-10	-938306674.836396575
2497.12109375	-0.262233734130859	7.217977326945402E-10	7.217977326945402E-10	-938306674.836396575
2497.1630859375	-0.222087860107422	8.141114449244924E-10	8.141114449244924E-10	-938306674.836396575
2497.205078125	-0.181602478027344	8.840288501232862E-10	8.840288501232862E-10	-938306674.836396575
2497.2470703125	-0.141445159912109	8.527649697498418E-10	8.527649697498418E-10	-938306674.836396575
2497.2890625	-0.100934982299805	7.694325176998973E-10	7.694325176998973E-10	-938306674.836396575
2497.3310546875	-0.060798645019531	5.760512067354284E-10	5.760512067354284E-10	-938306674.836396575
2497.3720703125	-0.020305633544922	4.798721420229413E-10	4.798721420229413E-10	-938306674.836396575
2497.4150390625	0.020095825195312	1.268745108973235E-10	1.268745108973235E-10	-938306674.836396575
2497.45703125	0.060956954956055	4.872617864748463E-10	4.872617864748463E-10	-938306674.836396575
2497.4990234375	0.10075569152832	5.999254426569678E-10	5.999254426569678E-10	-938306674.836396575
2497.541015625	0.141246795654297	7.543121682829224E-10	7.543121682829224E-10	-938306674.836396575
2497.5830078125	0.18140983581543	8.35257196740713E-10	8.35257196740713E-10	-938306674.836396575
2497.625	0.221870422363281	9.551968105370179E-10	9.551968105370179E-10	-938306674.836396575
2497.6669921875	0.262012481689453	8.561755748814903E-10	8.561755748814903E-10	-938306674.836396575
2497.708984375	0.302499771118164	8.14225131762214E-10	8.14225131762214E-10	-938306674.836396575
2497.7509765625	0.342990875244141	6.96672941558063E-10	6.96672941558063E-10	-938306674.836396575
2497.79296875	0.383152008056641	6.015170583850704E-10	6.015170583850704E-10	-938306674.836396575
2497.8349609375	0.423624038696289	5.881020115339197E-10	5.881020115339197E-10	-938306674.836396575
2497.8759765625	0.463762283325195	6.085656423238106E-10	6.085656423238106E-10	-938306674.836396575
2497.91796875	0.504266738891602	6.454001777456142E-10	6.454001777456142E-10	-938306674.836396575
2497.9599609375	0.544408798217773	6.560867404914461E-10	6.560867404914461E-10	-938306674.836396575
2498.001953125	0.584892272949219	7.722746886429377E-10	7.722746886429377E-10	-938306674.836396575
2498.0439453125	0.625024795532227	8.38213054521475E-10	8.38213054521475E-10	-938306674.836396575
2498.0859375	0.665445327758789	1.055127540894318E-9	1.055127540894318E-9	-938306674.836396575
2498.1279296875	0.705270767211914	9.471250450587831E-10	9.471250450587831E-10	-938306674.836396575
2498.169921875	0.74608039855957	8.702727427589707E-10	8.702727427589707E-10	-938306674.836396575
2498.2119140625	0.785907745361328	7.070184437907301E-10	7.070184437907301E-10	-938306674.836396575
2498.25390625	0.82673454284668	5.387619239627384E-10	5.387619239627384E-10	-938306674.836396575
2498.2958984375	0.867227554321289	3.957438821089454E-10	3.957438821089454E-10	-938306674.836396575
2498.337890625	0.907012939453125	3.921059033018537E-10	3.921059033018537E-10	-938306674.836396575
2498.3798828125	0.947845458984375	5.005631464882754E-10	5.005631464882754E-10	-938306674.836396575
2498.421875	0.987646102905273	5.948095349594951E-10	5.948095349594951E-10	-938306674.836396575
2498.4638671875	1.02812385559082	8.034248821786605E-10	8.034248821786605E-10	-938306674.836396575
2498.505859375	1.068286895751953	8.940332918427885E-10	8.940332918427885E-10	-938306674.836396575
2498.5478515625	1.108757019042969	8.701590559212491E-10	8.701590559212491E-10	-938306674.836396575
2498.58984375	1.148902893066406	8.070628609857522E-10	8.070628609857522E-10	-938306674.836396575
2498.6318359375	1.189401626586914	7.269136403920129E-10	7.269136403920129E-10	-938306674.836396575
2498.673828125	1.22953987121582	5.869651431567036E-10	5.869651431567036E-10	-938306674.836396575
2498.7158203125	1.270011901855469	4.540652298601344E-10	4.540652298601344E-10	-938306674.836396575
2498.7578125	1.310163497924805	4.416733645484783E-10	4.416733645484783E-10	-938306674.836396575
2498.7998046875	1.350643157958984	5.323954610503279E-10	5.323954610503279E-10	-938306674.836396575
2498.841796875	1.391069412231445	6.061782187316567E-10	6.061782187316567E-10	-938306674.836396575
2498.8837890625	1.43109130859375	7.536300472565927E-10	7.536300472565927E-10	-938306674.836396575
2498.9248046875	1.471511840820312	8.827782949083485E-10	8.827782949083485E-10	-938306674.836396575
2498.966796875	1.511568069458008	8.564029485569335E-10	8.564029485569335E-10	-938306674.836396575
2499.0087890625	1.551979064941406	8.361666914424859E-10	8.361666914424859E-10	-938306674.836396575
2499.05078125	1.59205436706543	6.601794666494243E-10	6.601794666494243E-10	-938306674.836396575
2499.0927734375	1.632434844970703	5.162519300938584E-10	5.162519300938584E-10	-938306674.836396575
2499.134765625	1.672147750854492	4.256435204297304E-10	4.256435204297304E-10	-938306674.836396575
2499.1767578125	1.712907791137695	3.896047928719781E-10	3.896047928719781E-10	-938306674.836396575
2499.21875	1.752626419067383	4.102957973373123E-10	4.102957973373123E-10	-938306674.836396575
2499.2607421875	1.793012619018555	4.772573447553441E-10	4.772573447553441E-10	-938306674.836396575
2499.302734375	1.833086013793945	7.121343514882028E-10	7.121343514882028E-10	-938306674.836396575
2499.3447265625	1.873477935791016	8.167262421920896E-10	8.167262421920896E-10	-938306674.836396575
2499.38671875	1.913547515869141	8.298002285300754E-10	8.298002285300754E-10	-938306674.836396575
2499.4287109375	1.953937530517578	7.10883796273265E-10	7.10883796273265E-10	-938306674.836396575
2499.470703125	1.994338989257812	7.155449566198513E-10	7.155449566198513E-10	-938306674.836396575
2499.5126953125	2.034414291381836	6.723439582856372E-10	6.723439582856372E-10	-938306674.836396575
2499.5546875	2.074733734130859	4.938556230627E-10	4.938556230627E-10	-938306674.836396575
2499.5966796875	2.11480712890625	5.009042070014402E-10	5.009042070014402E-10	-938306674.836396575
2499.638671875	2.155197143554687	5.263700586510822E-10	5.263700586510822E-10	-938306674.836396575
2499.6806640625	2.195253372192383	5.865103958058171E-10	5.865103958058171E-10	-938306674.836396575
2499.72265625	2.23564338684082	6.375557859428227E-10	6.375557859428227E-10	-938306674.836396575
2499.7646484375	2.275737762451172	5.503579814103432E-10	5.503579814103432E-10	-938306674.836396575
2499.806640625	2.316118240356445	4.736193659482524E-10	4.736193659482524E-10	-938306674.836396575
2499.8486328125	2.356174468994141	4.969251676811837E-10	4.969251676811837E-10	-938306674.836396575
2499.890625	2.396562576293945	6.144773578853346E-10	6.144773578853346E-10	-938306674.836396575
2499.9326171875	2.436296463012695	5.801439328934066E-10	5.801439328934066E-10	-938306674.836396575
2499.974609375	2.477020263671875	4.959019861416891E-10	4.959019861416891E-10	-938306674.836396575
2500.0166015625	2.517421722412109	6.459686119342223E-10	6.459686119342223E-10	-938306674.836396575
2500.05859375	2.557140350341797	8.500364856445231E-10	8.500364856445231E-10	-938306674.836396575
2500.1005859375	2.597892761230469	1.159150997409597E-9	1.159150997409597E-9	-938306674.836396575
2500.142578125	2.637599945068359	1.124476511904504E-9	1.124476511904504E-9	-938306674.836396575
2500.18359375	2.677986145019531	1.112880454456899E-9	1.112880454456899E-9	-938306674.836396575
2500.2255859375	2.718046188354492	1.131752469518688E-9	1.131752469518688E-9	-938306674.836396575
2500.267578125	2.758525848388672	9.275709089706652E-10	9.275709089706652E-10	-938306674.836396575
2500.3095703125	2.798671722412109	8.092229109024629E-10	8.092229109024629E-10	-938306674.836396575
2500.3515625	2.839174270629883	4.564526534522884E-10	4.564526534522884E-10	-938306674.836396575
2500.3935546875	2.87932014465332	2.607976057333872E-10	2.607976057333872E-10	-938306674.836396575
2500.435546875	2.919794082641602	2.838760337908752E-10	2.838760337908752E-10	-938306674.836396575
2500.4775390625	2.959949493408203	3.369677870068699E-10	3.369677870068699E-10	-938306674.836396575
2500.51953125	3.000444412231445	5.313722795108333E-10	5.313722795108333E-10	-938306674.836396575
2533.4814453125	-3.000810623168945	-3.852303780149668E-5	3.852303780149668E-5	31.044947729508419
2533.5244140625	-2.960346221923828	-3.867456689476967E-5	3.867456689476967E-5	31.044947729508419
2533.56640625	-2.920192718505859	-3.873558307532221E-5	3.873558307532221E-5	31.044947729508419
2533.6083984375	-2.87969970703125	-3.876583650708199E-5	3.876583650708199E-5	31.044947729508419
2533.650390625	-2.839530944824219	-3.87965701520443E-5	3.87965701520443E-5	31.044947729508419
2533.6923828125	-2.799066543579102	-3.881948941852897E-5	3.881948941852897E-5	31.044947729508419
2533.734375	-2.758916854858398	-3.883204772137105E-5	3.883204772137105E-5	31.044947729508419
2533.7763671875	-2.718414306640625	-3.883639874402434E-5	3.883639874402434E-5	31.044947729508419
2533.818359375	-2.678695678710937	-3.883503086399287E-5	3.883503086399287E-5	31.044947729508419
2533.8603515625	-2.637966156005859	-3.88417684007436E-5	3.88417684007436E-5	31.044947729508419
2533.90234375	-2.598255157470703	-3.884686157107353E-5	3.884686157107353E-5	31.044947729508419
2533.9443359375	-2.557498931884766	-3.88399203075096E-5	3.88399203075096E-5	31.044947729508419
2533.986328125	-2.517782211303711	-3.882664896082133E-5	3.882664896082133E-5	31.044947729508419
2534.0283203125	-2.477367401123047	-3.882012970279902E-5	3.882012970279902E-5	31.044947729508419
2534.0703125	-2.436655044555664	-3.881681186612695E-5	3.881681186612695E-5	31.044947729508419
2534.1123046875	-2.396926879882812	-3.880604344885796E-5	3.880604344885796E-5	31.044947729508419
2534.154296875	-2.356533050537109	-3.878807183355093E-5	3.878807183355093E-5	31.044947729508419
2534.1962890625	-2.316465377807617	-3.877149720210582E-5	3.877149720210582E-5	31.044947729508419
2534.23828125	-2.276071548461914	-3.875921538565308E-5	3.875921538565308E-5	31.044947729508419
2534.2802734375	-2.236011505126953	-3.873890091199428E-5	3.873890091199428E-5	31.044947729508419
2534.322265625	-2.19560432434082	-3.871905209962279E-5	3.871905209962279E-5	31.044947729508419
2534.3642578125	-2.155544281005859	-3.86927422368899E-5	3.86927422368899E-5	31.044947729508419
2534.40625	-2.115144729614258	-3.867228224407881E-5	3.867228224407881E-5	31.044947729508419
2534.4482421875	-2.075098037719727	-3.865234612021595E-5	3.865234612021595E-5	31.044947729508419
2534.490234375	-2.034673690795898	-3.86258470825851E-5	3.86258470825851E-5	31.044947729508419
2534.5322265625	-1.994686126708984	-3.85909661417827E-5	3.85909661417827E-5	31.044947729508419
2534.57421875	-1.954282760620117	-3.855791874229908E-5	3.855791874229908E-5	31.044947729508419
2534.6162109375	-1.914243698120117	-3.852735972031951E-5	3.852735972031951E-5	31.044947729508419
2534.658203125	-1.873832702636719	-3.849732456728816E-5	3.849732456728816E-5	31.044947729508419
2534.7001953125	-1.83342170715332	-3.845695755444467E-5	3.845695755444467E-5	31.044947729508419
2534.7421875	-1.793355941772461	-3.841263242065907E-5	3.841263242065907E-5	31.044947729508419
2534.7841796875	-1.752960205078125	-3.837367694359273E-5	3.837367694359273E-5	31.044947729508419
2534.826171875	-1.712907791137695	-3.8336162106134E-5	3.8336162106134E-5	31.044947729508419
2534.8681640625	-1.672492980957031	-3.829273919109255E-5	3.829273919109255E-5	31.044947729508419
2534.91015625	-1.632778167724609	-3.823862061835825E-5	3.823862061835825E-5	31.044947729508419
2534.9521484375	-1.592021942138672	-3.818843106273562E-5	3.818843106273562E-5	31.044947729508419
2534.994140625	-1.552324295043945	-3.813960938714445E-5	3.813960938714445E-5	31.044947729508419
2535.0361328125	-1.511907577514648	-3.808907058555633E-5	3.808907058555633E-5	31.044947729508419
2535.078125	-1.47186279296875	-3.802434366662055E-5	3.802434366662055E-5	31.044947729508419
2535.1201171875	-1.431446075439453	-3.795877273660153E-5	3.795877273660153E-5	31.044947729508419
2535.162109375	-1.391401290893555	-3.789612674154341E-5	3.789612674154341E-5	31.044947729508419
2535.2041015625	-1.350976943969727	-3.7830148357898E-5	3.7830148357898E-5	31.044947729508419
2535.24609375	-1.310523986816406	-3.775933873839676E-5	3.775933873839676E-5	31.044947729508419
2535.2880859375	-1.270370483398437	-3.768003080040216E-5	3.768003080040216E-5	31.044947729508419
2535.330078125	-1.22990608215332	-3.759718674700707E-5	3.759718674700707E-5	31.044947729508419
2535.3720703125	-1.189750671386719	-3.751947951968759E-5	3.751947951968759E-5	31.044947729508419
2535.4130859375	-1.149251937866211	-3.743305569514632E-5	3.743305569514632E-5	31.044947729508419
2535.455078125	-1.109111785888672	-3.733657649718225E-5	3.733657649718225E-5	31.044947729508419
2535.4970703125	-1.068618774414062	-3.723386907950044E-5	3.723386907950044E-5	31.044947729508419
2535.5390625	-1.028480529785156	-3.713338810484856E-5	3.713338810484856E-5	31.044947729508419
2535.5810546875	-0.987985610961914	-3.702843969222158E-5	3.702843969222158E-5	31.044947729508419
2535.623046875	-0.947854995727539	-3.691426536533982E-5	3.691426536533982E-5	31.044947729508419
2535.6650390625	-0.907346725463867	-3.67860629921779E-5	3.67860629921779E-5	31.044947729508419
2535.70703125	-0.867223739624023	-3.665393160190433E-5	3.665393160190433E-5	31.044947729508419
2535.7490234375	-0.826715469360352	-3.652268787845969E-5	3.652268787845969E-5	31.044947729508419
2535.791015625	-0.786228179931641	-3.637999179773033E-5	3.637999179773033E-5	31.044947729508419
2535.8330078125	-0.746070861816406	-3.622239455580711E-5	3.622239455580711E-5	31.044947729508419
2535.875	-0.705591201782227	-3.605458186939359E-5	3.605458186939359E-5	31.044947729508419
2535.9169921875	-0.665781021118164	-3.588922845665365E-5	3.588922845665365E-5	31.044947729508419
2535.958984375	-0.624998092651367	-3.570828994270414E-5	3.570828994270414E-5	31.044947729508419
2536.0009765625	-0.585212707519531	-3.550786641426384E-5	3.550786641426384E-5	31.044947729508419
2536.04296875	-0.544363021850586	-3.529031528159976E-5	3.529031528159976E-5	31.044947729508419
2536.0849609375	-0.504585266113281	-3.507034853100777E-5	3.507034853100777E-5	31.044947729508419
2536.126953125	-0.464090347290039	-3.483826003503054E-5	3.483826003503054E-5	31.044947729508419
2536.1689453125	-0.423940658569336	-3.458016726654023E-5	3.458016726654023E-5	31.044947729508419
2536.2109375	-0.383441925048828	-3.429737989790738E-5	3.429737989790738E-5	31.044947729508419
2536.2529296875	-0.343301773071289	-3.399876004550606E-5	3.399876004550606E-5	31.044947729508419
2536.294921875	-0.302801132202148	-3.367979661561549E-5	3.367979661561549E-5	31.044947729508419
2536.3369140625	-0.262313842773437	-3.333391214255244E-5	3.333391214255244E-5	31.044947729508419
2536.37890625	-0.222166061401367	-3.295452916063368E-5	3.295452916063368E-5	31.044947729508419
2536.4208984375	-0.181690216064453	-3.254051262047142E-5	3.254051262047142E-5	31.044947729508419
2536.462890625	-0.141525268554687	-3.20923572871834E-5	3.20923572871834E-5	31.044947729508419
2536.5048828125	-0.101022720336914	-3.160297637805343E-5	3.160297637805343E-5	31.044947729508419
2536.546875	-0.060895919799805	-3.106347867287695E-5	3.106347867287695E-5	31.044947729508419
2536.5888671875	-0.020387649536133	-3.044928598683327E-5	3.044928598683327E-5	31.044947729508419
2536.630859375	0.020025253295898	-2.97379883704707E-5	2.97379883704707E-5	31.044947729508419
2536.6728515625	0.060882568359375	-2.880326064769179E-5	2.880326064769179E-5	31.044947729508419
2536.71484375	0.100688934326172	-2.716464223340154E-5	2.716464223340154E-5	31.044947729508419
2536.7568359375	0.141195297241211	-2.2449268726632E-5	2.2449268726632E-5	31.044947729508419
2536.8544921875	0.181299209594727	-4.56399629911175E-6	4.56399629911175E-6	31.044947729508419
2536.9931640625	0.221992492675781	6.917089922353625E-5	6.917089922353625E-5	31.044947729508419
2537.12890625	0.262081146240234	0.000341955688782	0.000341955688782	31.044947729508419
2537.263671875	0.302520751953125	0.001095089130104	0.001095089130104	31.044947729508419
2537.3056640625	0.343053817749023	0.002454594708979	0.002454594708979	31.044947729508419
2537.34765625	0.383220672607422	0.004281184636056	0.004281184636056	31.044947729508419
2537.3896484375	0.423757553100586	0.006425973959267	0.006425973959267	31.044947729508419
2537.431640625	0.463932037353516	0.008736686781049	0.008736686781049	31.044947729508419
2537.51953125	0.504274368286133	0.011246643960476	0.011246643960476	31.044947729508419
2537.5615234375	0.544425964355469	0.013736769556999	0.013736769556999	31.044947729508419
2537.603515625	0.584907531738281	0.016289323568344	0.016289323568344	31.044947729508419
2537.6455078125	0.625064849853516	0.018836542963982	0.018836542963982	31.044947729508419
2537.6875	0.665483474731445	0.021401673555374	0.021401673555374	31.044947729508419
2537.7294921875	0.705299377441406	0.023913636803627	0.023913636803627	31.044947729508419
2537.771484375	0.746129989624023	0.026469148695469	0.026469148695469	31.044947729508419
2537.8134765625	0.785945892333984	0.028935298323631	0.028935298323631	31.044947729508419
2537.85546875	0.826789855957031	0.031441152095795	0.031441152095795	31.044947729508419
2537.8974609375	0.867300033569336	0.033924482762814	0.033924482762814	31.044947729508419
2537.939453125	0.907073974609375	0.036356389522552	0.036356389522552	31.044947729508419
2537.9814453125	0.947919845581055	0.038834683597088	0.038834683597088	31.044947729508419
2538.0234375	0.987714767456055	0.04113657027483	0.04113657027483	31.044947729508419
2538.0654296875	1.02821159362793	0.043433114886284	0.043433114886284	31.044947729508419
2538.107421875	1.068374633789062	0.045676678419113	0.045676678419113	31.044947729508419
2538.1494140625	1.108842849731445	0.048136562108994	0.048136562108994	31.044947729508419
2538.19140625	1.148998260498047	0.051284126937389	0.051284126937389	31.044947729508419
2538.2333984375	1.189495086669922	0.055122673511505	0.055122673511505	31.044947729508419
2538.275390625	1.229654312133789	0.058514893054962	0.058514893054962	31.044947729508419
2538.3173828125	1.270139694213867	0.062083423137665	0.062083423137665	31.044947729508419
2538.359375	1.310291290283203	0.065234839916229	0.065234839916229	31.044947729508419
2538.4013671875	1.350761413574219	0.068681746721268	0.068681746721268	31.044947729508419
2538.4423828125	1.391197204589844	0.072675749659538	0.072675749659538	31.044947729508419
2538.484375	1.431257247924805	0.075104556977749	0.075104556977749	31.044947729508419
2538.5263671875	1.471580505371094	0.07090150564909	0.07090150564909	31.044947729508419
2538.568359375	1.511692047119141	0.074710160493851	0.074710160493851	31.044947729508419
2538.6103515625	1.552120208740234	0.080522172152996	0.080522172152996	31.044947729508419
2538.65234375	1.592264175415039	0.083776131272316	0.083776131272316	31.044947729508419
2538.6943359375	1.632579803466797	0.087184466421604	0.087184466421604	31.044947729508419
2538.736328125	1.672286987304687	0.091214336454868	0.091214336454868	31.044947729508419
2538.7783203125	1.713058471679687	0.09611465036869	0.09611465036869	31.044947729508419
2538.8203125	1.741971969604492	0.099997833371162	0.099997833371162	31.044947729508419
2538.8623046875	1.732038497924805	0.10000191628933	0.10000191628933	31.044947729508419
2538.904296875	1.718399047851562	0.100001893937588	0.100001893937588	31.044947729508419
2538.947265625	1.716014862060547	0.100001864135265	0.100001864135265	31.044947729508419
2538.9892578125	1.714937210083008	0.100001879036427	0.100001879036427	31.044947729508419
2539.03125	1.714914321899414	0.100001864135265	0.100001864135265	31.044947729508419
2539.0732421875	1.718055725097656	0.100001826882362	0.100001826882362	31.044947729508419
2539.1162109375	1.716800689697266	0.100001871585846	0.100001871585846	31.044947729508419
2539.158203125	1.718210220336914	0.100001856684685	0.100001856684685	31.044947729508419
2539.2001953125	1.763767242431641	0.100001767277718	0.100001767277718	31.044947729508419
2539.2421875	1.754386901855469	0.100001893937588	0.100001893937588	31.044947729508419
2539.28515625	1.745857238769531	0.100001871585846	0.100001871585846	31.044947729508419
2539.3271484375	1.751028060913086	0.10000179708004	0.10000179708004	31.044947729508419
2539.369140625	1.739532470703125	0.100001893937588	0.100001893937588	31.044947729508419
2539.4111328125	1.740474700927734	0.100001871585846	0.100001871585846	31.044947729508419
2539.4541015625	1.742773056030273	0.100001841783524	0.100001841783524	31.044947729508419
2539.49609375	1.740108489990234	0.100001879036427	0.100001879036427	31.044947729508419
2539.5380859375	1.739021301269531	0.100001856684685	0.100001856684685	31.044947729508419
2539.580078125	1.735137939453125	0.100001879036427	0.100001879036427	31.044947729508419
2539.623046875	1.754978179931641	0.100001849234104	0.100001849234104	31.044947729508419
2539.6650390625	1.753776550292969	0.100001849234104	0.100001849234104	31.044947729508419
2539.70703125	1.748886108398437	0.100001841783524	0.100001841783524	31.044947729508419
2539.7490234375	1.744283676147461	0.100001871585846	0.100001871585846	31.044947729508419
2539.7919921875	1.743110656738281	0.100001849234104	0.100001849234104	31.044947729508419
2539.833984375	1.738977432250977	0.100001849234104	0.100001849234104	31.044947729508419
2539.8759765625	1.737375259399414	0.100001834332943	0.100001834332943	31.044947729508419
2539.91796875	1.735225677490234	0.100001811981201	0.100001811981201	31.044947729508419
2539.9609375	1.735687255859375	0.100001811981201	0.100001811981201	31.044947729508419
2540.0029296875	1.733747482299805	0.100001841783524	0.100001841783524	31.044947729508419
2540.044921875	1.732524871826172	0.100001826882362	0.100001826882362	31.044947729508419
2540.0869140625	1.731559753417969	0.100001841783524	0.100001841783524	31.044947729508419
2540.1298828125	1.730518341064453	0.100001819431782	0.100001819431782	31.044947729508419
