[INFO]
Keithley 2400
Meas Time: 2021/1/19 16:52:52
Params: GPIB address = GPIB0::21::INSTR; DataFile = D:\工艺实验\石开俊; Compliance  Level (0.1) = 0.100000000000000; Number of Points (5) = 200; Minimum Amplitude (1) = -3.000000000000000; Maximum Amplitude (2) = 3.000000000000000; Timeout (100000 ms) = 100000; Source Mode  (0: Voltage) = 0; 4-wire? = FALSE; delay(S) = 0.000000000000000; Start = ; 

[COMMENT]


[DATA]
time (s)	Voltage (V)	Current (A)	absCurrent (A)	Fitting Resistance (Ohms)

13881.1904296875	-3.000699996948242	-1.299793075304478E-5	1.299793075304478E-5	313.90743150936106
13881.2333984375	-2.970851898193359	-1.335638808086514E-5	1.335638808086514E-5	313.90743150936106
13881.275390625	-2.940309524536133	-1.344934571534395E-5	1.344934571534395E-5	313.90743150936106
13881.3173828125	-2.910097122192383	-1.333000545855612E-5	1.333000545855612E-5	313.90743150936106
13881.359375	-2.879907608032227	-1.321366289630532E-5	1.321366289630532E-5	313.90743150936106
13881.4013671875	-2.849693298339844	-1.315945701207966E-5	1.315945701207966E-5	313.90743150936106
13881.443359375	-2.81947135925293	-1.311421510763466E-5	1.311421510763466E-5	313.90743150936106
13881.4853515625	-2.789312362670898	-1.308419450651854E-5	1.308419450651854E-5	313.90743150936106
13881.52734375	-2.759435653686523	-1.296811387874186E-5	1.296811387874186E-5	313.90743150936106
13881.5693359375	-2.72886848449707	-1.282579614780843E-5	1.282579614780843E-5	313.90743150936106
13881.611328125	-2.698753356933594	-1.271274231839925E-5	1.271274231839925E-5	313.90743150936106
13881.6533203125	-2.668947219848633	-1.25900114653632E-5	1.25900114653632E-5	313.90743150936106
13881.6953125	-2.638504028320312	-1.254623930435628E-5	1.254623930435628E-5	313.90743150936106
13881.7373046875	-2.608386993408203	-1.244890154339373E-5	1.244890154339373E-5	313.90743150936106
13881.779296875	-2.578578948974609	-1.22604105854407E-5	1.22604105854407E-5	313.90743150936106
13881.8212890625	-2.548116683959961	-1.221388811245561E-5	1.221388811245561E-5	313.90743150936106
13881.86328125	-2.517993927001953	-1.21178018162027E-5	1.21178018162027E-5	313.90743150936106
13881.9052734375	-2.488199234008789	-1.196157245431095E-5	1.196157245431095E-5	313.90743150936106
13881.947265625	-2.458097457885742	-1.183972926810384E-5	1.183972926810384E-5	313.90743150936106
13881.9892578125	-2.427623748779297	-1.170724863186479E-5	1.170724863186479E-5	313.90743150936106
13882.03125	-2.397830963134766	-1.158480881713331E-5	1.158480881713331E-5	313.90743150936106
13882.072265625	-2.367694854736328	-1.146231079474092E-5	1.146231079474092E-5	313.90743150936106
13882.1142578125	-2.337238311767578	-1.13402638817206E-5	1.13402638817206E-5	313.90743150936106
13882.15625	-2.307453155517578	-1.120730303227901E-5	1.120730303227901E-5	313.90743150936106
13882.1982421875	-2.277338027954102	-1.10956170829013E-5	1.10956170829013E-5	313.90743150936106
13882.240234375	-2.246852874755859	-1.097544736694545E-5	1.097544736694545E-5	313.90743150936106
13882.2822265625	-2.217075347900391	-1.084618270397186E-5	1.084618270397186E-5	313.90743150936106
13882.32421875	-2.186943054199219	-1.070721191354096E-5	1.070721191354096E-5	313.90743150936106
13882.3662109375	-2.156818389892578	-1.053037703968585E-5	1.053037703968585E-5	313.90743150936106
13882.408203125	-2.126340866088867	-1.039929338730872E-5	1.039929338730872E-5	313.90743150936106
13882.4501953125	-2.096578598022461	-1.025960955303162E-5	1.025960955303162E-5	313.90743150936106
13882.4921875	-2.066432952880859	-1.012474240269512E-5	1.012474240269512E-5	313.90743150936106
13882.5341796875	-2.03594970703125	-1.000259362626821E-5	1.000259362626821E-5	313.90743150936106
13882.630859375	-2.006460189819336	-9.856528777163476E-6	9.856528777163476E-6	313.90743150936106
13882.6728515625	-1.976318359375	-9.735364074003883E-6	9.735364074003883E-6	313.90743150936106
13882.71484375	-1.945850372314453	-9.597437383490615E-6	9.597437383490615E-6	313.90743150936106
13882.7568359375	-1.916091918945312	-9.463818059884943E-6	9.463818059884943E-6	313.90743150936106
13882.798828125	-1.885942459106445	-9.312883776146919E-6	9.312883776146919E-6	313.90743150936106
13882.8408203125	-1.856143951416016	-9.164581570075825E-6	9.164581570075825E-6	313.90743150936106
13882.8828125	-1.82568359375	-9.061284799827263E-6	9.061284799827263E-6	313.90743150936106
13882.9248046875	-1.795537948608398	-8.930237527238205E-6	8.930237527238205E-6	313.90743150936106
13882.966796875	-1.765771865844727	-8.79455910762772E-6	8.79455910762772E-6	313.90743150936106
13883.0087890625	-1.735300064086914	-8.653731129015796E-6	8.653731129015796E-6	313.90743150936106
13883.05078125	-1.705154418945312	-8.513949069310911E-6	8.513949069310911E-6	313.90743150936106
13883.0927734375	-1.67536735534668	-8.348253686563112E-6	8.348253686563112E-6	313.90743150936106
13883.134765625	-1.644887924194336	-8.170356522896327E-6	8.170356522896327E-6	313.90743150936106
13883.1767578125	-1.614738464355469	-8.026714567677118E-6	8.026714567677118E-6	313.90743150936106
13883.21875	-1.584972381591797	-7.883603757363744E-6	7.883603757363744E-6	313.90743150936106
13883.2607421875	-1.554840087890625	-7.734883183729835E-6	7.734883183729835E-6	313.90743150936106
13883.302734375	-1.524360656738281	-7.583903425256722E-6	7.583903425256722E-6	313.90743150936106
13883.3447265625	-1.494232177734375	-7.435884981532581E-6	7.435884981532581E-6	313.90743150936106
13883.38671875	-1.464439392089844	-7.280446880031377E-6	7.280446880031377E-6	313.90743150936106
13883.4287109375	-1.4339599609375	-7.127197022782639E-6	7.127197022782639E-6	313.90743150936106
13883.470703125	-1.403825759887695	-6.986289008636959E-6	6.986289008636959E-6	313.90743150936106
13883.5126953125	-1.374038696289062	-6.835152817075141E-6	6.835152817075141E-6	313.90743150936106
13883.5546875	-1.343559265136719	-6.681759259663522E-6	6.681759259663522E-6	313.90743150936106
13883.5966796875	-1.313373565673828	-6.522155672428198E-6	6.522155672428198E-6	313.90743150936106
13883.638671875	-1.283506393432617	-6.366399247781374E-6	6.366399247781374E-6	313.90743150936106
13883.6806640625	-1.253318786621094	-6.213729648152366E-6	6.213729648152366E-6	313.90743150936106
13883.72265625	-1.222787857055664	-6.046609996701591E-6	6.046609996701591E-6	313.90743150936106
13883.7646484375	-1.192911148071289	-5.885893187951297E-6	5.885893187951297E-6	313.90743150936106
13883.806640625	-1.162708282470703	-5.723293725168332E-6	5.723293725168332E-6	313.90743150936106
13883.8486328125	-1.132150650024414	-5.557696567848325E-6	5.557696567848325E-6	313.90743150936106
13883.890625	-1.102302551269531	-5.405112460721284E-6	5.405112460721284E-6	313.90743150936106
13883.9326171875	-1.07209587097168	-5.238922312855721E-6	5.238922312855721E-6	313.90743150936106
13883.974609375	-1.04156494140625	-5.078787580714561E-6	5.078787580714561E-6	313.90743150936106
13884.0166015625	-1.011695861816406	-4.918501872452907E-6	4.918501872452907E-6	313.90743150936106
13884.05859375	-0.981473922729492	-4.752677341457456E-6	4.752677341457456E-6	313.90743150936106
13884.1005859375	-0.951641082763672	-4.587478542816825E-6	4.587478542816825E-6	313.90743150936106
13884.142578125	-0.921091079711914	-4.417352101881988E-6	4.417352101881988E-6	313.90743150936106
13884.1845703125	-0.890874862670898	-4.248176992405206E-6	4.248176992405206E-6	313.90743150936106
13884.2255859375	-0.86070442199707	-4.084824468009174E-6	4.084824468009174E-6	313.90743150936106
13884.267578125	-0.83013916015625	-3.914119588444009E-6	3.914119588444009E-6	313.90743150936106
13884.3095703125	-0.800266265869141	-3.736420694622211E-6	3.736420694622211E-6	313.90743150936106
13884.3515625	-0.770090103149414	-3.574665242922492E-6	3.574665242922492E-6	313.90743150936106
13884.3935546875	-0.739519119262695	-3.403018126846291E-6	3.403018126846291E-6	313.90743150936106
13884.435546875	-0.709667205810547	-3.238001227146015E-6	3.238001227146015E-6	313.90743150936106
13884.4775390625	-0.679462432861328	-3.066363206016831E-6	3.066363206016831E-6	313.90743150936106
13884.51953125	-0.648899078369141	-2.895409124903381E-6	2.895409124903381E-6	313.90743150936106
13884.5615234375	-0.619106292724609	-2.72681427304633E-6	2.72681427304633E-6	313.90743150936106
13884.603515625	-0.588918685913086	-2.548033080529422E-6	2.548033080529422E-6	313.90743150936106
13884.6455078125	-0.55903434753418	-2.385513653280213E-6	2.385513653280213E-6	313.90743150936106
13884.6875	-0.528505325317383	-2.219232555944473E-6	2.219232555944473E-6	313.90743150936106
13884.7294921875	-0.498310089111328	-2.055448021565098E-6	2.055448021565098E-6	313.90743150936106
13884.771484375	-0.46844482421875	-1.895509740279522E-6	1.895509740279522E-6	313.90743150936106
13884.8134765625	-0.437892913818359	-1.733337740006391E-6	1.733337740006391E-6	313.90743150936106
13884.85546875	-0.407695770263672	-1.575810529175214E-6	1.575810529175214E-6	313.90743150936106
13884.8974609375	-0.377836227416992	-1.422990862920415E-6	1.422990862920415E-6	313.90743150936106
13884.939453125	-0.347301483154297	-1.269308086193632E-6	1.269308086193632E-6	313.90743150936106
13884.9814453125	-0.317085266113281	-1.125641574617475E-6	1.125641574617475E-6	313.90743150936106
13885.08203125	-0.283990859985352	-9.725127938509104E-7	9.725127938509104E-7	313.90743150936106
13885.1240234375	-0.257204055786133	-8.563778237657971E-7	8.563778237657971E-7	313.90743150936106
13885.166015625	-0.226642608642578	-7.253917146954336E-7	7.253917146954336E-7	313.90743150936106
13885.2080078125	-0.196760177612305	-6.067606364013045E-7	6.067606364013045E-7	313.90743150936106
13885.25	-0.166524887084961	-4.946563194607734E-7	4.946563194607734E-7	313.90743150936106
13885.2919921875	-0.135969161987305	-3.957993612857535E-7	3.957993612857535E-7	313.90743150936106
13885.333984375	-0.105733871459961	-3.054302624150296E-7	3.054302624150296E-7	313.90743150936106
13885.3759765625	-0.075859069824219	-2.273726522616926E-7	2.273726522616926E-7	313.90743150936106
13885.41796875	-0.045303344726562	-1.59934415933094E-7	1.59934415933094E-7	313.90743150936106
13885.4599609375	-0.015069961547852	-1.017735939967679E-7	1.017735939967679E-7	313.90743150936106
13885.501953125	0.015371322631836	-4.77898538520094E-8	4.77898538520094E-8	313.90743150936106
13885.5439453125	0.04524040222168	3.522245606291108E-9	3.522245606291108E-9	313.90743150936106
13885.5859375	0.075807571411133	6.335528723866446E-8	6.335528723866446E-8	313.90743150936106
13885.6279296875	0.106012344360352	1.374870635117986E-7	1.374870635117986E-7	313.90743150936106
13885.669921875	0.135894775390625	2.3450320441043E-7	2.3450320441043E-7	313.90743150936106
13885.7119140625	0.166469573974609	3.686141667458287E-7	3.686141667458287E-7	313.90743150936106
13885.75390625	0.196695327758789	5.562733349506743E-7	5.562733349506743E-7	313.90743150936106
13885.7958984375	0.226591110229492	8.083294460448087E-7	8.083294460448087E-7	313.90743150936106
13885.837890625	0.248327255249023	1.030839484883472E-6	1.030839484883472E-6	313.90743150936106
13885.9814453125	0.287197113037109	1.575810529175214E-6	1.575810529175214E-6	313.90743150936106
13886.0234375	0.317073822021484	2.130209395545535E-6	2.130209395545535E-6	313.90743150936106
13886.0654296875	0.347291946411133	2.860942913684994E-6	2.860942913684994E-6	313.90743150936106
13886.107421875	0.377830505371094	3.706292773131281E-6	3.706292773131281E-6	313.90743150936106
13886.1494140625	0.407703399658203	4.706099389295559E-6	4.706099389295559E-6	313.90743150936106
13886.19140625	0.437932968139648	5.970572146907216E-6	5.970572146907216E-6	313.90743150936106
13886.2333984375	0.468526840209961	7.488155915780226E-6	7.488155915780226E-6	313.90743150936106
13886.275390625	0.498756408691406	9.159570254269056E-6	9.159570254269056E-6	313.90743150936106
13886.4150390625	0.528436660766602	1.01903933682479E-5	1.01903933682479E-5	313.90743150936106
13886.45703125	0.558969497680664	1.237991818925366E-5	1.237991818925366E-5	313.90743150936106
13886.4990234375	0.589168548583984	1.459971099393442E-5	1.459971099393442E-5	313.90743150936106
13886.541015625	0.619033813476562	1.715101825539023E-5	1.715101825539023E-5	313.90743150936106
13886.5830078125	0.649171829223633	2.007938019232824E-5	2.007938019232824E-5	313.90743150936106
13886.625	0.679727554321289	2.338548802072182E-5	2.338548802072182E-5	313.90743150936106
13886.6669921875	0.709602355957031	2.677204611245543E-5	2.677204611245543E-5	313.90743150936106
13886.708984375	0.739799499511719	3.031019878108054E-5	3.031019878108054E-5	313.90743150936106
13886.7509765625	0.770345687866211	3.432488301768899E-5	3.432488301768899E-5	313.90743150936106
13886.79296875	0.800209045410156	3.857822594000027E-5	3.857822594000027E-5	313.90743150936106
13886.833984375	0.830417633056641	4.294264363124967E-5	4.294264363124967E-5	313.90743150936106
13886.8759765625	0.860973358154297	4.785202327184379E-5	4.785202327184379E-5	313.90743150936106
13886.91796875	0.890836715698242	5.282153142616153E-5	5.282153142616153E-5	313.90743150936106
13886.9599609375	0.921030044555664	5.853064794791862E-5	5.853064794791862E-5	313.90743150936106
13887.001953125	0.950916290283203	6.416048563551158E-5	6.416048563551158E-5	313.90743150936106
13887.0439453125	0.981464385986328	7.001410995144397E-5	7.001410995144397E-5	313.90743150936106
13887.0859375	1.011665344238281	7.712518709013239E-5	7.712518709013239E-5	313.90743150936106
13887.1279296875	1.041557312011719	8.334647282026708E-5	8.334647282026708E-5	313.90743150936106
13887.169921875	1.072090148925781	9.138460882240906E-5	9.138460882240906E-5	313.90743150936106
13887.2119140625	1.102300643920898	9.972840052796528E-5	9.972840052796528E-5	313.90743150936106
13887.34765625	1.131990432739258	0.000114597380161	0.000114597380161	313.90743150936106
13887.3896484375	1.162513732910156	0.000124248792417	0.000124248792417	313.90743150936106
13887.431640625	1.192722320556641	0.000135469948873	0.000135469948873	313.90743150936106
13887.4736328125	1.22259521484375	0.000147318816744	0.000147318816744	313.90743150936106
13887.5146484375	1.253114700317383	0.000161725445651	0.000161725445651	313.90743150936106
13887.556640625	1.283321380615234	0.000177626032382	0.000177626032382	313.90743150936106
13887.5986328125	1.313518524169922	0.000193448388018	0.000193448388018	313.90743150936106
13887.640625	1.343364715576172	0.000213412102312	0.000213412102312	313.90743150936106
13887.6826171875	1.373863220214844	0.00023268640507	0.00023268640507	313.90743150936106
13887.724609375	1.403997421264648	0.000256456434727	0.000256456434727	313.90743150936106
13887.7666015625	1.433769226074219	0.000285300076939	0.000285300076939	313.90743150936106
13887.80859375	1.464265823364258	0.000317618076224	0.000317618076224	313.90743150936106
13887.8505859375	1.494403839111328	0.0003557986347	0.0003557986347	313.90743150936106
13887.892578125	1.524200439453125	0.000399343844038	0.000399343844038	313.90743150936106
13887.9345703125	1.55467414855957	0.000451140338555	0.000451140338555	313.90743150936106
13887.9765625	1.584814071655273	0.000514966610353	0.000514966610353	313.90743150936106
13888.0185546875	1.614587783813477	0.000577711267397	0.000577711267397	313.90743150936106
13888.060546875	1.644744873046875	0.000643317238428	0.000643317238428	313.90743150936106
13888.1025390625	1.675191879272461	0.000720244948752	0.000720244948752	313.90743150936106
13888.14453125	1.705039978027344	0.000804998213425	0.000804998213425	313.90743150936106
13888.1865234375	1.735158920288086	0.000884154695086	0.000884154695086	313.90743150936106
13888.228515625	1.76567268371582	0.00097075564554	0.00097075564554	313.90743150936106
13888.36328125	1.795270919799805	0.001018500886858	0.001018500886858	313.90743150936106
13888.4052734375	1.825397491455078	0.001105159521103	0.001105159521103	313.90743150936106
13888.447265625	1.855861663818359	0.001205094158649	0.001205094158649	313.90743150936106
13888.4892578125	1.885662078857422	0.001312366686761	0.001312366686761	313.90743150936106
13888.53125	1.915792465209961	0.00142446346581	0.00142446346581	313.90743150936106
13888.5732421875	1.945575714111328	0.001548001542687	0.001548001542687	313.90743150936106
13888.6142578125	1.97602653503418	0.001678231172264	0.001678231172264	313.90743150936106
13888.65625	2.006172180175781	0.001835112459958	0.001835112459958	313.90743150936106
13888.6982421875	2.035951614379883	0.001966968178749	0.001966968178749	313.90743150936106
13888.740234375	2.06635856628418	0.002144595608115	0.002144595608115	313.90743150936106
13888.7822265625	2.09649658203125	0.002332980744541	0.002332980744541	313.90743150936106
13888.82421875	2.126272201538086	0.002551551908255	0.002551551908255	313.90743150936106
13888.8662109375	2.156742095947266	0.002773474901915	0.002773474901915	313.90743150936106
13888.908203125	2.186895370483398	0.003002886660397	0.003002886660397	313.90743150936106
13888.9501953125	2.217018127441406	0.003248491324484	0.003248491324484	313.90743150936106
13888.9921875	2.246801376342773	0.003423603251576	0.003423603251576	313.90743150936106
13889.0341796875	2.27729606628418	0.003663009032607	0.003663009032607	313.90743150936106
13889.076171875	2.307392120361328	0.003810026682913	0.003810026682913	313.90743150936106
13889.1181640625	2.337177276611328	0.004048693925142	0.004048693925142	313.90743150936106
13889.16015625	2.367658615112305	0.00419893860817	0.00419893860817	313.90743150936106
13889.2021484375	2.397796630859375	0.004303599707782	0.004303599707782	313.90743150936106
13889.244140625	2.427627563476562	0.004878742620349	0.004878742620349	313.90743150936106
13889.2861328125	2.458108901977539	0.005113442894071	0.005113442894071	313.90743150936106
13889.328125	2.488235473632812	0.005303433630615	0.005303433630615	313.90743150936106
13889.3701171875	2.51800537109375	0.005498063284904	0.005498063284904	313.90743150936106
13889.412109375	2.548154830932617	0.005735141225159	0.005735141225159	313.90743150936106
13889.4541015625	2.578592300415039	0.006004390306771	0.006004390306771	313.90743150936106
13889.49609375	2.608348846435547	0.006223713979125	0.006223713979125	313.90743150936106
13889.5380859375	2.638492584228516	0.006543884985149	0.006543884985149	313.90743150936106
13889.580078125	2.668998718261719	0.006972505245358	0.006972505245358	313.90743150936106
13889.6220703125	2.698760986328125	0.007334213703871	0.007334213703871	313.90743150936106
13889.6640625	2.728876113891602	0.007598930504173	0.007598930504173	313.90743150936106
13889.7060546875	2.759414672851562	0.008210926316679	0.008210926316679	313.90743150936106
13889.748046875	2.789297103881836	0.008749881759286	0.008749881759286	313.90743150936106
13889.7900390625	2.819513320922852	0.009345751255751	0.009345751255751	313.90743150936106
13889.8310546875	2.849405288696289	0.00985602941364	0.00985602941364	313.90743150936106
13889.873046875	2.879968643188477	0.010278715752065	0.010278715752065	313.90743150936106
13889.9619140625	2.90995979309082	0.017133712768555	0.017133712768555	313.90743150936106
13890.00390625	2.939826965332031	0.018206991255283	0.018206991255283	313.90743150936106
13890.0458984375	2.970394134521484	0.019158221781254	0.019158221781254	313.90743150936106
13890.087890625	3.000566482543945	0.019819512963295	0.019819512963295	313.90743150936106
