[INFO]
Keithley 2400
Meas Time: 2021/1/19 16:46:18
Params: GPIB address = GPIB0::21::INSTR; DataFile = D:\工艺实验\祝世峰; Compliance  Level (0.1) = 0.100000000000000; Number of Points (5) = 200; Minimum Amplitude (1) = -3.000000000000000; Maximum Amplitude (2) = 3.000000000000000; Timeout (100000 ms) = 100000; Source Mode  (0: Voltage) = 0; 4-wire? = FALSE; delay(S) = 0.000000000000000; Start = ; 

[COMMENT]


[DATA]
time (s)	Voltage (V)	Current (A)	absCurrent (A)	Fitting Resistance (Ohms)

13487.876953125	-3.000764846801758	-4.198076203465462E-5	4.198076203465462E-5	32.778655972327499
13487.9189453125	-2.97093391418457	-4.219883703626692E-5	4.219883703626692E-5	32.778655972327499
13487.9609375	-2.940383911132812	-4.228396574035287E-5	4.228396574035287E-5	32.778655972327499
13488.0029296875	-2.910161972045898	-4.233546496834606E-5	4.233546496834606E-5	32.778655972327499
13488.044921875	-2.879970550537109	-4.237989196553826E-5	4.237989196553826E-5	32.778655972327499
13488.0869140625	-2.849767684936523	-4.241295391693711E-5	4.241295391693711E-5	32.778655972327499
13488.12890625	-2.819570541381836	-4.243577132001519E-5	4.243577132001519E-5	32.778655972327499
13488.1708984375	-2.789394378662109	-4.244734009262174E-5	4.244734009262174E-5	32.778655972327499
13488.212890625	-2.759511947631836	-4.24626050516963E-5	4.24626050516963E-5	32.778655972327499
13488.2548828125	-2.728944778442383	-4.247370816301554E-5	4.247370816301554E-5	32.778655972327499
13488.296875	-2.698835372924805	-4.248689219821244E-5	4.248689219821244E-5	32.778655972327499
13488.3388671875	-2.669050216674805	-4.248629556968808E-5	4.248629556968808E-5	32.778655972327499
13488.380859375	-2.638589859008789	-4.248270124662668E-5	4.248270124662668E-5	32.778655972327499
13488.4228515625	-2.608461380004883	-4.248639743309468E-5	4.248639743309468E-5	32.778655972327499
13488.46484375	-2.578668594360352	-4.248997720424086E-5	4.248997720424086E-5	32.778655972327499
13488.5068359375	-2.548202514648437	-4.248532059136778E-5	4.248532059136778E-5	32.778655972327499
13488.548828125	-2.518087387084961	-4.247367905918509E-5	4.247367905918509E-5	32.778655972327499
13488.5908203125	-2.488290786743164	-4.246309981681406E-5	4.246309981681406E-5	32.778655972327499
13488.6328125	-2.458171844482422	-4.246139724273235E-5	4.246139724273235E-5	32.778655972327499
13488.6748046875	-2.427700042724609	-4.245441232342273E-5	4.245441232342273E-5	32.778655972327499
13488.716796875	-2.397912979125977	-4.243999137543142E-5	4.243999137543142E-5	32.778655972327499
13488.7587890625	-2.367778778076172	-4.242151044309139E-5	4.242151044309139E-5	32.778655972327499
13488.80078125	-2.337301254272461	-4.240505222696811E-5	4.240505222696811E-5	32.778655972327499
13488.8427734375	-2.307529449462891	-4.239875124767423E-5	4.239875124767423E-5	32.778655972327499
13488.884765625	-2.277420043945312	-4.238278779666871E-5	4.238278779666871E-5	32.778655972327499
13488.9267578125	-2.246946334838867	-4.236094537191093E-5	4.236094537191093E-5	32.778655972327499
13488.96875	-2.217153549194336	-4.23347664764151E-5	4.23347664764151E-5	32.778655972327499
13489.0107421875	-2.187026977539062	-4.231472848914564E-5	4.231472848914564E-5	32.778655972327499
13489.052734375	-2.156888961791992	-4.229889600537717E-5	4.229889600537717E-5	32.778655972327499
13489.0947265625	-2.126420974731445	-4.227551107760519E-5	4.227551107760519E-5	32.778655972327499
13489.13671875	-2.096654891967773	-4.224493750371039E-5	4.224493750371039E-5	32.778655972327499
13489.1787109375	-2.066507339477539	-4.221804556436837E-5	4.221804556436837E-5	32.778655972327499
13489.220703125	-2.036041259765625	-4.219335096422583E-5	4.219335096422583E-5	32.778655972327499
13489.2626953125	-2.006338119506836	-4.216723027639091E-5	4.216723027639091E-5	32.778655972327499
13489.3046875	-1.976202011108398	-4.213371721561998E-5	4.213371721561998E-5	32.778655972327499
13489.3466796875	-1.945714950561523	-4.209655162412673E-5	4.209655162412673E-5	32.778655972327499
13489.388671875	-1.915964126586914	-4.206404264550656E-5	4.206404264550656E-5	32.778655972327499
13489.4306640625	-1.885814666748047	-4.203278513159603E-5	4.203278513159603E-5	32.778655972327499
13489.47265625	-1.856025695800781	-4.199796239845455E-5	4.199796239845455E-5	32.778655972327499
13489.5146484375	-1.825578689575195	-4.195675137452781E-5	4.195675137452781E-5	32.778655972327499
13489.556640625	-1.795431137084961	-4.191018524579704E-5	4.191018524579704E-5	32.778655972327499
13489.5986328125	-1.765666961669922	-4.187735612504184E-5	4.187735612504184E-5	32.778655972327499
13489.640625	-1.735204696655273	-4.183479177299887E-5	4.183479177299887E-5	32.778655972327499
13489.6826171875	-1.705055236816406	-4.179177631158382E-5	4.179177631158382E-5	32.778655972327499
13489.724609375	-1.675273895263672	-4.173797788098454E-5	4.173797788098454E-5	32.778655972327499
13489.7666015625	-1.644804000854492	-4.168807936366647E-5	4.168807936366647E-5	32.778655972327499
13489.80859375	-1.614664077758789	-4.164138226769865E-5	4.164138226769865E-5	32.778655972327499
13489.849609375	-1.584897994995117	-4.159522359259427E-5	4.159522359259427E-5	32.778655972327499
13489.8916015625	-1.554773330688477	-4.153448389843106E-5	4.153448389843106E-5	32.778655972327499
13489.93359375	-1.524288177490234	-4.146942228544503E-5	4.146942228544503E-5	32.778655972327499
13489.9755859375	-1.494152069091797	-4.141419776715338E-5	4.141419776715338E-5	32.778655972327499
13490.017578125	-1.464382171630859	-4.135842027608305E-5	4.135842027608305E-5	32.778655972327499
13490.0595703125	-1.433900833129883	-4.129009903408587E-5	4.129009903408587E-5	32.778655972327499
13490.1015625	-1.403774261474609	-4.12207591580227E-5	4.12207591580227E-5	32.778655972327499
13490.1435546875	-1.373992919921875	-4.115239426027983E-5	4.115239426027983E-5	32.778655972327499
13490.185546875	-1.343507766723633	-4.108541179448366E-5	4.108541179448366E-5	32.778655972327499
13490.2275390625	-1.313329696655273	-4.10135107813403E-5	4.10135107813403E-5	32.778655972327499
13490.26953125	-1.283479690551758	-4.093213647138327E-5	4.093213647138327E-5	32.778655972327499
13490.3115234375	-1.253293991088867	-4.084556712768972E-5	4.084556712768972E-5	32.778655972327499
13490.353515625	-1.222755432128906	-4.076292680110782E-5	4.076292680110782E-5	32.778655972327499
13490.3955078125	-1.192890167236328	-4.068166890647262E-5	4.068166890647262E-5	32.778655972327499
13490.4375	-1.162685394287109	-4.058683407492936E-5	4.058683407492936E-5	32.778655972327499
13490.4794921875	-1.132148742675781	-4.048793925903738E-5	4.048793925903738E-5	32.778655972327499
13490.521484375	-1.102293014526367	-4.038729821331799E-5	4.038729821331799E-5	32.778655972327499
13490.5634765625	-1.072093963623047	-4.028732655569911E-5	4.028732655569911E-5	32.778655972327499
13490.60546875	-1.041563034057617	-4.018453182652593E-5	4.018453182652593E-5	32.778655972327499
13490.6474609375	-1.011701583862305	-4.006906237918884E-5	4.006906237918884E-5	32.778655972327499
13490.689453125	-0.981473922729492	-3.995020233560354E-5	3.995020233560354E-5	32.778655972327499
13490.7314453125	-0.951658248901367	-3.983022179454565E-5	3.983022179454565E-5	32.778655972327499
13490.7734375	-0.921098709106445	-3.970747638959438E-5	3.970747638959438E-5	32.778655972327499
13490.8154296875	-0.890895843505859	-3.957538865506649E-5	3.957538865506649E-5	32.778655972327499
13490.857421875	-0.86073112487793	-3.943225601688027E-5	3.943225601688027E-5	32.778655972327499
13490.8994140625	-0.830167770385742	-3.928282239940017E-5	3.928282239940017E-5	32.778655972327499
13490.94140625	-0.800302505493164	-3.913669206667691E-5	3.913669206667691E-5	32.778655972327499
13490.9833984375	-0.770122528076172	-3.898362047038972E-5	3.898362047038972E-5	32.778655972327499
13491.025390625	-0.739555358886719	-3.881736483890563E-5	3.881736483890563E-5	32.778655972327499
13491.0673828125	-0.709724426269531	-3.864320751745254E-5	3.864320751745254E-5	32.778655972327499
13491.109375	-0.679519653320312	-3.846149775199592E-5	3.846149775199592E-5	32.778655972327499
13491.1513671875	-0.648960113525391	-3.827647014986724E-5	3.827647014986724E-5	32.778655972327499
13491.193359375	-0.619173049926758	-3.808237670455128E-5	3.808237670455128E-5	32.778655972327499
13491.2353515625	-0.588981628417969	-3.787288733292371E-5	3.787288733292371E-5	32.778655972327499
13491.27734375	-0.559114456176758	-3.765487053897232E-5	3.765487053897232E-5	32.778655972327499
13491.3193359375	-0.528587341308594	-3.743158595170826E-5	3.743158595170826E-5	32.778655972327499
13491.361328125	-0.498386383056641	-3.719360393006355E-5	3.719360393006355E-5	32.778655972327499
13491.4033203125	-0.468523025512695	-3.694825863931328E-5	3.694825863931328E-5	32.778655972327499
13491.4453125	-0.437978744506836	-3.667469718493521E-5	3.667469718493521E-5	32.778655972327499
13491.4873046875	-0.407773971557617	-3.639586793724447E-5	3.639586793724447E-5	32.778655972327499
13491.529296875	-0.377918243408203	-3.611194551922381E-5	3.611194551922381E-5	32.778655972327499
13491.5712890625	-0.347385406494141	-3.580347402021289E-5	3.580347402021289E-5	32.778655972327499
13491.61328125	-0.317184448242187	-3.547461528796703E-5	3.547461528796703E-5	32.778655972327499
13491.6552734375	-0.287319183349609	-3.513082629069686E-5	3.513082629069686E-5	32.778655972327499
13491.697265625	-0.257112503051758	-3.477046266198158E-5	3.477046266198158E-5	32.778655972327499
13491.7392578125	-0.226572036743164	-3.438719431869686E-5	3.438719431869686E-5	32.778655972327499
13491.78125	-0.19671630859375	-3.398576518520713E-5	3.398576518520713E-5	32.778655972327499
13491.8232421875	-0.166526794433594	-3.354731597937644E-5	3.354731597937644E-5	32.778655972327499
13491.865234375	-0.135974884033203	-3.308012674096972E-5	3.308012674096972E-5	32.778655972327499
13491.9072265625	-0.105764389038086	-3.259458753746003E-5	3.259458753746003E-5	32.778655972327499
13491.94921875	-0.075918197631836	-3.208397538401186E-5	3.208397538401186E-5	32.778655972327499
13491.9912109375	-0.045370101928711	-3.151517012156546E-5	3.151517012156546E-5	32.778655972327499
13492.033203125	-0.015159606933594	-3.091052349191159E-5	3.091052349191159E-5	32.778655972327499
13492.0751953125	0.015289306640625	-3.025459591299295E-5	3.025459591299295E-5	32.778655972327499
13492.1171875	0.045160293579102	-2.955435775220394E-5	2.955435775220394E-5	32.778655972327499
13492.1591796875	0.075725555419922	-2.872367622330785E-5	2.872367622330785E-5	32.778655972327499
13492.201171875	0.105901718139648	-2.76796636171639E-5	2.76796636171639E-5	32.778655972327499
13492.2431640625	0.135766983032227	-2.61244858847931E-5	2.61244858847931E-5	32.778655972327499
13492.28515625	0.166337966918945	-2.305609814357013E-5	2.305609814357013E-5	32.778655972327499
13492.3271484375	0.196517944335937	-1.580813841428608E-5	1.580813841428608E-5	32.778655972327499
13492.423828125	0.226474761962891	3.568848114809953E-6	3.568848114809953E-6	32.778655972327499
13492.5634765625	0.257070541381836	5.914286884944886E-5	5.914286884944886E-5	32.778655972327499
13492.69921875	0.287181854248047	0.000206077471375	0.000206077471375	32.778655972327499
13492.7412109375	0.317121505737305	0.000534233753569	0.000534233753569	32.778655972327499
13492.875	0.347232818603516	0.001178088597953	0.001178088597953	32.778655972327499
13492.9169921875	0.377782821655273	0.00212970841676	0.00212970841676	32.778655972327499
13492.958984375	0.407657623291016	0.0033172769472	0.0033172769472	32.778655972327499
13493.0009765625	0.437881469726562	0.004703509621322	0.004703509621322	32.778655972327499
13493.04296875	0.468450546264648	0.006240428891033	0.006240428891033	32.778655972327499
13493.0849609375	0.498689651489258	0.007857793010771	0.007857793010771	32.778655972327499
13493.126953125	0.528581619262695	0.009525906294584	0.009525906294584	32.778655972327499
13493.2158203125	0.558933258056641	0.011303722858429	0.011303722858429	32.778655972327499
13493.2578125	0.58912467956543	0.013083331286907	0.013083331286907	32.778655972327499
13493.298828125	0.618989944458008	0.014878839254379	0.014878839254379	32.778655972327499
13493.3408203125	0.649127960205078	0.016714341938496	0.016714341938496	32.778655972327499
13493.3828125	0.679676055908203	0.018599823117256	0.018599823117256	32.778655972327499
13493.4248046875	0.709539413452148	0.02046088129282	0.02046088129282	32.778655972327499
13493.466796875	0.739736557006836	0.022358387708664	0.022358387708664	32.778655972327499
13493.5087890625	0.770292282104492	0.024290882050991	0.024290882050991	32.778655972327499
13493.55078125	0.800142288208008	0.026191189885139	0.026191189885139	32.778655972327499
13493.5927734375	0.830345153808594	0.028122827410698	0.028122827410698	32.778655972327499
13493.634765625	0.860902786254883	0.030085623264313	0.030085623264313	32.778655972327499
13493.6767578125	0.890764236450195	0.032011769711971	0.032011769711971	32.778655972327499
13493.71875	0.920942306518555	0.0339640006423	0.0339640006423	32.778655972327499
13493.7607421875	0.950817108154297	0.035902932286263	0.035902932286263	32.778655972327499
13493.802734375	0.981357574462891	0.037890374660492	0.037890374660492	32.778655972327499
13493.8447265625	1.011547088623047	0.039859712123871	0.039859712123871	32.778655972327499
13493.88671875	1.041427612304687	0.04181245714426	0.04181245714426	32.778655972327499
13493.9287109375	1.07196044921875	0.043810792267323	0.043810792267323	32.778655972327499
13493.970703125	1.102157592773437	0.045790046453476	0.045790046453476	32.778655972327499
13494.0126953125	1.132034301757812	0.047751598060131	0.047751598060131	32.778655972327499
13494.0546875	1.162559509277344	0.049758173525333	0.049758173525333	32.778655972327499
13494.0966796875	1.192766189575195	0.051746182143688	0.051746182143688	32.778655972327499
13494.138671875	1.22264289855957	0.053713440895081	0.053713440895081	32.778655972327499
13494.1806640625	1.25316047668457	0.055724419653416	0.055724419653416	32.778655972327499
13494.22265625	1.283376693725586	0.057716086506844	0.057716086506844	32.778655972327499
13494.2646484375	1.313581466674805	0.059709958732128	0.059709958732128	32.778655972327499
13494.306640625	1.34343147277832	0.061678908765316	0.061678908765316	32.778655972327499
13494.3486328125	1.373908996582031	0.063691183924675	0.063691183924675	32.778655972327499
13494.390625	1.404045104980469	0.065681010484695	0.065681010484695	32.778655972327499
13494.4326171875	1.43382453918457	0.067645534873009	0.067645534873009	32.778655972327499
13494.474609375	1.464296340942383	0.069657489657402	0.069657489657402	32.778655972327499
13494.5166015625	1.494436264038086	0.071645811200142	0.071645811200142	32.778655972327499
13494.55859375	1.524234771728516	0.073614448308945	0.073614448308945	32.778655972327499
13494.6005859375	1.55470085144043	0.075624875724316	0.075624875724316	32.778655972327499
13494.642578125	1.584833145141602	0.077611215412617	0.077611215412617	32.778655972327499
13494.68359375	1.614616394042969	0.079570837318897	0.079570837318897	32.778655972327499
13494.7255859375	1.644748687744141	0.08155519515276	0.08155519515276	32.778655972327499
13494.767578125	1.675210952758789	0.083558708429337	0.083558708429337	32.778655972327499
13494.8095703125	1.705005645751953	0.085517972707748	0.085517972707748	32.778655972327499
13494.8515625	1.735147476196289	0.087497517466545	0.087497517466545	32.778655972327499
13494.8935546875	1.765625	0.089497685432434	0.089497685432434	32.778655972327499
13494.935546875	1.795389175415039	0.091449454426765	0.091449454426765	32.778655972327499
13494.9775390625	1.825527191162109	0.093421779572964	0.093421779572964	32.778655972327499
13495.01953125	1.855991363525391	0.095413461327553	0.095413461327553	32.778655972327499
13495.0615234375	1.885784149169922	0.097359344363213	0.097359344363213	32.778655972327499
13495.103515625	1.915922164916992	0.099325343966484	0.099325343966484	32.778655972327499
13495.1455078125	1.926326751708984	0.100003108382225	0.100003108382225	32.778655972327499
13495.1875	1.926362991333008	0.10000266879797	0.10000266879797	32.778655972327499
13495.2294921875	1.926376342773437	0.100002661347389	0.100002661347389	32.778655972327499
13495.2724609375	1.926385879516602	0.100002691149712	0.100002691149712	32.778655972327499
13495.314453125	1.926387786865234	0.100002646446228	0.100002646446228	32.778655972327499
13495.3564453125	1.926385879516602	0.100002683699131	0.100002683699131	32.778655972327499
13495.3994140625	1.926366806030273	0.10000267624855	0.10000267624855	32.778655972327499
13495.44140625	1.926361083984375	0.10000267624855	0.10000267624855	32.778655972327499
13495.4833984375	1.92634391784668	0.100002638995647	0.100002638995647	32.778655972327499
13495.525390625	1.926319122314453	0.100002661347389	0.100002661347389	32.778655972327499
13495.568359375	1.926326751708984	0.100002646446228	0.100002646446228	32.778655972327499
13495.6103515625	1.926303863525391	0.100002631545067	0.100002631545067	32.778655972327499
13495.65234375	1.926290512084961	0.10000266879797	0.10000266879797	32.778655972327499
13495.6943359375	1.926277160644531	0.10000267624855	0.10000267624855	32.778655972327499
13495.7373046875	1.926277160644531	0.10000267624855	0.10000267624855	32.778655972327499
13495.779296875	1.92626953125	0.10000266879797	0.10000266879797	32.778655972327499
13495.8212890625	1.926250457763672	0.100002646446228	0.100002646446228	32.778655972327499
13495.86328125	1.926237106323242	0.100002661347389	0.100002661347389	32.778655972327499
13495.90625	1.926225662231445	0.100002661347389	0.100002661347389	32.778655972327499
13495.9482421875	1.926197052001953	0.100002646446228	0.100002646446228	32.778655972327499
13495.990234375	1.926176071166992	0.100002646446228	0.100002646446228	32.778655972327499
13496.033203125	1.926185607910156	0.10000267624855	0.10000267624855	32.778655972327499
13496.0751953125	1.926162719726562	0.100002638995647	0.100002638995647	32.778655972327499
13496.1171875	1.926126480102539	0.100002653896809	0.100002653896809	32.778655972327499
13496.1591796875	1.926126480102539	0.100002653896809	0.100002653896809	32.778655972327499
13496.2021484375	1.926113128662109	0.100002631545067	0.100002631545067	32.778655972327499
13496.244140625	1.926105499267578	0.100002616643906	0.100002616643906	32.778655972327499
13496.2861328125	1.926080703735352	0.100002616643906	0.100002616643906	32.778655972327499
13496.328125	1.926069259643555	0.100002616643906	0.100002616643906	32.778655972327499
13496.37109375	1.92607307434082	0.100002631545067	0.100002631545067	32.778655972327499
13496.4130859375	1.92607307434082	0.100002646446228	0.100002646446228	32.778655972327499
13496.455078125	1.926069259643555	0.100002616643906	0.100002616643906	32.778655972327499
13496.4970703125	1.926080703735352	0.100002661347389	0.100002661347389	32.778655972327499
13496.5400390625	1.926057815551758	0.100002616643906	0.100002616643906	32.778655972327499
13496.58203125	1.926054000854492	0.100002646446228	0.100002646446228	32.778655972327499
13496.6240234375	1.92603874206543	0.100002646446228	0.100002646446228	32.778655972327499
