[INFO]
Keithley 2400
Meas Time: 2021/1/19 15:46:59
Params: GPIB address = GPIB0::21::INSTR; DataFile = D:\工艺实验\程宇昂; Compliance  Level (0.1) = 0.100000000000000; Number of Points (5) = 500; Minimum Amplitude (1) = -5.000000000000000; Maximum Amplitude (2) = 5.000000000000000; Timeout (100000 ms) = 100000; Source Mode  (0: Voltage) = 0; 4-wire? = FALSE; delay(S) = 0.000000000000000; Start = ; 

[COMMENT]


[DATA]
time (s)	Voltage (V)	Current (A)	absCurrent (A)	Fitting Resistance (Ohms)

9915.86328124999999	-5.001199722290039	-0.001480578444898	0.001480578444898	75.943243882605714
9915.90527343749999	-4.981016159057617	-0.001481743529439	0.001481743529439	75.943243882605714
9915.94726562499999	-4.961153030395508	-0.001482892781496	0.001482892781496	75.943243882605714
9915.98925781249999	-4.941299438476562	-0.001483365893364	0.001483365893364	75.943243882605714
9916.03124999999999	-4.921113967895508	-0.001483492553234	0.001483492553234	75.943243882605714
9916.07324218749999	-4.90125846862793	-0.00148388184607	0.00148388184607	75.943243882605714
9916.11523437499999	-4.881397247314453	-0.001484494656324	0.001484494656324	75.943243882605714
9916.15722656249999	-4.860857009887695	-0.001484756357968	0.001484756357968	75.943243882605714
9916.19921874999999	-4.840652465820312	-0.001484698615968	0.001484698615968	75.943243882605714
9916.24121093749999	-4.820869445800781	-0.001484687440097	0.001484687440097	75.943243882605714
9916.28320312499999	-4.801013946533203	-0.001485248096287	0.001485248096287	75.943243882605714
9916.32519531249999	-4.780811309814453	-0.001485526561737	0.001485526561737	75.943243882605714
9916.36718749999999	-4.760965347290039	-0.001485389657319	0.001485389657319	75.943243882605714
9916.40917968749999	-4.741128921508789	-0.001485243439674	0.001485243439674	75.943243882605714
9916.45117187499999	-4.720928192138672	-0.001485429704189	0.001485429704189	75.943243882605714
9916.49316406249999	-4.701065063476562	-0.001485855318606	0.001485855318606	75.943243882605714
9916.53515624999999	-4.681211471557617	-0.001485855318606	0.001485855318606	75.943243882605714
9916.57714843749999	-4.661008834838867	-0.001485707238317	0.001485707238317	75.943243882605714
9916.61914062499999	-4.641155242919922	-0.001485606655478	0.001485606655478	75.943243882605714
9916.66113281249999	-4.62061882019043	-0.001485980115831	0.001485980115831	75.943243882605714
9916.70312499999999	-4.60075569152832	-0.001486094668508	0.001486094668508	75.943243882605714
9916.74511718749999	-4.580558776855469	-0.001485958695412	0.001485958695412	75.943243882605714
9916.78710937499999	-4.560718536376953	-0.001485623419285	0.001485623419285	75.943243882605714
9916.82910156249999	-4.540851593017578	-0.001485730521381	0.001485730521381	75.943243882605714
9916.87109374999999	-4.520650863647461	-0.001486008986831	0.001486008986831	75.943243882605714
9916.91308593749999	-4.50079345703125	-0.001486027613282	0.001486027613282	75.943243882605714
9916.95507812499999	-4.480947494506836	-0.00148574449122	0.00148574449122	75.943243882605714
9916.99707031249999	-4.460748672485352	-0.001485451124609	0.001485451124609	75.943243882605714
9917.03906249999999	-4.440893173217773	-0.001485645771027	0.001485645771027	75.943243882605714
9917.08105468749999	-4.420698165893555	-0.001485971733928	0.001485971733928	75.943243882605714
9917.12304687499999	-4.400836944580078	-0.001485581509769	0.001485581509769	75.943243882605714
9917.16503906249999	-4.381004333496094	-0.001485352404416	0.001485352404416	75.943243882605714
9917.20703124999999	-4.360458374023437	-0.001485330983996	0.001485330983996	75.943243882605714
9917.24902343749999	-4.340597152709961	-0.001485650427639	0.001485650427639	75.943243882605714
9917.29101562499999	-4.320388793945312	-0.001485405489802	0.001485405489802	75.943243882605714
9917.33300781249999	-4.300529479980469	-0.001485109329224	0.001485109329224	75.943243882605714
9917.37499999999999	-4.280689239501953	-0.001484920270741	0.001484920270741	75.943243882605714
9917.41699218749999	-4.26048469543457	-0.00148503202945	0.00148503202945	75.943243882605714
9917.45898437499999	-4.240621566772461	-0.001485164277256	0.001485164277256	75.943243882605714
9917.50097656249999	-4.220436096191406	-0.001484871841967	0.001484871841967	75.943243882605714
9917.54296874999999	-4.200572967529297	-0.001484647393227	0.001484647393227	75.943243882605714
9917.58496093749999	-4.180727005004883	-0.001484511420131	0.001484511420131	75.943243882605714
9917.62695312499999	-4.160512924194336	-0.001484658569098	0.001484658569098	75.943243882605714
9917.66894531249999	-4.140645980834961	-0.001484641805291	0.001484641805291	75.943243882605714
9917.71093749999999	-4.120061874389648	-0.001484201289713	0.001484201289713	75.943243882605714
9917.75292968749999	-4.100164413452148	-0.00148387439549	0.00148387439549	75.943243882605714
9917.79492187499999	-4.08024787902832	-0.001484030857682	0.001484030857682	75.943243882605714
9917.83691406249999	-4.060016632080078	-0.001484039239585	0.001484039239585	75.943243882605714
9917.87890624999999	-4.040117263793945	-0.001483918167651	0.001483918167651	75.943243882605714
9917.92089843749999	-4.019878387451172	-0.001483362168074	0.001483362168074	75.943243882605714
9917.96289062499999	-3.999961853027344	-0.001483441330492	0.001483441330492	75.943243882605714
9918.00488281249999	-3.980060577392578	-0.001483389176428	0.001483389176428	75.943243882605714
9918.04687499999999	-3.959802627563477	-0.001483380794525	0.001483380794525	75.943243882605714
9918.08886718749999	-3.939903259277344	-0.001482869498432	0.001482869498432	75.943243882605714
9918.13085937499999	-3.919998168945312	-0.001482632011175	0.001482632011175	75.943243882605714
9918.17285156249999	-3.899753570556641	-0.001482739113271	0.001482739113271	75.943243882605714
9918.21484374999999	-3.879842758178711	-0.001482715830207	0.001482715830207	75.943243882605714
9918.25683593749999	-3.859270095825195	-0.001482368446887	0.001482368446887	75.943243882605714
9918.29882812499999	-3.839366912841797	-0.001482018269598	0.001482018269598	75.943243882605714
9918.34082031249999	-3.819118499755859	-0.001481893472373	0.001481893472373	75.943243882605714
9918.38281249999999	-3.799217224121094	-0.001482001505792	0.001482001505792	75.943243882605714
9918.42480468749999	-3.779304504394531	-0.001481760293245	0.001481760293245	75.943243882605714
9918.46679687499999	-3.759073257446289	-0.001481420360506	0.001481420360506	75.943243882605714
9918.50878906249999	-3.73914909362793	-0.001480966806412	0.001480966806412	75.943243882605714
9918.55078124999999	-3.71923828125	-0.001480935141444	0.001480935141444	75.943243882605714
9918.59277343749999	-3.699001312255859	-0.001480968669057	0.001480968669057	75.943243882605714
9918.63476562499999	-3.679111480712891	-0.001480744220316	0.001480744220316	75.943243882605714
9918.67675781249999	-3.659210205078125	-0.001480261795223	0.001480261795223	75.943243882605714
9918.71874999999999	-3.638952255249023	-0.001480060629547	0.001480060629547	75.943243882605714
9918.76074218749999	-3.618354797363281	-0.001479945145547	0.001479945145547	75.943243882605714
9918.80273437499999	-3.598468780517578	-0.001479851081967	0.001479851081967	75.943243882605714
9918.84472656249999	-3.578567504882812	-0.00147947575897	0.00147947575897	75.943243882605714
9918.88671874999999	-3.558305740356445	-0.001478932797909	0.001478932797909	75.943243882605714
9918.92871093749999	-3.538402557373047	-0.001478889025748	0.001478889025748	75.943243882605714
9918.97070312499999	-3.518516540527344	-0.001478871330619	0.001478871330619	75.943243882605714
9919.01269531249999	-3.498271942138672	-0.001478527672589	0.001478527672589	75.943243882605714
9919.05468749999999	-3.478353500366211	-0.001478106714785	0.001478106714785	75.943243882605714
9919.09667968749999	-3.458440780639648	-0.001477804034948	0.001477804034948	75.943243882605714
9919.13867187499999	-3.43818473815918	-0.001477661542594	0.001477661542594	75.943243882605714
9919.18066406249999	-3.418355941772461	-0.001477599143982	0.001477599143982	75.943243882605714
9919.22167968749999	-3.398113250732422	-0.001477240584791	0.001477240584791	75.943243882605714
9919.26464843749999	-3.378200531005859	-0.001476716250181	0.001476716250181	75.943243882605714
9919.30664062499999	-3.357610702514648	-0.001476346515119	0.001476346515119	75.943243882605714
9919.34863281249999	-3.337726593017578	-0.001476333476603	0.001476333476603	75.943243882605714
9919.39062499999999	-3.317827224731445	-0.001476155593991	0.001476155593991	75.943243882605714
9919.43261718749999	-3.297571182250977	-0.001475736498833	0.001475736498833	75.943243882605714
9919.47363281249999	-3.27766227722168	-0.001475128345191	0.001475128345191	75.943243882605714
9919.51562499999999	-3.25775146484375	-0.001474969089031	0.001474969089031	75.943243882605714
9919.55761718749999	-3.237516403198242	-0.001475012861192	0.001475012861192	75.943243882605714
9919.59960937499999	-3.217613220214844	-0.001474550925195	0.001474550925195	75.943243882605714
9919.64160156249999	-3.197353363037109	-0.001474020071328	0.001474020071328	75.943243882605714
9919.68359374999999	-3.177450180053711	-0.001473655924201	0.001473655924201	75.943243882605714
9919.72558593749999	-3.157554626464844	-0.001473495736718	0.001473495736718	75.943243882605714
9919.76757812499999	-3.137311935424805	-0.001473408192396	0.001473408192396	75.943243882605714
9919.80957031249999	-3.117063522338867	-0.001472753472626	0.001472753472626	75.943243882605714
9919.85156249999999	-3.096809387207031	-0.001472126692533	0.001472126692533	75.943243882605714
9919.89355468749999	-3.076902389526367	-0.001472061499953	0.001472061499953	75.943243882605714
9919.93554687499999	-3.056673049926758	-0.001471990719438	0.001471990719438	75.943243882605714
9919.97753906249999	-3.036752700805664	-0.001471354626119	0.001471354626119	75.943243882605714
9920.01953124999999	-3.016849517822266	-0.00147080142051	0.00147080142051	75.943243882605714
9920.06152343749999	-2.996591567993164	-0.001470535062253	0.001470535062253	75.943243882605714
9920.10351562499999	-2.976715087890625	-0.001470473594964	0.001470473594964	75.943243882605714
9920.14550781249999	-2.956813812255859	-0.001470182090998	0.001470182090998	75.943243882605714
9920.18749999999999	-2.936555862426758	-0.001469576731324	0.001469576731324	75.943243882605714
9920.22949218749999	-2.916645050048828	-0.00146896764636	0.00146896764636	75.943243882605714
9920.27148437499999	-2.89674186706543	-0.001468813046813	0.001468813046813	75.943243882605714
9920.31347656249999	-2.876506805419922	-0.001468693837523	0.001468693837523	75.943243882605714
9920.35546874999999	-2.85589599609375	-0.001468164846301	0.001468164846301	75.943243882605714
9920.39746093749999	-2.836004257202148	-0.001467459835112	0.001467459835112	75.943243882605714
9920.43945312499999	-2.816106796264648	-0.001466881483793	0.001466881483793	75.943243882605714
9920.48144531249999	-2.795864105224609	-0.0014667827636	0.0014667827636	75.943243882605714
9920.52343749999999	-2.775951385498047	-0.001466476358473	0.001466476358473	75.943243882605714
9920.56542968749999	-2.756040573120117	-0.001465797424316	0.001465797424316	75.943243882605714
9920.60742187499999	-2.735776901245117	-0.001465169712901	0.001465169712901	75.943243882605714
9920.64941406249999	-2.715885162353516	-0.001464784145355	0.001464784145355	75.943243882605714
9920.69140624999999	-2.696035385131836	-0.001464540138841	0.001464540138841	75.943243882605714
9920.73339843749999	-2.675834655761719	-0.001463957130909	0.001463957130909	75.943243882605714
9920.77539062499999	-2.655981063842773	-0.001463416963816	0.001463416963816	75.943243882605714
9920.81738281249999	-2.636138916015625	-0.001462566666305	0.001462566666305	75.943243882605714
9920.85937499999999	-2.615594863891602	-0.001462254673243	0.001462254673243	75.943243882605714
9920.90136718749999	-2.595394134521484	-0.001461944542825	0.001461944542825	75.943243882605714
9920.94335937499999	-2.575532913208008	-0.001461327075958	0.001461327075958	75.943243882605714
9920.98535156249999	-2.5556640625	-0.001460661180317	0.001460661180317	75.943243882605714
9921.02734374999999	-2.53547477722168	-0.001460054889321	0.001460054889321	75.943243882605714
9921.06933593749999	-2.515632629394531	-0.001459622755647	0.001459622755647	75.943243882605714
9921.11132812499999	-2.495765686035156	-0.001459152437747	0.001459152437747	75.943243882605714
9921.15332031249999	-2.475563049316406	-0.001458361744881	0.001458361744881	75.943243882605714
9921.19531249999999	-2.455717086791992	-0.001457529142499	0.001457529142499	75.943243882605714
9921.23730468749999	-2.435871124267578	-0.001457157544792	0.001457157544792	75.943243882605714
9921.27929687499999	-2.415666580200195	-0.001456785015762	0.001456785015762	75.943243882605714
9921.32128906249999	-2.395803451538086	-0.001456126570702	0.001456126570702	75.943243882605714
9921.36328124999999	-2.375600814819336	-0.001455071382225	0.001455071382225	75.943243882605714
9921.40527343749999	-2.355409622192383	-0.001454401761293	0.001454401761293	75.943243882605714
9921.44628906249999	-2.335210800170898	-0.001454085111618	0.001454085111618	75.943243882605714
9921.48828124999999	-2.315357208251953	-0.001453611068428	0.001453611068428	75.943243882605714
9921.53027343749999	-2.295494079589844	-0.001452649012208	0.001452649012208	75.943243882605714
9921.57226562499999	-2.275314331054687	-0.001451791264117	0.001451791264117	75.943243882605714
9921.61425781249999	-2.255456924438477	-0.001451332122087	0.001451332122087	75.943243882605714
9921.65624999999999	-2.235244750976562	-0.001450945623219	0.001450945623219	75.943243882605714
9921.69824218749999	-2.215385437011719	-0.001450123265386	0.001450123265386	75.943243882605714
9921.74023437499999	-2.195535659790039	-0.001448982395232	0.001448982395232	75.943243882605714
9921.78222656249999	-2.175348281860352	-0.001448288559914	0.001448288559914	75.943243882605714
9921.82421874999999	-2.155477523803711	-0.001447902061045	0.001447902061045	75.943243882605714
9921.86621093749999	-2.1356201171875	-0.00144714768976	0.00144714768976	75.943243882605714
9921.90820312499999	-2.115083694458008	-0.001446134410799	0.001446134410799	75.943243882605714
9921.95019531249999	-2.095239639282227	-0.001445121131837	0.001445121131837	75.943243882605714
9921.99218749999999	-2.075035095214844	-0.001444526016712	0.001444526016712	75.943243882605714
9922.03417968749999	-2.055171966552734	-0.001443907618523	0.001443907618523	75.943243882605714
9922.07617187499999	-2.034969329833984	-0.001443085260689	0.001443085260689	75.943243882605714
9922.11816406249999	-2.015171051025391	-0.001441941596568	0.001441941596568	75.943243882605714
9922.16015624999999	-1.995332717895508	-0.001441033557057	0.001441033557057	75.943243882605714
9922.20214843749999	-1.975130081176758	-0.001440331339836	0.001440331339836	75.943243882605714
9922.24414062499999	-1.955268859863281	-0.001439773477614	0.001439773477614	75.943243882605714
9922.28613281249999	-1.935417175292969	-0.001438510604203	0.001438510604203	75.943243882605714
9922.32812499999999	-1.91523551940918	-0.001437391154468	0.001437391154468	75.943243882605714
9922.37011718749999	-1.895362854003906	-0.001436501741409	0.001436501741409	75.943243882605714
9922.41210937499999	-1.87550163269043	-0.001435803249478	0.001435803249478	75.943243882605714
9922.45410156249999	-1.854957580566406	-0.00143491756171	0.00143491756171	75.943243882605714
9922.49609374999999	-1.834770202636719	-0.001433569006622	0.001433569006622	75.943243882605714
9922.53808593749999	-1.814910888671875	-0.001432514749467	0.001432514749467	75.943243882605714
9922.58007812499999	-1.79503059387207	-0.00143170915544	0.00143170915544	75.943243882605714
9922.62207031249999	-1.77484130859375	-0.001430714502931	0.001430714502931	75.943243882605714
9922.66406249999999	-1.754995346069336	-0.001429590396583	0.001429590396583	75.943243882605714
9922.70605468749999	-1.735157012939453	-0.001428288407624	0.001428288407624	75.943243882605714
9922.74804687499999	-1.714944839477539	-0.00142715126276	0.00142715126276	75.943243882605714
9922.79003906249999	-1.69508171081543	-0.001426327042282	0.001426327042282	75.943243882605714
9922.83203124999999	-1.675216674804687	-0.001425232738256	0.001425232738256	75.943243882605714
9922.87402343749999	-1.655025482177734	-0.001424023881555	0.001424023881555	75.943243882605714
9922.91601562499999	-1.635166168212891	-0.001422394998372	0.001422394998372	75.943243882605714
9922.95800781249999	-1.614616394042969	-0.0014214720577	0.0014214720577	75.943243882605714
9922.99999999999999	-1.594762802124023	-0.001420578919351	0.001420578919351	75.943243882605714
9923.04199218749999	-1.574579238891602	-0.001419152133167	0.001419152133167	75.943243882605714
9923.08398437499999	-1.554719924926758	-0.001417600549757	0.001417600549757	75.943243882605714
9923.12597656249999	-1.534854888916016	-0.001416258513927	0.001416258513927	75.943243882605714
9923.16796874999999	-1.514642715454102	-0.001415307633579	0.001415307633579	75.943243882605714
9923.20996093749999	-1.494796752929687	-0.00141416490078	0.00141416490078	75.943243882605714
9923.25195312499999	-1.474933624267578	-0.001412545330822	0.001412545330822	75.943243882605714
9923.29394531249999	-1.454738616943359	-0.00141076091677	0.00141076091677	75.943243882605714
9923.33496093749999	-1.43487548828125	-0.001409611664712	0.001409611664712	75.943243882605714
9923.37695312499999	-1.415019989013672	-0.0014085508883	0.0014085508883	75.943243882605714
9923.41894531249999	-1.394824981689453	-0.001406973227859	0.001406973227859	75.943243882605714
9923.46093749999999	-1.374967575073242	-0.001405117101967	0.001405117101967	75.943243882605714
9923.50292968749999	-1.354412078857422	-0.001403596252203	0.001403596252203	75.943243882605714
9923.54492187499999	-1.334539413452148	-0.00140233989805	0.00140233989805	75.943243882605714
9923.58691406249999	-1.314315795898437	-0.001400899142027	0.001400899142027	75.943243882605714
9923.62890624999999	-1.294408798217773	-0.001399017870426	0.001399017870426	75.943243882605714
9923.67089843749999	-1.274496078491211	-0.001397332176566	0.001397332176566	75.943243882605714
9923.71289062499999	-1.254264831542969	-0.001395706087351	0.001395706087351	75.943243882605714
9923.75488281249999	-1.234371185302734	-0.001394216902554	0.001394216902554	75.943243882605714
9923.79687499999999	-1.214130401611328	-0.001392363570631	0.001392363570631	75.943243882605714
9923.83886718749999	-1.194202423095703	-0.001390412449837	0.001390412449837	75.943243882605714
9923.88085937499999	-1.174299240112305	-0.001388617791235	0.001388617791235	75.943243882605714
9923.92285156249999	-1.154043197631836	-0.001386933028698	0.001386933028698	75.943243882605714
9923.96484374999999	-1.134149551391602	-0.001385113224387	0.001385113224387	75.943243882605714
9924.00683593749999	-1.113563537597656	-0.001382887363434	0.001382887363434	75.943243882605714
9924.04882812499999	-1.093647003173828	-0.001380727626383	0.001380727626383	75.943243882605714
9924.09082031249999	-1.073736190795898	-0.001378927379847	0.001378927379847	75.943243882605714
9924.13281249999999	-1.05351448059082	-0.001377099193633	0.001377099193633	75.943243882605714
9924.17480468749999	-1.033618927001953	-0.001374856568873	0.001374856568873	75.943243882605714
9924.21679687499999	-1.013359069824219	-0.001372369006276	0.001372369006276	75.943243882605714
9924.25878906249999	-0.993436813354492	-0.001370363868773	0.001370363868773	75.943243882605714
9924.30078124999999	-0.973543167114258	-0.001368413679302	0.001368413679302	75.943243882605714
9924.34277343749999	-0.953304290771484	-0.00136610865593	0.00136610865593	75.943243882605714
9924.38476562499999	-0.933387756347656	-0.001363595947623	0.001363595947623	75.943243882605714
9924.42675781249999	-0.913486480712891	-0.001360959373415	0.001360959373415	75.943243882605714
9924.46874999999999	-0.893238067626953	-0.00135862082243	0.00135862082243	75.943243882605714
9924.51074218749999	-0.87335205078125	-0.001356528140604	0.001356528140604	75.943243882605714
9924.55273437499999	-0.852754592895508	-0.001353772357106	0.001353772357106	75.943243882605714
9924.59472656249999	-0.832845687866211	-0.001350861042738	0.001350861042738	75.943243882605714
9924.63671874999999	-0.812597274780273	-0.001348291523755	0.001348291523755	75.943243882605714
9924.67871093749999	-0.792686462402344	-0.001345813274384	0.001345813274384	75.943243882605714
9924.72070312499999	-0.772789001464844	-0.001343032345176	0.001343032345176	75.943243882605714
9924.76269531249999	-0.752534866333008	-0.001340112648904	0.001340112648904	75.943243882605714
9924.80468749999999	-0.732627868652344	-0.001336970366538	0.001336970366538	75.943243882605714
9924.84667968749999	-0.712730407714844	-0.00133416429162	0.00133416429162	75.943243882605714
9924.88867187499999	-0.692489624023437	-0.001331279985607	0.001331279985607	75.943243882605714
9924.93066406249999	-0.672580718994141	-0.001328117214143	0.001328117214143	75.943243882605714
9924.97265624999999	-0.652666091918945	-0.001324587501585	0.001324587501585	75.943243882605714
9925.01464843749999	-0.632417678833008	-0.001321286894381	0.001321286894381	75.943243882605714
9925.05664062499999	-0.61189079284668	-0.001317995600402	0.001317995600402	75.943243882605714
9925.09863281249999	-0.591989517211914	-0.001314830966294	0.001314830966294	75.943243882605714
9925.14062499999999	-0.572076797485352	-0.00131098087877	0.00131098087877	75.943243882605714
9925.18261718749999	-0.551843643188477	-0.001307094469666	0.001307094469666	75.943243882605714
9925.22460937499999	-0.531948089599609	-0.001303589902818	0.001303589902818	75.943243882605714
9925.26660156249999	-0.512048721313477	-0.001299967058003	0.001299967058003	75.943243882605714
9925.30859374999999	-0.491775512695312	-0.001295999623835	0.001295999623835	75.943243882605714
9925.35058593749999	-0.471883773803711	-0.00129175465554	0.00129175465554	75.943243882605714
9925.39257812499999	-0.451967239379883	-0.00128757674247	0.00128757674247	75.943243882605714
9925.43457031249999	-0.431726455688477	-0.001283491030335	0.001283491030335	75.943243882605714
9925.47656249999999	-0.411825180053711	-0.001279102638364	0.001279102638364	75.943243882605714
9925.51855468749999	-0.391574859619141	-0.001274401322007	0.001274401322007	75.943243882605714
9925.56054687499999	-0.371662139892578	-0.001269556581974	0.001269556581974	75.943243882605714
9925.60253906249999	-0.351089477539062	-0.001264715567231	0.001264715567231	75.943243882605714
9925.64453124999999	-0.331193923950195	-0.001260028220713	0.001260028220713	75.943243882605714
9925.68554687499999	-0.311271667480469	-0.001254932954907	0.001254932954907	75.943243882605714
9925.72753906249999	-0.291019439697266	-0.001249337568879	0.001249337568879	75.943243882605714
9925.76953124999999	-0.271112442016602	-0.001243712380528	0.001243712380528	75.943243882605714
9925.81152343749999	-0.251218795776367	-0.001238175667822	0.001238175667822	75.943243882605714
9925.85351562499999	-0.230962753295898	-0.001232044771314	0.001232044771314	75.943243882605714
9925.89550781249999	-0.211057662963867	-0.001225301995873	0.001225301995873	75.943243882605714
9925.93749999999999	-0.190801620483398	-0.001217351295054	0.001217351295054	75.943243882605714
9925.97949218749999	-0.170923233032227	-0.001208082772791	0.001208082772791	75.943243882605714
9926.02148437499999	-0.151016235351562	-0.00119664054364	0.00119664054364	75.943243882605714
9926.06347656249999	-0.130756378173828	-0.001180583611131	0.001180583611131	75.943243882605714
9926.10546874999999	-0.110511779785156	-0.001158120110631	0.001158120110631	75.943243882605714
9926.14746093749999	-0.090267181396484	-0.001127975992858	0.001127975992858	75.943243882605714
9926.18945312499999	-0.070365905761719	-0.00109042134136	0.00109042134136	75.943243882605714
9926.23144531249999	-0.050449371337891	-0.001044826582074	0.001044826582074	75.943243882605714
9926.32031249999999	-0.030416488647461	-0.000991159467958	0.000991159467958	75.943243882605714
9926.36230468749999	-0.010509490966797	-0.000933114090003	0.000933114090003	75.943243882605714
9926.40527343749999	0.010061264038086	-0.000866866321303	0.000866866321303	75.943243882605714
9926.44726562499999	0.030311584472656	-0.000799008063041	0.000799008063041	75.943243882605714
9926.48925781249999	0.050233840942383	-0.000728006591089	0.000728006591089	75.943243882605714
9926.53124999999999	0.070165634155273	-0.000654115341604	0.000654115341604	75.943243882605714
9926.57324218749999	0.090425491333008	-0.000576640013605	0.000576640013605	75.943243882605714
9926.61523437499999	0.110330581665039	-0.000498216715641	0.000498216715641	75.943243882605714
9926.65722656249999	0.130945205688477	-0.000414998619817	0.000414998619817	75.943243882605714
9926.69921874999999	0.150869369506836	-0.000332715804689	0.000332715804689	75.943243882605714
9926.74121093749999	0.170795440673828	-0.000248751835898	0.000248751835898	75.943243882605714
9926.78320312499999	0.191057205200195	-0.000161712989211	0.000161712989211	75.943243882605714
9926.87597656249999	0.210836410522461	-7.329964137170464E-5	7.329964137170464E-5	75.943243882605714
9927.07031249999999	0.23126220703125	1.756798155838624E-5	1.756798155838624E-5	75.943243882605714
9927.20605468749999	0.251153945922852	0.00010989268776	0.00010989268776	75.943243882605714
9927.24804687499999	0.271066665649414	0.000204718438908	0.000204718438908	75.943243882605714
9927.29003906249999	0.291326522827148	0.000307967420667	0.000307967420667	75.943243882605714
9927.33203124999999	0.311264038085937	0.00041816191515	0.00041816191515	75.943243882605714
9927.37402343749999	0.331199645996094	0.000541276007425	0.000541276007425	75.943243882605714
9927.41601562499999	0.351476669311523	0.000685624778271	0.000685624778271	75.943243882605714
9927.45800781249999	0.371395111083984	0.000852999975905	0.000852999975905	75.943243882605714
9927.59179687499999	0.391838073730469	0.001061078161001	0.001061078161001	75.943243882605714
9927.63378906249999	0.411739349365234	0.001291813328862	0.001291813328862	75.943243882605714
9927.67578124999999	0.432016372680664	0.001559095457196	0.001559095457196	75.943243882605714
9927.71777343749999	0.451910018920898	0.001849262975156	0.001849262975156	75.943243882605714
9927.75976562499999	0.471832275390625	0.002162954770029	0.002162954770029	75.943243882605714
9927.80175781249999	0.49207878112793	0.0025016637519	0.0025016637519	75.943243882605714
9927.84374999999999	0.511991500854492	0.002850810997188	0.002850810997188	75.943243882605714
9927.88574218749999	0.531896591186523	0.003212860785425	0.003212860785425	75.943243882605714
9927.92773437499999	0.552131652832031	0.003592014312744	0.003592014312744	75.943243882605714
9927.96972656249999	0.572044372558594	0.003974271938205	0.003974271938205	75.943243882605714
9928.01171874999999	0.591964721679687	0.004364119842649	0.004364119842649	75.943243882605714
9928.05371093749999	0.612216949462891	0.004767099395394	0.004767099395394	75.943243882605714
9928.09570312499999	0.632797241210937	0.005182901397347	0.005182901397347	75.943243882605714
9928.13769531249999	0.652654647827148	0.005588407162577	0.005588407162577	75.943243882605714
9928.17968749999999	0.672573089599609	0.00599947059527	0.00599947059527	75.943243882605714
9928.22167968749999	0.692840576171875	0.006421584635973	0.006421584635973	75.943243882605714
9928.26367187499999	0.712753295898437	0.006839233450592	0.006839233450592	75.943243882605714
9928.30566406249999	0.732646942138672	0.007259523496032	0.007259523496032	75.943243882605714
9928.34765624999999	0.752897262573242	0.007690036203712	0.007690036203712	75.943243882605714
9928.38964843749999	0.772821426391602	0.008115895092487	0.008115895092487	75.943243882605714
9928.43164062499999	0.792728424072266	0.008543634787202	0.008543634787202	75.943243882605714
9928.47363281249999	0.812976837158203	0.008980490267277	0.008980490267277	75.943243882605714
9928.51562499999999	0.832897186279297	0.009412136860192	0.009412136860192	75.943243882605714
9928.55761718749999	0.852806091308594	0.009844878688455	0.009844878688455	75.943243882605714
9928.59960937499999	0.873077392578125	0.010287775658071	0.010287775658071	75.943243882605714
9928.68749999999999	0.893459320068359	0.010739482939243	0.010739482939243	75.943243882605714
9928.72949218749999	0.913360595703125	0.011174976825714	0.011174976825714	75.943243882605714
9928.77148437499999	0.933259963989258	0.011613383889198	0.011613383889198	75.943243882605714
9928.81347656249999	0.953519821166992	0.012060299515724	0.012060299515724	75.943243882605714
9928.85546874999999	0.973407745361328	0.012500457465649	0.012500457465649	75.943243882605714
9928.89746093749999	0.993312835693359	0.012941554188728	0.012941554188728	75.943243882605714
9928.93945312499999	1.013566970825195	0.013391025364399	0.013391025364399	75.943243882605714
9928.98144531249999	1.033473968505859	0.013834320008755	0.013834320008755	75.943243882605714
9929.02343749999999	1.053380966186523	0.014277666807175	0.014277666807175	75.943243882605714
9929.06542968749999	1.073625564575195	0.014729730784893	0.014729730784893	75.943243882605714
9929.10742187499999	1.093530654907227	0.015175007283688	0.015175007283688	75.943243882605714
9929.14941406249999	1.113426208496094	0.015620656311512	0.015620656311512	75.943243882605714
9929.19140624999999	1.134031295776367	0.016082048416138	0.016082048416138	75.943243882605714
9929.23339843749999	1.154266357421875	0.016536504030228	0.016536504030228	75.943243882605714
9929.27539062499999	1.174175262451172	0.016984067857265	0.016984067857265	75.943243882605714
9929.31738281249999	1.194072723388672	0.017431691288948	0.017431691288948	75.943243882605714
9929.35937499999999	1.214328765869141	0.017888225615025	0.017888225615025	75.943243882605714
9929.40136718749999	1.234233856201172	0.018337227404118	0.018337227404118	75.943243882605714
9929.44335937499999	1.254125595092773	0.018786378204823	0.018786378204823	75.943243882605714
9929.48535156249999	1.274372100830078	0.019243866205215	0.019243866205215	75.943243882605714
9929.52734374999999	1.294273376464844	0.019694440066814	0.019694440066814	75.943243882605714
9929.56933593749999	1.314182281494141	0.02014496922493	0.02014496922493	75.943243882605714
9929.61132812499999	1.334421157836914	0.020603254437447	0.020603254437447	75.943243882605714
9929.65332031249999	1.354301452636719	0.021053873002529	0.021053873002529	75.943243882605714
9929.69531249999999	1.374156951904297	0.02150484919548	0.02150484919548	75.943243882605714
9929.73730468749999	1.394720077514648	0.02197203040123	0.02197203040123	75.943243882605714
9929.77929687499999	1.4149169921875	0.022431544959545	0.022431544959545	75.943243882605714
9929.82128906249999	1.434755325317383	0.02288269251585	0.02288269251585	75.943243882605714
9929.86230468749999	1.454618453979492	0.023333981633186	0.023333981633186	75.943243882605714
9929.90429687499999	1.474826812744141	0.023793801665306	0.023793801665306	75.943243882605714
9929.94628906249999	1.494684219360352	0.024245753884315	0.024245753884315	75.943243882605714
9929.98828124999999	1.514530181884766	0.024698473513126	0.024698473513126	75.943243882605714
9930.03027343749999	1.53474235534668	0.025159351527691	0.025159351527691	75.943243882605714
9930.07226562499999	1.554603576660156	0.025611788034439	0.025611788034439	75.943243882605714
9930.11425781249999	1.574468612670898	0.026064679026604	0.026064679026604	75.943243882605714
9930.15624999999999	1.594669342041016	0.026526048779488	0.026526048779488	75.943243882605714
9930.19824218749999	1.614513397216797	0.026978671550751	0.026978671550751	75.943243882605714
9930.24023437499999	1.63505744934082	0.027448140084743	0.027448140084743	75.943243882605714
9930.28222656249999	1.654914855957031	0.027902618050575	0.027902618050575	75.943243882605714
9930.32421874999999	1.675104141235352	0.028364323079586	0.028364323079586	75.943243882605714
9930.36621093749999	1.694963455200195	0.028818137943745	0.028818137943745	75.943243882605714
9930.40820312499999	1.714828491210937	0.029272310435772	0.029272310435772	75.943243882605714
9930.45019531249999	1.735036849975586	0.029733896255493	0.029733896255493	75.943243882605714
9930.49218749999999	1.75489616394043	0.030188374221325	0.030188374221325	75.943243882605714
9930.53417968749999	1.774745941162109	0.030643053352833	0.030643053352833	75.943243882605714
9930.57617187499999	1.794944763183594	0.031105138361454	0.031105138361454	75.943243882605714
9930.61816406249999	1.814804077148437	0.031559810042381	0.031559810042381	75.943243882605714
9930.66015624999999	1.835010528564453	0.03202286362648	0.03202286362648	75.943243882605714
9930.70214843749999	1.854852676391602	0.032478265464306	0.032478265464306	75.943243882605714
9930.74414062499999	1.874710083007812	0.032933235168457	0.032933235168457	75.943243882605714
9930.78613281249999	1.895248413085937	0.033404797315598	0.033404797315598	75.943243882605714
9930.82812499999999	1.915119171142578	0.033860184252262	0.033860184252262	75.943243882605714
9930.87011718749999	1.935312271118164	0.0343237221241	0.0343237221241	75.943243882605714
9930.91210937499999	1.95515251159668	0.034779109060764	0.034779109060764	75.943243882605714
9930.95410156249999	1.975008010864258	0.035235688090324	0.035235688090324	75.943243882605714
9930.99609374999999	1.995210647583008	0.035700663924217	0.035700663924217	75.943243882605714
9931.03808593749999	2.015066146850586	0.036155387759209	0.036155387759209	75.943243882605714
9931.08007812499999	2.035259246826172	0.036619149148464	0.036619149148464	75.943243882605714
9931.12207031249999	2.055051803588867	0.037074573338032	0.037074573338032	75.943243882605714
9931.16406249999999	2.074916839599609	0.037532828748226	0.037532828748226	75.943243882605714
9931.20507812499999	2.095127105712891	0.0379953160882	0.0379953160882	75.943243882605714
9931.24707031249999	2.114978790283203	0.038451947271824	0.038451947271824	75.943243882605714
9931.28906249999999	2.135509490966797	0.038924053311348	0.038924053311348	75.943243882605714
9931.33105468749999	2.155368804931641	0.039383679628372	0.039383679628372	75.943243882605714
9931.37304687499999	2.175226211547852	0.039840720593929	0.039840720593929	75.943243882605714
9931.41503906249999	2.195425033569336	0.040305003523827	0.040305003523827	75.943243882605714
9931.45703124999999	2.215276718139648	0.040762841701508	0.040762841701508	75.943243882605714
9931.49902343749999	2.235483169555664	0.041227459907532	0.041227459907532	75.943243882605714
9931.54101562499999	2.255336761474609	0.041683562099934	0.041683562099934	75.943243882605714
9931.58300781249999	2.275211334228516	0.042141601443291	0.042141601443291	75.943243882605714
9931.62499999999999	2.295402526855469	0.042608223855495	0.042608223855495	75.943243882605714
9931.66699218749999	2.31524658203125	0.043065160512924	0.043065160512924	75.943243882605714
9931.70898437499999	2.335103988647461	0.043522864580154	0.043522864580154	75.943243882605714
9931.75097656249999	2.355302810668945	0.043986856937408	0.043986856937408	75.943243882605714
9931.79296874999999	2.375154495239258	0.044442914426327	0.044442914426327	75.943243882605714
9931.83496093749999	2.395692825317383	0.044915497303009	0.044915497303009	75.943243882605714
9931.87695312499999	2.415557861328125	0.045373097062111	0.045373097062111	75.943243882605714
9931.91894531249999	2.435420989990234	0.045830056071281	0.045830056071281	75.943243882605714
9931.96093749999999	2.455617904663086	0.046295858919621	0.046295858919621	75.943243882605714
9932.00292968749999	2.475479125976562	0.046753406524658	0.046753406524658	75.943243882605714
9932.04492187499999	2.49566650390625	0.047219097614288	0.047219097614288	75.943243882605714
9932.08691406249999	2.515520095825195	0.047676458954811	0.047676458954811	75.943243882605714
9932.12890624999999	2.535388946533203	0.048132926225662	0.048132926225662	75.943243882605714
9932.17089843749999	2.555574417114258	0.048597685992718	0.048597685992718	75.943243882605714
9932.21289062499999	2.575439453125	0.049055054783821	0.049055054783821	75.943243882605714
9932.25488281249999	2.595287322998047	0.049511849880219	0.049511849880219	75.943243882605714
9932.29687499999999	2.615499496459961	0.049974635243416	0.049974635243416	75.943243882605714
9932.33886718749999	2.635692596435547	0.050437659025192	0.050437659025192	75.943243882605714
9932.38085937499999	2.65587043762207	0.050900407135487	0.050900407135487	75.943243882605714
9932.42285156249999	2.675731658935547	0.051356449723244	0.051356449723244	75.943243882605714
9932.46386718749999	2.695938110351562	0.051816910505295	0.051816910505295	75.943243882605714
9932.50585937499999	2.715799331665039	0.052271708846092	0.052271708846092	75.943243882605714
9932.54785156249999	2.73564338684082	0.05272526293993	0.05272526293993	75.943243882605714
9932.58984374999999	2.755916595458984	0.053189985454082	0.053189985454082	75.943243882605714
9932.63183593749999	2.775827407836914	0.053644701838493	0.053644701838493	75.943243882605714
9932.67382812499999	2.795743942260742	0.054100185632706	0.054100185632706	75.943243882605714
9932.71582031249999	2.815982818603516	0.05456306040287	0.05456306040287	75.943243882605714
9932.75781249999999	2.835868835449219	0.055017441511154	0.055017441511154	75.943243882605714
9932.79980468749999	2.855779647827148	0.055472411215305	0.055472411215305	75.943243882605714
9932.84179687499999	2.876039505004883	0.055935390293598	0.055935390293598	75.943243882605714
9932.88378906249999	2.896621704101562	0.0564054697752	0.0564054697752	75.943243882605714
9932.92578124999999	2.916521072387695	0.056858025491238	0.056858025491238	75.943243882605714
9932.96777343749999	2.936435699462891	0.057311750948429	0.057311750948429	75.943243882605714
9933.00976562499999	2.956687927246094	0.057772316038609	0.057772316038609	75.943243882605714
9933.05175781249999	2.976600646972656	0.058225251734257	0.058225251734257	75.943243882605714
9933.09374999999999	2.99650764465332	0.058681152760983	0.058681152760983	75.943243882605714
9933.13574218749999	3.016742706298828	0.05914381146431	0.05914381146431	75.943243882605714
9933.17773437499999	3.036645889282227	0.059598006308079	0.059598006308079	75.943243882605714
9933.21972656249999	3.056547164916992	0.060053259134293	0.060053259134293	75.943243882605714
9933.26171874999999	3.076787948608398	0.060513727366924	0.060513727366924	75.943243882605714
9933.30371093749999	3.096683502197266	0.060969606041908	0.060969606041908	75.943243882605714
9933.34570312499999	3.116594314575195	0.061425477266312	0.061425477266312	75.943243882605714
9933.38769531249999	3.137195587158203	0.061896406114101	0.061896406114101	75.943243882605714
9933.42968749999999	3.157444000244141	0.062360681593418	0.062360681593418	75.943243882605714
9933.47070312499999	3.177349090576172	0.062818728387356	0.062818728387356	75.943243882605714
9933.51269531249999	3.197244644165039	0.063281424343586	0.063281424343586	75.943243882605714
9933.55468749999999	3.217487335205078	0.063758209347725	0.063758209347725	75.943243882605714
9933.59667968749999	3.237407684326172	0.064240351319313	0.064240351319313	75.943243882605714
9933.63867187499999	3.257305145263672	0.064721465110779	0.064721465110779	75.943243882605714
9933.68066406249999	3.277544021606445	0.065205782651901	0.065205782651901	75.943243882605714
9933.72265624999999	3.297460556030273	0.06567894667387	0.06567894667387	75.943243882605714
9933.76464843749999	3.317373275756836	0.066141478717327	0.066141478717327	75.943243882605714
9933.80664062499999	3.337612152099609	0.066609546542168	0.066609546542168	75.943243882605714
9933.84863281249999	3.357498168945312	0.067069128155708	0.067069128155708	75.943243882605714
9933.89062499999999	3.377405166625977	0.067529328167439	0.067529328167439	75.943243882605714
9933.93261718749999	3.397998809814453	0.068006120622158	0.068006120622158	75.943243882605714
9933.97460937499999	3.418252944946289	0.068472743034363	0.068472743034363	75.943243882605714
9934.01660156249999	3.438156127929687	0.068931981921196	0.068931981921196	75.943243882605714
9934.05859374999999	3.457996368408203	0.069399207830429	0.069399207830429	75.943243882605714
9934.10058593749999	3.478246688842773	0.06986653059721	0.06986653059721	75.943243882605714
9934.14257812499999	3.4981689453125	0.070324026048183	0.070324026048183	75.943243882605714
9934.18457031249999	3.518051147460937	0.070771984755993	0.070771984755993	75.943243882605714
9934.22656249999999	3.538295745849609	0.07122378796339	0.07122378796339	75.943243882605714
9934.26855468749999	3.558202743530273	0.071672379970551	0.071672379970551	75.943243882605714
9934.31054687499999	3.578113555908203	0.072119981050491	0.072119981050491	75.943243882605714
9934.35156249999999	3.598361968994141	0.072574600577354	0.072574600577354	75.943243882605714
9934.39355468749999	3.618253707885742	0.073029607534409	0.073029607534409	75.943243882605714
9934.43554687499999	3.638860702514648	0.0735102891922	0.0735102891922	75.943243882605714
9934.47753906249999	3.658773422241211	0.073976159095764	0.073976159095764	75.943243882605714
9934.51953124999999	3.679031372070312	0.074437886476517	0.074437886476517	75.943243882605714
9934.56152343749999	3.698932647705078	0.074889227747917	0.074889227747917	75.943243882605714
9934.60351562499999	3.718826293945312	0.075336270034313	0.075336270034313	75.943243882605714
9934.64550781249999	3.739065170288086	0.075790174305439	0.075790174305439	75.943243882605714
9934.68749999999999	3.758981704711914	0.07623740285635	0.07623740285635	75.943243882605714
9934.72949218749999	3.778875350952148	0.076676182448864	0.076676182448864	75.943243882605714
9934.77148437499999	3.799112319946289	0.07711910456419	0.07711910456419	75.943243882605714
9934.81347656249999	3.81901741027832	0.077537260949612	0.077537260949612	75.943243882605714
9934.85546874999999	3.83892822265625	0.077995173633099	0.077995173633099	75.943243882605714
9934.89746093749999	3.85917854309082	0.078470557928085	0.078470557928085	75.943243882605714
9934.93945312499999	3.87908935546875	0.078952722251415	0.078952722251415	75.943243882605714
9934.98144531249999	3.899665832519531	0.079423993825912	0.079423993825912	75.943243882605714
9935.02343749999999	3.919572830200195	0.079850293695927	0.079850293695927	75.943243882605714
9935.06542968749999	3.939834594726562	0.080261655151844	0.080261655151844	75.943243882605714
9935.10742187499999	3.959726333618164	0.080673307180405	0.080673307180405	75.943243882605714
9935.14941406249999	3.979629516601562	0.081083469092846	0.081083469092846	75.943243882605714
9935.19140624999999	3.999893188476562	0.081523939967155	0.081523939967155	75.943243882605714
9935.23242187499999	4.019805908203125	0.081366375088692	0.081366375088692	75.943243882605714
9935.27441406249999	4.039693832397461	0.081554539501667	0.081554539501667	75.943243882605714
9935.31640624999999	4.059926986694336	0.081962563097477	0.081962563097477	75.943243882605714
9935.35839843749999	4.079828262329102	0.082394137978554	0.082394137978554	75.943243882605714
9935.40039062499999	4.10008430480957	0.082863427698612	0.082863427698612	75.943243882605714
9935.44238281249999	4.119998931884766	0.083304472267628	0.083304472267628	75.943243882605714
9935.48437499999999	4.140573501586914	0.083771347999573	0.083771347999573	75.943243882605714
9935.52636718749999	4.160455703735352	0.08417896926403	0.08417896926403	75.943243882605714
9935.56835937499999	4.180318832397461	0.084650918841362	0.084650918841362	75.943243882605714
9935.61035156249999	4.200529098510742	0.085071921348572	0.085071921348572	75.943243882605714
9935.65234374999999	4.220375061035156	0.085523918271065	0.085523918271065	75.943243882605714
9935.69433593749999	4.240222930908203	0.085936784744263	0.085936784744263	75.943243882605714
9935.73632812499999	4.260425567626953	0.086392894387245	0.086392894387245	75.943243882605714
9935.77832031249999	4.280279159545898	0.086823314428329	0.086823314428329	75.943243882605714
9935.82031249999999	4.300491333007812	0.087272323668003	0.087272323668003	75.943243882605714
9935.86230468749999	4.320352554321289	0.087720215320587	0.087720215320587	75.943243882605714
9935.90429687499999	4.340204238891602	0.088162206113338	0.088162206113338	75.943243882605714
9935.94628906249999	4.360404968261719	0.088609963655472	0.088609963655472	75.943243882605714
9935.98828124999999	4.380277633666992	0.08901996165514	0.08901996165514	75.943243882605714
9936.03027343749999	4.400810241699219	0.089462712407112	0.089462712407112	75.943243882605714
9936.07226562499999	4.420652389526367	0.089904174208641	0.089904174208641	75.943243882605714
9936.11425781249999	4.440502166748047	0.090349651873112	0.090349651873112	75.943243882605714
9936.15624999999999	4.460716247558594	0.090804159641266	0.090804159641266	75.943243882605714
9936.19824218749999	4.480560302734375	0.091248586773872	0.091248586773872	75.943243882605714
9936.23925781249999	4.500749588012695	0.091697804629803	0.091697804629803	75.943243882605714
9936.28124999999999	4.520614624023437	0.092145077884197	0.092145077884197	75.943243882605714
9936.32324218749999	4.540483474731445	0.092580057680607	0.092580057680607	75.943243882605714
9936.36523437499999	4.560680389404297	0.093258805572987	0.093258805572987	75.943243882605714
9936.40722656249999	4.580539703369141	0.094116181135178	0.094116181135178	75.943243882605714
9936.44921874999999	4.600381851196289	0.094589367508888	0.094589367508888	75.943243882605714
9936.49121093749999	4.620584487915039	0.095056004822254	0.095056004822254	75.943243882605714
9936.53320312499999	4.640781402587891	0.095532543957233	0.095532543957233	75.943243882605714
9936.57519531249999	4.660984039306641	0.095984898507595	0.095984898507595	75.943243882605714
9936.61718749999999	4.680826187133789	0.096439674496651	0.096439674496651	75.943243882605714
9936.65917968749999	4.701028823852539	0.096856988966465	0.096856988966465	75.943243882605714
9936.70117187499999	4.72089958190918	0.097302213311195	0.097302213311195	75.943243882605714
9936.74316406249999	4.740751266479492	0.097744800150394	0.097744800150394	75.943243882605714
9936.78515624999999	4.760921478271484	0.098205126821995	0.098205126821995	75.943243882605714
9936.82714843749999	4.780782699584961	0.098635375499725	0.098635375499725	75.943243882605714
9936.86914062499999	4.800643920898437	0.099052250385284	0.099052250385284	75.943243882605714
9936.91113281249999	4.82084846496582	0.099509552121162	0.099509552121162	75.943243882605714
9936.95312499999999	4.840686798095703	0.099964573979378	0.099964573979378	75.943243882605714
9936.99511718749999	4.843313217163086	0.100003242492676	0.100003242492676	75.943243882605714
9937.03710937499999	4.842458724975586	0.100002773106098	0.100002773106098	75.943243882605714
9937.07910156249999	4.841869354248047	0.100002758204937	0.100002758204937	75.943243882605714
9937.12109374999999	4.843057632446289	0.100002720952034	0.100002720952034	75.943243882605714
9937.16406249999999	4.841897964477539	0.100002765655518	0.100002765655518	75.943243882605714
9937.20605468749999	4.8414306640625	0.100002758204937	0.100002758204937	75.943243882605714
9937.24804687499999	4.841169357299805	0.100002758204937	0.100002758204937	75.943243882605714
9937.29003906249999	4.841041564941406	0.100002773106098	0.100002773106098	75.943243882605714
10143.044921875	-4.002021789550781	-0.000223904615268	0.000223904615268	32.235290881202964
10143.0869140625	-3.982128143310547	-0.000223977025598	0.000223977025598	32.235290881202964
10143.12890625	-3.961870193481445	-0.000224000308663	0.000224000308663	32.235290881202964
10143.1708984375	-3.941980361938477	-0.000223996234126	0.000223996234126	32.235290881202964
10143.212890625	-3.921728134155273	-0.00022391800303	0.00022391800303	32.235290881202964
10143.2548828125	-3.90147590637207	-0.000223843147978	0.000223843147978	32.235290881202964
10143.296875	-3.881219863891602	-0.000223767478019	0.000223767478019	32.235290881202964
10143.3388671875	-3.861330032348633	-0.000223706359975	0.000223706359975	32.235290881202964
10143.380859375	-3.841434478759766	-0.00022360868752	0.00022360868752	32.235290881202964
10143.4228515625	-3.821182250976562	-0.00022347830236	0.00022347830236	32.235290881202964
10143.46484375	-3.801279067993164	-0.000223344191909	0.000223344191909	32.235290881202964
10143.5068359375	-3.781368255615234	-0.000223260489292	0.000223260489292	32.235290881202964
10143.548828125	-3.761137008666992	-0.000223151408136	0.000223151408136	32.235290881202964
10143.5908203125	-3.741222381591797	-0.000223014852963	0.000223014852963	32.235290881202964
10143.6328125	-3.720973968505859	-0.000222858740017	0.000222858740017	32.235290881202964
10143.6748046875	-3.700710296630859	-0.000222719972953	0.000222719972953	32.235290881202964
10143.716796875	-3.680484771728516	-0.00022260309197	0.00022260309197	32.235290881202964
10143.7587890625	-3.660591125488281	-0.000222462695092	0.000222462695092	32.235290881202964
10143.80078125	-3.640670776367187	-0.000222299364395	0.000222299364395	32.235290881202964
10143.8427734375	-3.620429992675781	-0.000222121248953	0.000222121248953	32.235290881202964
10143.884765625	-3.600528717041016	-0.000221985043027	0.000221985043027	32.235290881202964
10143.9267578125	-3.580625534057617	-0.000221849419177	0.000221849419177	32.235290881202964
10143.96875	-3.560373306274414	-0.000221698079258	0.000221698079258	32.235290881202964
10144.009765625	-3.540464401245117	-0.000221502501518	0.000221502501518	32.235290881202964
10144.052734375	-3.520225524902344	-0.000221311929636	0.000221311929636	32.235290881202964
10144.0947265625	-3.499977111816406	-0.000221173046157	0.000221173046157	32.235290881202964
10144.13671875	-3.479728698730469	-0.000221015070565	0.000221015070565	32.235290881202964
10144.177734375	-3.459812164306641	-0.000220829620957	0.000220829620957	32.235290881202964
10144.2197265625	-3.439907073974609	-0.000220623682253	0.000220623682253	32.235290881202964
10144.26171875	-3.419727325439453	-0.000220433576033	0.000220433576033	32.235290881202964
10144.3037109375	-3.399833679199219	-0.000220293644816	0.000220293644816	32.235290881202964
10144.345703125	-3.37957763671875	-0.000220104004256	0.000220104004256	32.235290881202964
10144.3876953125	-3.359678268432617	-0.00021990458481	0.00021990458481	32.235290881202964
10144.4296875	-3.339784622192383	-0.000219684676267	0.000219684676267	32.235290881202964
10144.4716796875	-3.319545745849609	-0.000219510984607	0.000219510984607	32.235290881202964
10144.513671875	-3.299280166625977	-0.000219326815568	0.000219326815568	32.235290881202964
10144.5556640625	-3.279043197631836	-0.000219121808186	0.000219121808186	32.235290881202964
10144.59765625	-3.259128570556641	-0.000218896428123	0.000218896428123	32.235290881202964
10144.6396484375	-3.239225387573242	-0.000218686182052	0.000218686182052	32.235290881202964
10144.681640625	-3.218976974487305	-0.00021848466713	0.00021848466713	32.235290881202964
10144.7236328125	-3.199060440063477	-0.000218307599425	0.000218307599425	32.235290881202964
10144.765625	-3.178829193115234	-0.000218071276322	0.000218071276322	32.235290881202964
10144.8076171875	-3.158935546875	-0.000217830995098	0.000217830995098	32.235290881202964
10144.849609375	-3.139041900634766	-0.000217611319385	0.000217611319385	32.235290881202964
10144.8916015625	-3.118776321411133	-0.000217407476157	0.000217407476157	32.235290881202964
10144.93359375	-3.098527908325195	-0.000217189197429	0.000217189197429	32.235290881202964
10144.9755859375	-3.078269958496094	-0.000216943444684	0.000216943444684	32.235290881202964
10145.017578125	-3.058382034301758	-0.000216698972508	0.000216698972508	32.235290881202964
10145.0595703125	-3.038469314575195	-0.000216461252421	0.000216461252421	32.235290881202964
10145.1015625	-3.018220901489258	-0.000216252636164	0.000216252636164	32.235290881202964
10145.1435546875	-2.998319625854492	-0.000216013169847	0.000216013169847	32.235290881202964
10145.185546875	-2.978078842163086	-0.000215749721974	0.000215749721974	32.235290881202964
10145.2275390625	-2.958179473876953	-0.000215485226363	0.000215485226363	32.235290881202964
10145.26953125	-2.938272476196289	-0.000215255888179	0.000215255888179	32.235290881202964
10145.3115234375	-2.91802978515625	-0.000215026317164	0.000215026317164	32.235290881202964
10145.353515625	-2.897781372070312	-0.000214758678339	0.000214758678339	32.235290881202964
10145.3955078125	-2.877527236938477	-0.000214458443224	0.000214458443224	32.235290881202964
10145.4375	-2.857625961303711	-0.00021421641577	0.00021421641577	32.235290881202964
10145.4794921875	-2.837377548217773	-0.000213962397538	0.000213962397538	32.235290881202964
10145.521484375	-2.817470550537109	-0.000213720137253	0.000213720137253	32.235290881202964
10145.5634765625	-2.797580718994141	-0.000213426537812	0.000213426537812	32.235290881202964
10145.60546875	-2.777328491210937	-0.000213128631003	0.000213128631003	32.235290881202964
10145.6474609375	-2.757415771484375	-0.000212858431041	0.000212858431041	32.235290881202964
10145.689453125	-2.737499237060547	-0.000212604762055	0.000212604762055	32.235290881202964
10145.7314453125	-2.717260360717773	-0.000212331302464	0.000212331302464	32.235290881202964
10145.7734375	-2.697059631347656	-0.000212023383938	0.000212023383938	32.235290881202964
10145.8154296875	-2.67686653137207	-0.000211705570109	0.000211705570109	32.235290881202964
10145.857421875	-2.657014846801758	-0.0002114380477	0.0002114380477	32.235290881202964
10145.8994140625	-2.636819839477539	-0.000211166567169	0.000211166567169	32.235290881202964
10145.94140625	-2.616979598999023	-0.000210859114304	0.000210859114304	32.235290881202964
10145.9833984375	-2.597099304199219	-0.000210526864976	0.000210526864976	32.235290881202964
10146.025390625	-2.576911926269531	-0.000210215570405	0.000210215570405	32.235290881202964
10146.0673828125	-2.557041168212891	-0.000209935591556	0.000209935591556	32.235290881202964
10146.109375	-2.537199020385742	-0.000209646532312	0.000209646532312	32.235290881202964
10146.1513671875	-2.517000198364258	-0.000209301710129	0.000209301710129	32.235290881202964
10146.193359375	-2.496797561645508	-0.000208962825127	0.000208962825127	32.235290881202964
10146.2353515625	-2.476589202880859	-0.000208642915823	0.000208642915823	32.235290881202964
10146.27734375	-2.456752777099609	-0.000208326615393	0.000208326615393	32.235290881202964
10146.3193359375	-2.436569213867187	-0.000208007288165	0.000208007288165	32.235290881202964
10146.361328125	-2.416692733764648	-0.000207658158615	0.000207658158615	32.235290881202964
10146.4033203125	-2.396842956542969	-0.000207314267755	0.000207314267755	32.235290881202964
10146.4453125	-2.376630783081055	-0.000206988421269	0.000206988421269	32.235290881202964
10146.4873046875	-2.356790542602539	-0.000206669908948	0.000206669908948	32.235290881202964
10146.529296875	-2.33692741394043	-0.000206309952773	0.000206309952773	32.235290881202964
10146.5712890625	-2.316732406616211	-0.000205931486562	0.000205931486562	32.235290881202964
10146.61328125	-2.296180725097656	-0.000205562566407	0.000205562566407	32.235290881202964
10146.6552734375	-2.276336669921875	-0.000205224845558	0.000205224845558	32.235290881202964
10146.697265625	-2.256492614746094	-0.000204876065254	0.000204876065254	32.235290881202964
10146.7392578125	-2.236274719238281	-0.000204490846954	0.000204490846954	32.235290881202964
10146.78125	-2.216426849365234	-0.000204105046578	0.000204105046578	32.235290881202964
10146.8232421875	-2.196567535400391	-0.000203729839996	0.000203729839996	32.235290881202964
10146.865234375	-2.176372528076172	-0.000203370116651	0.000203370116651	32.235290881202964
10146.9072265625	-2.156503677368164	-0.000202990369871	0.000202990369871	32.235290881202964
10146.94921875	-2.136655807495117	-0.000202585477382	0.000202585477382	32.235290881202964
10146.9912109375	-2.116464614868164	-0.000202172319405	0.000202172319405	32.235290881202964
10147.033203125	-2.095918655395508	-0.000201781862415	0.000201781862415	32.235290881202964
10147.07421875	-2.076065063476562	-0.000201408634894	0.000201408634894	32.235290881202964
10147.1162109375	-2.056190490722656	-0.000200990005396	0.000200990005396	32.235290881202964
10147.158203125	-2.035991668701172	-0.000200547976419	0.000200547976419	32.235290881202964
10147.2001953125	-2.016195297241211	-0.00020015030168	0.00020015030168	32.235290881202964
10147.2421875	-1.996345520019531	-0.000199745642021	0.000199745642021	32.235290881202964
10147.2841796875	-1.976139068603516	-0.000199333881028	0.000199333881028	32.235290881202964
10147.326171875	-1.956287384033203	-0.000198895926587	0.000198895926587	32.235290881202964
10147.3681640625	-1.936439514160156	-0.000198436086066	0.000198436086066	32.235290881202964
10147.41015625	-1.916255950927734	-0.00019800697919	0.00019800697919	32.235290881202964
10147.4521484375	-1.895702362060547	-0.000197570421733	0.000197570421733	32.235290881202964
10147.494140625	-1.875837326049805	-0.000197114422917	0.000197114422917	32.235290881202964
10147.5361328125	-1.855978012084961	-0.000196652603336	0.000196652603336	32.235290881202964
10147.578125	-1.835779190063477	-0.000196187174879	0.000196187174879	32.235290881202964
10147.6201171875	-1.815927505493164	-0.00019573548343	0.00019573548343	32.235290881202964
10147.662109375	-1.796070098876953	-0.000195287400857	0.000195287400857	32.235290881202964
10147.7041015625	-1.775861740112305	-0.000194793567061	0.000194793567061	32.235290881202964
10147.74609375	-1.756015777587891	-0.000194299966097	0.000194299966097	32.235290881202964
10147.7880859375	-1.736169815063477	-0.000193822197616	0.000193822197616	32.235290881202964
10147.830078125	-1.715938568115234	-0.000193348736502	0.000193348736502	32.235290881202964
10147.8720703125	-1.695407867431641	-0.000192829407752	0.000192829407752	32.235290881202964
10147.9140625	-1.675546646118164	-0.00019230786711	0.00019230786711	32.235290881202964
10147.9560546875	-1.655698776245117	-0.000191791099496	0.000191791099496	32.235290881202964
10147.998046875	-1.635486602783203	-0.000191305764019	0.000191305764019	32.235290881202964
10148.0400390625	-1.615640640258789	-0.000190796796232	0.000190796796232	32.235290881202964
10148.08203125	-1.595779418945312	-0.000190263846889	0.000190263846889	32.235290881202964
10148.1240234375	-1.575595855712891	-0.000189701095223	0.000189701095223	32.235290881202964
10148.166015625	-1.55573844909668	-0.000189174781553	0.000189174781553	32.235290881202964
10148.2080078125	-1.535869598388672	-0.000188647652976	0.000188647652976	32.235290881202964
10148.25	-1.515676498413086	-0.000188090605661	0.000188090605661	32.235290881202964
10148.2919921875	-1.49513053894043	-0.000187497935258	0.000187497935258	32.235290881202964
10148.333984375	-1.475284576416016	-0.000186922494322	0.000186922494322	32.235290881202964
10148.3759765625	-1.455410003662109	-0.00018637208268	0.00018637208268	32.235290881202964
10148.41796875	-1.435213088989258	-0.000185812008567	0.000185812008567	32.235290881202964
10148.4599609375	-1.415367126464844	-0.000185209559277	0.000185209559277	32.235290881202964
10148.501953125	-1.395513534545898	-0.000184608972631	0.000184608972631	32.235290881202964
10148.5439453125	-1.375299453735352	-0.000184002332389	0.000184002332389	32.235290881202964
10148.5859375	-1.355436325073242	-0.000183426542208	0.000183426542208	32.235290881202964
10148.6279296875	-1.335580825805664	-0.00018281780649	0.00018281780649	32.235290881202964
10148.669921875	-1.315343856811523	-0.000182177987881	0.000182177987881	32.235290881202964
10148.7119140625	-1.294763565063477	-0.00018151756376	0.00018151756376	32.235290881202964
10148.75390625	-1.274843215942383	-0.000180891831405	0.000180891831405	32.235290881202964
10148.7958984375	-1.254953384399414	-0.000180266331881	0.000180266331881	32.235290881202964
10148.837890625	-1.234718322753906	-0.000179596128874	0.000179596128874	32.235290881202964
10148.8798828125	-1.214824676513672	-0.000178913353011	0.000178913353011	32.235290881202964
10148.921875	-1.194887161254883	-0.000178247340955	0.000178247340955	32.235290881202964
10148.9638671875	-1.174655914306641	-0.000177573529072	0.000177573529072	32.235290881202964
10149.005859375	-1.154747009277344	-0.000176908331923	0.000176908331923	32.235290881202964
10149.0478515625	-1.134841918945312	-0.000176205299795	0.000176205299795	32.235290881202964
10149.08984375	-1.114601135253906	-0.000175462220795	0.000175462220795	32.235290881202964
10149.1318359375	-1.093994140625	-0.000174731947482	0.000174731947482	32.235290881202964
10149.173828125	-1.074092864990234	-0.000174034270458	0.000174034270458	32.235290881202964
10149.21484375	-1.054208755493164	-0.000173315755092	0.000173315755092	32.235290881202964
10149.2568359375	-1.033962249755859	-0.000172538915649	0.000172538915649	32.235290881202964
10149.298828125	-1.014041900634766	-0.000171790947206	0.000171790947206	32.235290881202964
10149.3408203125	-0.994134902954102	-0.000171043677256	0.000171043677256	32.235290881202964
10149.3828125	-0.973892211914062	-0.000170281156898	0.000170281156898	32.235290881202964
10149.4248046875	-0.953985214233398	-0.000169482314959	0.000169482314959	32.235290881202964
10149.466796875	-0.933736801147461	-0.00016866158694	0.00016866158694	32.235290881202964
10149.5087890625	-0.913827896118164	-0.000167881255038	0.000167881255038	32.235290881202964
10149.55078125	-0.89323616027832	-0.000167049933225	0.000167049933225	32.235290881202964
10149.5927734375	-0.873350143432617	-0.000166232464835	0.000166232464835	32.235290881202964
10149.634765625	-0.853443145751953	-0.000165370060131	0.000165370060131	32.235290881202964
10149.6767578125	-0.83319091796875	-0.00016451231204	0.00016451231204	32.235290881202964
10149.71875	-0.813282012939453	-0.000163667486049	0.000163667486049	32.235290881202964
10149.7607421875	-0.793373107910156	-0.000162811134942	0.000162811134942	32.235290881202964
10149.802734375	-0.773143768310547	-0.000161888776347	0.000161888776347	32.235290881202964
10149.8447265625	-0.753223419189453	-0.000160982017405	0.000160982017405	32.235290881202964
10149.88671875	-0.732975006103516	-0.000160077353939	0.000160077353939	32.235290881202964
10149.9287109375	-0.713081359863281	-0.000159176299348	0.000159176299348	32.235290881202964
10149.970703125	-0.69249153137207	-0.000158204114996	0.000158204114996	32.235290881202964
10150.0126953125	-0.672584533691406	-0.000157239264809	0.000157239264809	32.235290881202964
10150.0546875	-0.652667999267578	-0.000156261958182	0.000156261958182	32.235290881202964
10150.0966796875	-0.632417678833008	-0.000155290239491	0.000155290239491	32.235290881202964
10150.138671875	-0.612581253051758	-0.000154311186634	0.000154311186634	32.235290881202964
10150.1806640625	-0.592676162719727	-0.000153289060108	0.000153289060108	32.235290881202964
10150.22265625	-0.572433471679687	-0.000152231310494	0.000152231310494	32.235290881202964
10150.2646484375	-0.552539825439453	-0.000151196261868	0.000151196261868	32.235290881202964
10150.306640625	-0.532291412353516	-0.000150145147927	0.000150145147927	32.235290881202964
10150.3486328125	-0.512397766113281	-0.000149063998833	0.000149063998833	32.235290881202964
10150.390625	-0.491794586181641	-0.000147920916788	0.000147920916788	32.235290881202964
10150.4326171875	-0.471885681152344	-0.00014679657761	0.00014679657761	32.235290881202964
10150.474609375	-0.45197868347168	-0.000145685509779	0.000145685509779	32.235290881202964
10150.5166015625	-0.431735992431641	-0.000144529039972	0.000144529039972	32.235290881202964
10150.55859375	-0.411836624145508	-0.000143348821439	0.000143348821439	32.235290881202964
10150.6005859375	-0.391567230224609	-0.000142129720189	0.000142129720189	32.235290881202964
10150.642578125	-0.371667861938477	-0.000140916090459	0.000140916090459	32.235290881202964
10150.6845703125	-0.351787567138672	-0.000139703275636	0.000139703275636	32.235290881202964
10150.7265625	-0.331527709960937	-0.000138433068059	0.000138433068059	32.235290881202964
10150.7685546875	-0.311616897583008	-0.000137132476084	0.000137132476084	32.235290881202964
10150.810546875	-0.291015625	-0.000135773443617	0.000135773443617	32.235290881202964
10150.8525390625	-0.271114349365234	-0.000134469592012	0.000134469592012	32.235290881202964
10150.89453125	-0.251220703125	-0.000133131630719	0.000133131630719	32.235290881202964
10150.9365234375	-0.230966567993164	-0.000131720793433	0.000131720793433	32.235290881202964
10150.978515625	-0.211071014404297	-0.000130297499709	0.000130297499709	32.235290881202964
10151.0205078125	-0.190807342529297	-0.000128841144033	0.000128841144033	32.235290881202964
10151.0625	-0.170927047729492	-0.00012738222722	0.00012738222722	32.235290881202964
10151.1044921875	-0.151023864746094	-0.000125901307911	0.000125901307911	32.235290881202964
10151.146484375	-0.130758285522461	-0.000124331447296	0.000124331447296	32.235290881202964
10151.1884765625	-0.110868453979492	-0.000122757744975	0.000122757744975	32.235290881202964
10151.23046875	-0.090261459350586	-0.000121103716083	0.000121103716083	32.235290881202964
10151.2724609375	-0.070371627807617	-0.000119478907436	0.000119478907436	32.235290881202964
10151.314453125	-0.050455093383789	-0.000117795309052	0.000117795309052	32.235290881202964
10151.3564453125	-0.030208587646484	-0.000116036040708	0.000116036040708	32.235290881202964
10151.3984375	-0.010305404663086	-0.000114261172712	0.000114261172712	32.235290881202964
10151.4404296875	0.010211944580078	-0.000112386071123	0.000112386071123	32.235290881202964
10151.482421875	0.030445098876953	-0.000110471853986	0.000110471853986	32.235290881202964
10151.5244140625	0.05035400390625	-0.000108484295197	0.000108484295197	32.235290881202964
10151.56640625	0.070268630981445	-0.000106351450086	0.000106351450086	32.235290881202964
10151.6083984375	0.090511322021484	-0.000103944330476	0.000103944330476	32.235290881202964
10151.650390625	0.110754013061523	-0.000101079465821	0.000101079465821	32.235290881202964
10151.7431640625	0.130838394165039	-9.729004523251206E-5	9.729004523251206E-5	32.235290881202964
10151.78515625	0.150745391845703	-9.174775914289057E-5	9.174775914289057E-5	32.235290881202964
10151.8271484375	0.170686721801758	-8.243006595876068E-5	8.243006595876068E-5	32.235290881202964
10151.869140625	0.190969467163086	-6.509365630336106E-5	6.509365630336106E-5	32.235290881202964
10151.9111328125	0.210931777954102	-3.268933505751193E-5	3.268933505751193E-5	32.235290881202964
10151.953125	0.231306076049805	2.780822978820652E-5	2.780822978820652E-5	32.235290881202964
10152.0888671875	0.251180648803711	0.000160351512022	0.000160351512022	32.235290881202964
10152.130859375	0.271114349365234	0.000378875003662	0.000378875003662	32.235290881202964
10152.1728515625	0.291425704956055	0.000746129779145	0.000746129779145	32.235290881202964
10152.3076171875	0.311552047729492	0.001319332048297	0.001319332048297	32.235290881202964
10152.349609375	0.331821441650391	0.002056395635009	0.002056395635009	32.235290881202964
10152.390625	0.351749420166016	0.002945441752672	0.002945441752672	32.235290881202964
10152.4326171875	0.371648788452148	0.003962743096054	0.003962743096054	32.235290881202964
10152.474609375	0.391941070556641	0.005108426325023	0.005108426325023	32.235290881202964
10152.5166015625	0.41185188293457	0.006319283973426	0.006319283973426	32.235290881202964
10152.55859375	0.432144165039062	0.007618522737175	0.007618522737175	32.235290881202964
10152.6005859375	0.452070236206055	0.008948819711804	0.008948819711804	32.235290881202964
10152.642578125	0.472000122070312	0.010321979410946	0.010321979410946	32.235290881202964
10152.7314453125	0.492055892944336	0.011838920414448	0.011838920414448	32.235290881202964
10152.7724609375	0.512308120727539	0.01331339776516	0.01331339776516	32.235290881202964
10152.8154296875	0.532550811767578	0.014812000095844	0.014812000095844	32.235290881202964
10152.857421875	0.552436828613281	0.016304031014442	0.016304031014442	32.235290881202964
10152.8984375	0.572351455688477	0.017814993858337	0.017814993858337	32.235290881202964
10152.9404296875	0.592605590820312	0.019366435706615	0.019366435706615	32.235290881202964
10152.982421875	0.612512588500977	0.020905658602715	0.020905658602715	32.235290881202964
10153.0244140625	0.632755279541016	0.02248502522707	0.02248502522707	32.235290881202964
10153.06640625	0.652603149414062	0.024042628705502	0.024042628705502	32.235290881202964
10153.1083984375	0.672512054443359	0.025612503290176	0.025612503290176	32.235290881202964
10153.150390625	0.692768096923828	0.027232088148594	0.027232088148594	32.235290881202964
10153.1923828125	0.713022232055664	0.028855882585049	0.028855882585049	32.235290881202964
10153.234375	0.733247756958008	0.030480101704597	0.030480101704597	32.235290881202964
10153.2763671875	0.753152847290039	0.032091297209263	0.032091297209263	32.235290881202964
10153.318359375	0.773075103759766	0.033706843852997	0.033706843852997	32.235290881202964
10153.3603515625	0.79332160949707	0.035365618765354	0.035365618765354	32.235290881202964
10153.40234375	0.813220977783203	0.03701189160347	0.03701189160347	32.235290881202964
10153.4443359375	0.833141326904297	0.038660265505314	0.038660265505314	32.235290881202964
10153.486328125	0.853387832641602	0.040360368788242	0.040360368788242	32.235290881202964
10153.5283203125	0.873306274414062	0.042077034711838	0.042077034711838	32.235290881202964
10153.5703125	0.893550872802734	0.043918520212173	0.043918520212173	32.235290881202964
10153.6123046875	0.913797378540039	0.045809648931026	0.045809648931026	32.235290881202964
10153.654296875	0.934032440185547	0.047703824937344	0.047703824937344	32.235290881202964
10153.6962890625	0.953960418701172	0.049584306776524	0.049584306776524	32.235290881202964
10153.73828125	0.973848342895508	0.051473677158356	0.051473677158356	32.235290881202964
10153.7802734375	0.994091033935547	0.053377971053123	0.053377971053123	32.235290881202964
10153.822265625	1.014017105102539	0.055231168866158	0.055231168866158	32.235290881202964
10153.8642578125	1.033924102783203	0.057117640972137	0.057117640972137	32.235290881202964
10153.90625	1.054180145263672	0.059049665927887	0.059049665927887	32.235290881202964
10153.9482421875	1.074052810668945	0.060967534780502	0.060967534780502	32.235290881202964
10153.990234375	1.094318389892578	0.06290740519762	0.06290740519762	32.235290881202964
10154.0322265625	1.114568710327148	0.064850836992264	0.064850836992264	32.235290881202964
10154.07421875	1.134832382202148	0.066830977797508	0.066830977797508	32.235290881202964
10154.1162109375	1.154729843139648	0.068780601024628	0.068780601024628	32.235290881202964
10154.1572265625	1.174644470214844	0.07071728259325	0.07071728259325	32.235290881202964
10154.19921875	1.194887161254883	0.072726584970951	0.072726584970951	32.235290881202964
10154.2412109375	1.214805603027344	0.074740789830685	0.074740789830685	32.235290881202964
10154.283203125	1.234710693359375	0.076769225299358	0.076769225299358	32.235290881202964
10154.3251953125	1.254940032958984	0.078801907598972	0.078801907598972	32.235290881202964
10154.3671875	1.274852752685547	0.080787569284439	0.080787569284439	32.235290881202964
10154.4091796875	1.29510498046875	0.082851223647594	0.082851223647594	32.235290881202964
10154.451171875	1.315349578857422	0.084913074970245	0.084913074970245	32.235290881202964
10154.4931640625	1.335596084594727	0.08699993789196	0.08699993789196	32.235290881202964
10154.53515625	1.35548210144043	0.089033856987953	0.089033856987953	32.235290881202964
10154.5771484375	1.375341415405273	0.09107793867588	0.09107793867588	32.235290881202964
10154.619140625	1.395557403564453	0.093125976622105	0.093125976622105	32.235290881202964
10154.6611328125	1.415412902832031	0.095110669732094	0.095110669732094	32.235290881202964
10154.703125	1.435249328613281	0.097096130251884	0.097096130251884	32.235290881202964
10154.7451171875	1.455469131469727	0.099079631268978	0.099079631268978	32.235290881202964
10154.787109375	1.461116790771484	0.100002884864807	0.100002884864807	32.235290881202964
10154.8291015625	1.458503723144531	0.100002862513065	0.100002862513065	32.235290881202964
10154.87109375	1.456588745117187	0.100002832710743	0.100002832710743	32.235290881202964
10154.9130859375	1.455118179321289	0.100002847611904	0.100002847611904	32.235290881202964
10154.9560546875	1.453954696655273	0.100002862513065	0.100002862513065	32.235290881202964
10154.998046875	1.45283317565918	0.100002840161324	0.100002840161324	32.235290881202964
10155.0400390625	1.451770782470703	0.100002832710743	0.100002832710743	32.235290881202964
10155.0830078125	1.450691223144531	0.100002877414227	0.100002877414227	32.235290881202964
10155.125	1.448833465576172	0.100002855062485	0.100002855062485	32.235290881202964
10155.1669921875	1.447881698608398	0.100002832710743	0.100002832710743	32.235290881202964
10155.208984375	1.4471435546875	0.100002847611904	0.100002847611904	32.235290881202964
10155.251953125	1.446529388427734	0.100002832710743	0.100002832710743	32.235290881202964
10155.2939453125	1.445945739746094	0.100002802908421	0.100002802908421	32.235290881202964
10155.3359375	1.445491790771484	0.100002825260162	0.100002825260162	32.235290881202964
10155.3779296875	1.444988250732422	0.100002825260162	0.100002825260162	32.235290881202964
10155.4208984375	1.444526672363281	0.100002847611904	0.100002847611904	32.235290881202964
10155.462890625	1.444135665893555	0.100002847611904	0.100002847611904	32.235290881202964
10155.5048828125	1.443819046020508	0.100002847611904	0.100002847611904	32.235290881202964
10155.5478515625	1.443458557128906	0.100002840161324	0.100002840161324	32.235290881202964
10155.58984375	1.443124771118164	0.100002832710743	0.100002832710743	32.235290881202964
10155.6318359375	1.442865371704102	0.100002847611904	0.100002847611904	32.235290881202964
10155.673828125	1.442600250244141	0.100002869963646	0.100002869963646	32.235290881202964
10155.716796875	1.442207336425781	0.100002832710743	0.100002832710743	32.235290881202964
10155.7587890625	1.441934585571289	0.100002832710743	0.100002832710743	32.235290881202964
10155.80078125	1.441652297973633	0.100002862513065	0.100002862513065	32.235290881202964
10155.8427734375	1.441377639770508	0.100002832710743	0.100002832710743	32.235290881202964
10155.8857421875	1.441162109375	0.100002847611904	0.100002847611904	32.235290881202964
10155.927734375	1.440961837768555	0.100002847611904	0.100002847611904	32.235290881202964
10155.9697265625	1.440773010253906	0.100002869963646	0.100002869963646	32.235290881202964
10156.01171875	1.440465927124023	0.100002907216549	0.100002907216549	32.235290881202964
10156.0546875	1.440267562866211	0.100002855062485	0.100002855062485	32.235290881202964
10156.0966796875	1.440088272094727	0.100002862513065	0.100002862513065	32.235290881202964
10156.138671875	1.43986701965332	0.100002817809582	0.100002817809582	32.235290881202964
10156.1806640625	1.439695358276367	0.100002855062485	0.100002855062485	32.235290881202964
10156.2236328125	1.439458847045898	0.100002840161324	0.100002840161324	32.235290881202964
10156.265625	1.439367294311523	0.100002892315388	0.100002892315388	32.235290881202964
10156.3076171875	1.439235687255859	0.100002869963646	0.100002869963646	32.235290881202964
10156.349609375	1.439018249511719	0.100002884864807	0.100002884864807	32.235290881202964
10156.392578125	1.438961029052734	0.100002862513065	0.100002862513065	32.235290881202964
10156.4345703125	1.43878173828125	0.100002855062485	0.100002855062485	32.235290881202964
10156.4765625	1.438617706298828	0.100002862513065	0.100002862513065	32.235290881202964
10156.5185546875	1.438493728637695	0.100002832710743	0.100002832710743	32.235290881202964
10156.5615234375	1.438314437866211	0.100002832710743	0.100002832710743	32.235290881202964
10156.603515625	1.438127517700195	0.100002817809582	0.100002817809582	32.235290881202964
10156.6455078125	1.437923431396484	0.100002884864807	0.100002884864807	32.235290881202964
10156.6884765625	1.437782287597656	0.100002832710743	0.100002832710743	32.235290881202964
10156.73046875	1.437602996826172	0.100002832710743	0.100002832710743	32.235290881202964
10156.7724609375	1.437379837036133	0.100002855062485	0.100002855062485	32.235290881202964
10156.814453125	1.437284469604492	0.100002832710743	0.100002832710743	32.235290881202964
10156.857421875	1.437135696411133	0.100002817809582	0.100002817809582	32.235290881202964
10156.8994140625	1.436944961547852	0.100002832710743	0.100002832710743	32.235290881202964
10156.94140625	1.436836242675781	0.100002847611904	0.100002847611904	32.235290881202964
10156.9833984375	1.436710357666016	0.100002817809582	0.100002817809582	32.235290881202964
10157.0263671875	1.436580657958984	0.10000279545784	0.10000279545784	32.235290881202964
10157.068359375	1.436492919921875	0.100002832710743	0.100002832710743	32.235290881202964
10157.1103515625	1.436376571655273	0.100002847611904	0.100002847611904	32.235290881202964
10157.15234375	1.43623161315918	0.100002869963646	0.100002869963646	32.235290881202964
10157.1953125	1.436046600341797	0.100002869963646	0.100002869963646	32.235290881202964
10157.2373046875	1.435953140258789	0.100002877414227	0.100002877414227	32.235290881202964
10157.279296875	1.435813903808594	0.100002869963646	0.100002869963646	32.235290881202964
10157.3212890625	1.43572998046875	0.10000292211771	0.10000292211771	32.235290881202964
10157.3642578125	1.435592651367187	0.100002899765968	0.100002899765968	32.235290881202964
10157.40625	1.435489654541016	0.100002884864807	0.100002884864807	32.235290881202964
10157.4482421875	1.435373306274414	0.100002877414227	0.100002877414227	32.235290881202964
10157.490234375	1.43528938293457	0.100002862513065	0.100002862513065	32.235290881202964
10157.533203125	1.435178756713867	0.100002869963646	0.100002869963646	32.235290881202964
10157.5751953125	1.435070037841797	0.100002862513065	0.100002862513065	32.235290881202964
10157.6171875	1.434940338134766	0.100002884864807	0.100002884864807	32.235290881202964
10157.6591796875	1.434883117675781	0.100002855062485	0.100002855062485	32.235290881202964
10157.7021484375	1.434741973876953	0.100002869963646	0.100002869963646	32.235290881202964
10157.744140625	1.43461799621582	0.100002869963646	0.100002869963646	32.235290881202964
10157.7861328125	1.434549331665039	0.100002855062485	0.100002855062485	32.235290881202964
10157.828125	1.434446334838867	0.100002832710743	0.100002832710743	32.235290881202964
10157.87109375	1.434396743774414	0.100002869963646	0.100002869963646	32.235290881202964
10157.9130859375	1.434268951416016	0.100002847611904	0.100002847611904	32.235290881202964
10157.955078125	1.434164047241211	0.100002825260162	0.100002825260162	32.235290881202964
10157.9970703125	1.434097290039062	0.100002884864807	0.100002884864807	32.235290881202964
10158.0400390625	1.433986663818359	0.100002855062485	0.100002855062485	32.235290881202964
10158.08203125	1.433813095092773	0.100002825260162	0.100002825260162	32.235290881202964
10158.1240234375	1.433782577514648	0.100002825260162	0.100002825260162	32.235290881202964
10158.166015625	1.433650970458984	0.100002832710743	0.100002832710743	32.235290881202964
10158.208984375	1.433588027954102	0.100002825260162	0.100002825260162	32.235290881202964
10158.2509765625	1.433559417724609	0.100002869963646	0.100002869963646	32.235290881202964
10158.29296875	1.433504104614258	0.100002847611904	0.100002847611904	32.235290881202964
10158.3349609375	1.433467864990234	0.100002847611904	0.100002847611904	32.235290881202964
10158.3779296875	1.433387756347656	0.100002832710743	0.100002832710743	32.235290881202964
10158.419921875	1.433357238769531	0.100002832710743	0.100002832710743	32.235290881202964
10158.4619140625	1.433258056640625	0.100002832710743	0.100002832710743	32.235290881202964
10158.50390625	1.433187484741211	0.100002832710743	0.100002832710743	32.235290881202964
10158.546875	1.433143615722656	0.10000279545784	0.10000279545784	32.235290881202964
10158.5888671875	1.433086395263672	0.100002847611904	0.100002847611904	32.235290881202964
10158.630859375	1.432998657226562	0.100002825260162	0.100002825260162	32.235290881202964
10158.6728515625	1.432968139648437	0.100002825260162	0.100002825260162	32.235290881202964
10158.7158203125	1.432872772216797	0.100002802908421	0.100002802908421	32.235290881202964
10158.7578125	1.432798385620117	0.100002817809582	0.100002817809582	32.235290881202964
10158.7998046875	1.432758331298828	0.10000279545784	0.10000279545784	32.235290881202964
10158.841796875	1.43267822265625	0.100002810359001	0.100002810359001	32.235290881202964
10158.884765625	1.432611465454102	0.100002847611904	0.100002847611904	32.235290881202964
10158.9267578125	1.432540893554687	0.100002840161324	0.100002840161324	32.235290881202964
10158.96875	1.432485580444336	0.100002869963646	0.100002869963646	32.235290881202964
10159.0107421875	1.432435989379883	0.100002862513065	0.100002862513065	32.235290881202964
10159.0537109375	1.432401657104492	0.100002802908421	0.100002802908421	32.235290881202964
10159.095703125	1.43231201171875	0.100002847611904	0.100002847611904	32.235290881202964
10159.1376953125	1.432266235351562	0.100002862513065	0.100002862513065	32.235290881202964
10159.1796875	1.432205200195312	0.100002832710743	0.100002832710743	32.235290881202964
10159.22265625	1.432147979736328	0.100002869963646	0.100002869963646	32.235290881202964
10159.2646484375	1.43208122253418	0.100002869963646	0.100002869963646	32.235290881202964
10159.306640625	1.432058334350586	0.100002869963646	0.100002869963646	32.235290881202964
10159.3486328125	1.431964874267578	0.100002847611904	0.100002847611904	32.235290881202964
10159.3916015625	1.431905746459961	0.100002862513065	0.100002862513065	32.235290881202964
10159.43359375	1.431865692138672	0.100002892315388	0.100002892315388	32.235290881202964
10159.4755859375	1.431827545166016	0.100002855062485	0.100002855062485	32.235290881202964
10159.517578125	1.431772232055664	0.100002855062485	0.100002855062485	32.235290881202964
10159.560546875	1.431720733642578	0.100002884864807	0.100002884864807	32.235290881202964
10159.6025390625	1.43165397644043	0.100002862513065	0.100002862513065	32.235290881202964
10159.64453125	1.431621551513672	0.100002862513065	0.100002862513065	32.235290881202964
10159.6865234375	1.43156623840332	0.100002862513065	0.100002862513065	32.235290881202964
10159.7294921875	1.431484222412109	0.100002832710743	0.100002832710743	32.235290881202964
10159.771484375	1.431453704833984	0.100002899765968	0.100002899765968	32.235290881202964
10159.8134765625	1.431385040283203	0.100002862513065	0.100002862513065	32.235290881202964
10159.85546875	1.431367874145508	0.100002884864807	0.100002884864807	32.235290881202964
10159.8984375	1.431324005126953	0.100002862513065	0.100002862513065	32.235290881202964
10159.9404296875	1.431301116943359	0.100002855062485	0.100002855062485	32.235290881202964
10159.982421875	1.43122673034668	0.100002862513065	0.100002862513065	32.235290881202964
10160.0244140625	1.431194305419922	0.100002862513065	0.100002862513065	32.235290881202964
10160.0673828125	1.431125640869141	0.100002862513065	0.100002862513065	32.235290881202964
10160.109375	1.431102752685547	0.100002869963646	0.100002869963646	32.235290881202964
