[INFO]
Keithley 2400
Meas Time: 2021/1/19 10:54:30
Params: GPIB address = GPIB0::21::INSTR; DataFile = D:\工艺实验\程浩; Compliance  Level (0.1) = 0.100000000000000; Number of Points (5) = 100; Minimum Amplitude (1) = -3.000000000000000; Maximum Amplitude (2) = 3.000000000000000; Timeout (100000 ms) = 100000; Source Mode  (0: Voltage) = 0; 4-wire? = FALSE; delay(S) = 0.000000000000000; Start = ; 

[COMMENT]


[DATA]
time (s)	Voltage (V)	Current (A)	absCurrent (A)	Fitting Resistance (Ohms)

10637.4111328125	-3.000736236572266	-0.001280914060771	0.001280914060771	36.359382918243959
10637.453125	-2.940357208251953	-0.001281132921576	0.001281132921576	36.359382918243959
10637.4951171875	-2.879613876342773	-0.001282622106373	0.001282622106373	36.359382918243959
10637.537109375	-2.818527221679687	-0.001283066347241	0.001283066347241	36.359382918243959
10637.5791015625	-2.758119583129883	-0.001282178796828	0.001282178796828	36.359382918243959
10637.62109375	-2.697433471679687	-0.001281558535993	0.001281558535993	36.359382918243959
10637.6630859375	-2.636848449707031	-0.00128102209419	0.00128102209419	36.359382918243959
10637.705078125	-2.576578140258789	-0.001279757358134	0.001279757358134	36.359382918243959
10637.7470703125	-2.515659332275391	-0.001278741285205	0.001278741285205	36.359382918243959
10637.7890625	-2.455053329467773	-0.001278208568692	0.001278208568692	36.359382918243959
10637.8310546875	-2.394800186157227	-0.001277116127312	0.001277116127312	36.359382918243959
10637.873046875	-2.334205627441406	-0.00127555988729	0.00127555988729	36.359382918243959
10637.9150390625	-2.273286819458008	-0.001273986883461	0.001273986883461	36.359382918243959
10637.95703125	-2.213010787963867	-0.001272410154343	0.001272410154343	36.359382918243959
10637.9990234375	-2.15241813659668	-0.001270984299481	0.001270984299481	36.359382918243959
10638.041015625	-2.09217643737793	-0.00126912817359	0.00126912817359	36.359382918243959
10638.0830078125	-2.031551361083984	-0.001266955398023	0.001266955398023	36.359382918243959
10638.125	-1.970674514770508	-0.001264593563974	0.001264593563974	36.359382918243959
10638.1669921875	-1.910457611083984	-0.001262022182345	0.001262022182345	36.359382918243959
10638.208984375	-1.849826812744141	-0.00126064196229	0.00126064196229	36.359382918243959
10638.2509765625	-1.789581298828125	-0.001258732751012	0.001258732751012	36.359382918243959
10638.29296875	-1.728986740112305	-0.001255884766579	0.001255884766579	36.359382918243959
10638.333984375	-1.66802978515625	-0.001252391375601	0.001252391375601	36.359382918243959
10638.3759765625	-1.6077880859375	-0.001248934306204	0.001248934306204	36.359382918243959
10638.41796875	-1.54718017578125	-0.001243175938725	0.001243175938725	36.359382918243959
10638.4599609375	-1.486932754516602	-0.001239872537553	0.001239872537553	36.359382918243959
10638.501953125	-1.425973892211914	-0.001237825490534	0.001237825490534	36.359382918243959
10638.5439453125	-1.365379333496094	-0.00123455747962	0.00123455747962	36.359382918243959
10638.5859375	-1.305061340332031	-0.001231141388416	0.001231141388416	36.359382918243959
10638.6279296875	-1.244314193725586	-0.001226146705449	0.001226146705449	36.359382918243959
10638.669921875	-1.18358039855957	-0.001220971345901	0.001220971345901	36.359382918243959
10638.7119140625	-1.122505187988281	-0.001211942173541	0.001211942173541	36.359382918243959
10638.75390625	-1.062105178833008	-0.001209645532072	0.001209645532072	36.359382918243959
10638.7958984375	-1.001352310180664	-0.001207728870213	0.001207728870213	36.359382918243959
10638.837890625	-0.940971374511719	-0.001202631741762	0.001202631741762	36.359382918243959
10638.8798828125	-0.880245208740234	-0.00119626428932	0.00119626428932	36.359382918243959
10638.921875	-0.819141387939453	-0.001187917776406	0.001187917776406	36.359382918243959
10638.9638671875	-0.758731842041016	-0.001181634142995	0.001181634142995	36.359382918243959
10639.005859375	-0.698009490966797	-0.001175203360617	0.001175203360617	36.359382918243959
10639.0478515625	-0.637601852416992	-0.001167118549347	0.001167118549347	36.359382918243959
10639.08984375	-0.576929092407227	-0.001156579703093	0.001156579703093	36.359382918243959
10639.1318359375	-0.515867233276367	-0.001141972839832	0.001141972839832	36.359382918243959
10639.173828125	-0.455442428588867	-0.001113888807595	0.001113888807595	36.359382918243959
10639.2158203125	-0.394706726074219	-0.001100501045585	0.001100501045585	36.359382918243959
10639.2578125	-0.334325790405273	-0.00107891485095	0.00107891485095	36.359382918243959
10639.2998046875	-0.273220062255859	-0.001090181060135	0.001090181060135	36.359382918243959
10639.341796875	-0.21246337890625	-0.001057423651218	0.001057423651218	36.359382918243959
10639.3837890625	-0.152105331420898	-0.001042822375894	0.001042822375894	36.359382918243959
10639.47265625	-0.091419219970703	-0.000886806519702	0.000886806519702	36.359382918243959
10639.5146484375	-0.031108856201172	-0.000844505848363	0.000844505848363	36.359382918243959
10639.556640625	0.030681610107422	-0.000694782938808	0.000694782938808	36.359382918243959
10639.5986328125	0.091583251953125	-0.000482173985802	0.000482173985802	36.359382918243959
10639.640625	0.151599884033203	-0.00028454081621	0.00028454081621	36.359382918243959
10639.88671875	0.212587356567383	-3.393493534531444E-5	3.393493534531444E-5	36.359382918243959
10639.9287109375	0.261098861694336	9.979854803532362E-5	9.979854803532362E-5	36.359382918243959
10640.1103515625	0.334222793579102	0.000673026661389	0.000673026661389	36.359382918243959
10640.15234375	0.395227432250977	0.001047006924637	0.001047006924637	36.359382918243959
10640.1943359375	0.456279754638672	0.001047124736942	0.001047124736942	36.359382918243959
10640.236328125	0.516151428222656	0.000354563235305	0.000354563235305	36.359382918243959
10640.2783203125	0.576288223266602	0.000128377228975	0.000128377228975	36.359382918243959
10640.3203125	0.638221740722656	0.000881290296093	0.000881290296093	36.359382918243959
10640.408203125	0.698280334472656	0.011326789855957	0.011326789855957	36.359382918243959
10640.4970703125	0.759510040283203	0.008091313764453	0.008091313764453	36.359382918243959
10640.5390625	0.818986892700195	0.004484633915126	0.004484633915126	36.359382918243959
10640.580078125	0.880819320678711	0.008313085883856	0.008313085883856	36.359382918243959
10640.6220703125	0.940868377685547	0.008944155648351	0.008944155648351	36.359382918243959
10640.7109375	1.001619338989258	0.02064973115921	0.02064973115921	36.359382918243959
10640.7529296875	1.061895370483398	0.015261836349964	0.015261836349964	36.359382918243959
10640.794921875	1.122636795043945	0.020367681980133	0.020367681980133	36.359382918243959
10640.8369140625	1.183736801147461	0.025523006916046	0.025523006916046	36.359382918243959
10640.87890625	1.244131088256836	0.028641127049923	0.028641127049923	36.359382918243959
10640.9208984375	1.304916381835937	0.033370360732079	0.033370360732079	36.359382918243959
10640.962890625	1.365249633789062	0.036243468523026	0.036243468523026	36.359382918243959
10641.0048828125	1.42585563659668	0.040409564971924	0.040409564971924	36.359382918243959
10641.046875	1.486806869506836	0.042738258838654	0.042738258838654	36.359382918243959
10641.0888671875	1.547084808349609	0.046055026352406	0.046055026352406	36.359382918243959
10641.130859375	1.607675552368164	0.049114502966404	0.049114502966404	36.359382918243959
10641.171875	1.667949676513672	0.05209743231535	0.05209743231535	36.359382918243959
10641.2138671875	1.728864669799805	0.055037505924702	0.055037505924702	36.359382918243959
10641.255859375	1.789482116699219	0.059226483106613	0.059226483106613	36.359382918243959
10641.2978515625	1.849739074707031	0.062824450433254	0.062824450433254	36.359382918243959
10641.33984375	1.910343170166016	0.067545734345913	0.067545734345913	36.359382918243959
10641.3818359375	1.970571517944336	0.073279805481434	0.073279805481434	36.359382918243959
10641.423828125	2.031557083129883	0.079450219869614	0.079450219869614	36.359382918243959
10641.4658203125	2.092128753662109	0.083722621202469	0.083722621202469	36.359382918243959
10641.5078125	2.152341842651367	0.086749143898487	0.086749143898487	36.359382918243959
10641.5498046875	2.212955474853516	0.091295383870602	0.091295383870602	36.359382918243959
10641.591796875	2.273250579833984	0.095605626702309	0.095605626702309	36.359382918243959
10641.6337890625	2.334173202514648	0.099338598549366	0.099338598549366	36.359382918243959
10641.67578125	2.328958511352539	0.100003212690353	0.100003212690353	36.359382918243959
10641.7177734375	2.295499801635742	0.100002773106098	0.100002773106098	36.359382918243959
10641.759765625	2.302509307861328	0.100002594292164	0.100002594292164	36.359382918243959
10641.802734375	2.270036697387695	0.100002765655518	0.100002765655518	36.359382918243959
10641.8447265625	2.257753372192383	0.10000266879797	0.10000266879797	36.359382918243959
10641.88671875	2.237297058105469	0.100002847611904	0.100002847611904	36.359382918243959
10641.9287109375	2.239036560058594	0.100002609193325	0.100002609193325	36.359382918243959
10641.9716796875	2.238367080688477	0.100002616643906	0.100002616643906	36.359382918243959
10642.013671875	2.243263244628906	0.100002609193325	0.100002609193325	36.359382918243959
10642.0556640625	2.255765914916992	0.10000254958868	0.10000254958868	36.359382918243959
10642.09765625	2.241737365722656	0.100002609193325	0.100002609193325	36.359382918243959
10697.2333984375	-3.000715255737305	-0.001264587044716	0.001264587044716	55.599699509305609
10697.275390625	-2.940336227416992	-0.001263157464564	0.001263157464564	55.599699509305609
10697.3173828125	-2.879592895507812	-0.001263048499823	0.001263048499823	55.599699509305609
10697.359375	-2.818511962890625	-0.001262956298888	0.001262956298888	55.599699509305609
10697.4013671875	-2.758098602294922	-0.001263132318854	0.001263132318854	55.599699509305609
10697.443359375	-2.697412490844727	-0.00126361194998	0.00126361194998	55.599699509305609
10697.4853515625	-2.636823654174805	-0.001262024044991	0.001262024044991	55.599699509305609
10697.52734375	-2.576560974121094	-0.001260450109839	0.001260450109839	55.599699509305609
10697.5693359375	-2.515630722045898	-0.001260673627257	0.001260673627257	55.599699509305609
10697.611328125	-2.455041885375977	-0.001262324862182	0.001262324862182	55.599699509305609
10697.6533203125	-2.394784927368164	-0.001262120902538	0.001262120902538	55.599699509305609
10697.6953125	-2.33418083190918	-0.001260818913579	0.001260818913579	55.599699509305609
10697.7373046875	-2.273256301879883	-0.00125911552459	0.00125911552459	55.599699509305609
10697.779296875	-2.212985992431641	-0.001257428899407	0.001257428899407	55.599699509305609
10697.8212890625	-2.152395248413086	-0.001254579052329	0.001254579052329	55.599699509305609
10697.86328125	-2.092145919799805	-0.001252410933375	0.001252410933375	55.599699509305609
10697.9052734375	-2.031520843505859	-0.001250837929547	0.001250837929547	55.599699509305609
10697.947265625	-1.970663070678711	-0.001248712651432	0.001248712651432	55.599699509305609
10697.9892578125	-1.910423278808594	-0.001243671402335	0.001243671402335	55.599699509305609
10698.03125	-1.849813461303711	-0.001242001540959	0.001242001540959	55.599699509305609
10698.0732421875	-1.789556503295898	-0.001238416880369	0.001238416880369	55.599699509305609
10698.115234375	-1.728963851928711	-0.001235831528902	0.001235831528902	55.599699509305609
10698.1572265625	-1.668006896972656	-0.001234019175172	0.001234019175172	55.599699509305609
10698.19921875	-1.607759475708008	-0.001229253597558	0.001229253597558	55.599699509305609
10698.2412109375	-1.547153472900391	-0.001222987659276	0.001222987659276	55.599699509305609
10698.283203125	-1.486892700195312	-0.001220959238708	0.001220959238708	55.599699509305609
10698.3251953125	-1.425941467285156	-0.001217211596668	0.001217211596668	55.599699509305609
10698.3671875	-1.36534309387207	-0.001213005743921	0.001213005743921	55.599699509305609
10698.4091796875	-1.305042266845703	-0.001207502558827	0.001207502558827	55.599699509305609
10698.451171875	-1.244287490844727	-0.001199394464493	0.001199394464493	55.599699509305609
10698.4931640625	-1.183561325073242	-0.001195430755615	0.001195430755615	55.599699509305609
10698.5341796875	-1.122480392456055	-0.001186806708574	0.001186806708574	55.599699509305609
10698.576171875	-1.06208610534668	-0.001183708198369	0.001183708198369	55.599699509305609
10698.6181640625	-1.001340866088867	-0.001179338432848	0.001179338432848	55.599699509305609
10698.66015625	-0.940950393676758	-0.001157504506409	0.001157504506409	55.599699509305609
10698.7021484375	-0.880216598510742	-0.001136919483542	0.001136919483542	55.599699509305609
10698.744140625	-0.819133758544922	-0.00113941077143	0.00113941077143	55.599699509305609
10698.7861328125	-0.758726119995117	-0.001124079339206	0.001124079339206	55.599699509305609
10698.828125	-0.697992324829102	-0.001132783479989	0.001132783479989	55.599699509305609
10698.8701171875	-0.637582778930664	-0.001121954992414	0.001121954992414	55.599699509305609
10698.912109375	-0.576896667480469	-0.001101130619645	0.001101130619645	55.599699509305609
10698.9541015625	-0.515832901000977	-0.001088461838663	0.001088461838663	55.599699509305609
10698.99609375	-0.455415725708008	-0.001070554368198	0.001070554368198	55.599699509305609
10699.0380859375	-0.394672393798828	-0.001053582876921	0.001053582876921	55.599699509305609
10699.080078125	-0.334299087524414	-0.001032896339893	0.001032896339893	55.599699509305609
10699.1689453125	-0.273410797119141	-0.000991186941974	0.000991186941974	55.599699509305609
10699.2109375	-0.212650299072266	-0.000912702525966	0.000912702525966	55.599699509305609
10699.2529296875	-0.152238845825195	-0.000815408187918	0.000815408187918	55.599699509305609
10699.294921875	-0.091453552246094	-0.000672310474329	0.000672310474329	55.599699509305609
10699.3369140625	-0.03101921081543	-0.000548964715563	0.000548964715563	55.599699509305609
10699.37890625	0.030754089355469	-0.000415910151787	0.000415910151787	55.599699509305609
10699.4208984375	0.091506958007812	-0.000298402039334	0.000298402039334	55.599699509305609
10699.462890625	0.151905059814453	-0.000172535306774	0.000172535306774	55.599699509305609
10699.556640625	0.212650299072266	-2.359923382755369E-5	2.359923382755369E-5	55.599699509305609
10699.69140625	0.273141860961914	0.000243273447268	0.000243273447268	55.599699509305609
10699.7333984375	0.334306716918945	0.000588034454267	0.000588034454267	55.599699509305609
10699.775390625	0.39509391784668	0.000949301233049	0.000949301233049	55.599699509305609
10699.8173828125	0.455322265625	0.000515660329256	0.000515660329256	55.599699509305609
10699.859375	0.516086578369141	0.000104879844002	0.000104879844002	55.599699509305609
10699.9013671875	0.57713508605957	0.000130408792756	0.000130408792756	55.599699509305609
10699.943359375	0.637481689453125	0.000188756501302	0.000188756501302	55.599699509305609
10699.9853515625	0.698257446289062	0.000363557424862	0.000363557424862	55.599699509305609
10700.02734375	0.758699417114258	0.000554764992557	0.000554764992557	55.599699509305609
10700.0693359375	0.81953239440918	0.000748520134948	0.000748520134948	55.599699509305609
10700.111328125	0.880620956420898	0.000907069304958	0.000907069304958	55.599699509305609
10700.19921875	0.940801620483398	0.012535691261292	0.012535691261292	55.599699509305609
10700.2412109375	1.001552581787109	0.013816252350807	0.013816252350807	55.599699509305609
10700.283203125	1.061954498291016	0.014925271272659	0.014925271272659	55.599699509305609
10700.3251953125	1.122686386108398	0.015985332429409	0.015985332429409	55.599699509305609
10700.3671875	1.18376350402832	0.017033606767654	0.017033606767654	55.599699509305609
10700.4091796875	1.244182586669922	0.018080934882164	0.018080934882164	55.599699509305609
10700.451171875	1.304933547973633	0.018443666398525	0.018443666398525	55.599699509305609
10700.4931640625	1.365242004394531	0.017768025398254	0.017768025398254	55.599699509305609
10700.53515625	1.425830841064453	0.018243312835693	0.018243312835693	55.599699509305609
10700.5771484375	1.486783981323242	0.019355371594429	0.019355371594429	55.599699509305609
10700.619140625	1.54704475402832	0.020958207547665	0.020958207547665	55.599699509305609
10700.6611328125	1.607707977294922	0.022778369486332	0.022778369486332	55.599699509305609
10700.703125	1.667884826660156	0.023240633308887	0.023240633308887	55.599699509305609
10700.7451171875	1.72882080078125	0.025986053049564	0.025986053049564	55.599699509305609
10700.787109375	1.789459228515625	0.029161483049393	0.029161483049393	55.599699509305609
10700.8291015625	1.849702835083008	0.031970843672752	0.031970843672752	55.599699509305609
10700.87109375	1.910125732421875	0.036968313157558	0.036968313157558	55.599699509305609
10700.9130859375	1.970476150512695	0.047634869813919	0.047634869813919	55.599699509305609
10700.955078125	2.031497955322266	0.058168187737465	0.058168187737465	55.599699509305609
10700.9970703125	2.091936111450195	0.06493853777647	0.06493853777647	55.599699509305609
10701.0390625	2.152263641357422	0.04805576056242	0.04805576056242	55.599699509305609
10701.0810546875	2.212953567504883	0.038417905569077	0.038417905569077	55.599699509305609
10701.123046875	2.273153305053711	0.037569791078568	0.037569791078568	55.599699509305609
10701.1650390625	2.334014892578125	0.036986507475376	0.036986507475376	55.599699509305609
10701.20703125	2.394651412963867	0.040497429668903	0.040497429668903	55.599699509305609
10701.248046875	2.454807281494141	0.044208563864231	0.044208563864231	55.599699509305609
10701.2900390625	2.515542984008789	0.055524490773678	0.055524490773678	55.599699509305609
10701.33203125	2.576492309570312	0.065795592963696	0.065795592963696	55.599699509305609
10701.3740234375	2.636777877807617	0.068813607096672	0.068813607096672	55.599699509305609
10701.416015625	2.697301864624023	0.070331215858459	0.070331215858459	55.599699509305609
10701.4580078125	2.757682800292969	0.075200274586678	0.075200274586678	55.599699509305609
10701.5	2.818431854248047	0.079240351915359	0.079240351915359	55.599699509305609
10701.5419921875	2.879524230957031	0.084001712501049	0.084001712501049	55.599699509305609
10701.583984375	2.939916610717773	0.090749129652977	0.090749129652977	55.599699509305609
10701.6259765625	3.000688552856445	0.096795924007893	0.096795924007893	55.599699509305609
10779.96484375	-3.000726699829102	-0.001312138512731	0.001312138512731	30.224603365516735
10780.0068359375	-2.940345764160156	-0.001311927102506	0.001311927102506	30.224603365516735
10780.048828125	-2.879606246948242	-0.001311421394348	0.001311421394348	30.224603365516735
10780.0908203125	-2.818519592285156	-0.001311297528446	0.001311297528446	30.224603365516735
10780.1328125	-2.758115768432617	-0.001310652121902	0.001310652121902	30.224603365516735
10780.1748046875	-2.697429656982422	-0.001309651881456	0.001309651881456	30.224603365516735
10780.216796875	-2.6368408203125	-0.00130839087069	0.00130839087069	30.224603365516735
10780.2587890625	-2.576581954956055	-0.001307344064116	0.001307344064116	30.224603365516735
10780.30078125	-2.515644073486328	-0.001306323334575	0.001306323334575	30.224603365516735
10780.3427734375	-2.455041885375977	-0.001305229961872	0.001305229961872	30.224603365516735
10780.384765625	-2.394792556762695	-0.001303561031818	0.001303561031818	30.224603365516735
10780.4267578125	-2.334194183349609	-0.001301879063249	0.001301879063249	30.224603365516735
10780.46875	-2.27326774597168	-0.001300354488194	0.001300354488194	30.224603365516735
10780.5107421875	-2.212997436523437	-0.001298758201301	0.001298758201301	30.224603365516735
10780.552734375	-2.152410507202148	-0.001296933740377	0.001296933740377	30.224603365516735
10780.5947265625	-2.0921630859375	-0.001294893212616	0.001294893212616	30.224603365516735
10780.63671875	-2.031539916992187	-0.001292602159083	0.001292602159083	30.224603365516735
10780.6787109375	-1.970668792724609	-0.00129040889442	0.00129040889442	30.224603365516735
10780.720703125	-1.910444259643555	-0.001288264989853	0.001288264989853	30.224603365516735
10780.7626953125	-1.849828720092773	-0.001285790465772	0.001285790465772	30.224603365516735
10780.8046875	-1.78956413269043	-0.001283043064177	0.001283043064177	30.224603365516735
10780.8466796875	-1.728965759277344	-0.001280044205487	0.001280044205487	30.224603365516735
10780.888671875	-1.668018341064453	-0.001277181319892	0.001277181319892	30.224603365516735
10780.9306640625	-1.607769012451172	-0.001274223439395	0.001274223439395	30.224603365516735
10780.97265625	-1.54716682434082	-0.001270767301321	0.001270767301321	30.224603365516735
10781.0146484375	-1.486909866333008	-0.001267061568797	0.001267061568797	30.224603365516735
10781.056640625	-1.425960540771484	-0.001263287849724	0.001263287849724	30.224603365516735
10781.0986328125	-1.365362167358398	-0.001259481534362	0.001259481534362	30.224603365516735
10781.140625	-1.305044174194336	-0.00125542934984	0.00125542934984	30.224603365516735
10781.1826171875	-1.244293212890625	-0.00125084258616	0.00125084258616	30.224603365516735
10781.224609375	-1.183568954467773	-0.001245878636837	0.001245878636837	30.224603365516735
10781.2666015625	-1.122495651245117	-0.00124076474458	0.00124076474458	30.224603365516735
10781.30859375	-1.062093734741211	-0.001235536299646	0.001235536299646	30.224603365516735
10781.349609375	-1.001340866088867	-0.001230016350746	0.001230016350746	30.224603365516735
10781.3916015625	-0.940961837768555	-0.00122382119298	0.00122382119298	30.224603365516735
10781.43359375	-0.880231857299805	-0.001217113807797	0.001217113807797	30.224603365516735
10781.4755859375	-0.819128036499023	-0.001210324466228	0.001210324466228	30.224603365516735
10781.517578125	-0.758724212646484	-0.001203159801662	0.001203159801662	30.224603365516735
10781.5595703125	-0.697994232177734	-0.001195165328681	0.001195165328681	30.224603365516735
10781.6015625	-0.637584686279297	-0.001186635345221	0.001186635345221	30.224603365516735
10781.6435546875	-0.576910018920898	-0.001177499070764	0.001177499070764	30.224603365516735
10781.685546875	-0.515848159790039	-0.001167734153569	0.001167734153569	30.224603365516735
10781.7275390625	-0.455423355102539	-0.001157513819635	0.001157513819635	30.224603365516735
10781.76953125	-0.394689559936523	-0.00114584248513	0.00114584248513	30.224603365516735
10781.8115234375	-0.334310531616211	-0.001133105717599	0.001133105717599	30.224603365516735
10781.853515625	-0.273204803466797	-0.001119449734688	0.001119449734688	30.224603365516735
10781.8955078125	-0.212461471557617	-0.001104635186493	0.001104635186493	30.224603365516735
10781.9375	-0.152088165283203	-0.001087935641408	0.001087935641408	30.224603365516735
10781.9794921875	-0.091333389282227	-0.001065974123776	0.001065974123776	30.224603365516735
10782.021484375	-0.030918121337891	-0.001020708121359	0.001020708121359	30.224603365516735
10782.111328125	0.030645370483398	-0.000898662023246	0.000898662023246	30.224603365516735
10782.1533203125	0.091428756713867	-0.000693732872605	0.000693732872605	30.224603365516735
10782.1953125	0.151874542236328	-0.000431445194408	0.000431445194408	30.224603365516735
10782.2880859375	0.212539672851562	-8.122427971102297E-5	8.122427971102297E-5	30.224603365516735
10782.423828125	0.273214340209961	0.000597120146267	0.000597120146267	30.224603365516735
10782.5576171875	0.334228515625	0.002246988937259	0.002246988937259	30.224603365516735
10782.599609375	0.394994735717773	0.004861013963819	0.004861013963819	30.224603365516735
10782.6416015625	0.455459594726562	0.008041204884648	0.008041204884648	30.224603365516735
10782.73046875	0.516069412231445	0.011586256325245	0.011586256325245	30.224603365516735
10782.7724609375	0.577131271362305	0.01527139544487	0.01527139544487	30.224603365516735
10782.814453125	0.637462615966797	0.019023656845093	0.019023656845093	30.224603365516735
10782.8564453125	0.698232650756836	0.022868931293488	0.022868931293488	30.224603365516735
10782.8984375	0.758623123168945	0.026730947196484	0.026730947196484	30.224603365516735
10782.9404296875	0.819372177124023	0.030641488730907	0.030641488730907	30.224603365516735
10782.982421875	0.880470275878906	0.03459294885397	0.03459294885397	30.224603365516735
10783.0244140625	0.940855026245117	0.038507096469402	0.038507096469402	30.224603365516735
10783.06640625	1.001611709594727	0.042473070323467	0.042473070323467	30.224603365516735
10783.1083984375	1.062013626098633	0.046493843197823	0.046493843197823	30.224603365516735
10783.150390625	1.122758865356445	0.050675749778748	0.050675749778748	30.224603365516735
10783.19140625	1.183839797973633	0.055046603083611	0.055046603083611	30.224603365516735
10783.2333984375	1.244256973266602	0.059617474675179	0.059617474675179	30.224603365516735
10783.275390625	1.305000305175781	0.0643515214324	0.0643515214324	30.224603365516735
10783.3173828125	1.365335464477539	0.069120533764362	0.069120533764362	30.224603365516735
10783.359375	1.425933837890625	0.074281893670559	0.074281893670559	30.224603365516735
10783.4013671875	1.486907958984375	0.079546257853508	0.079546257853508	30.224603365516735
10783.443359375	1.547178268432617	0.085287965834141	0.085287965834141	30.224603365516735
10783.4853515625	1.607769012451172	0.090644687414169	0.090644687414169	30.224603365516735
10783.52734375	1.66804313659668	0.096216723322868	0.096216723322868	30.224603365516735
10783.5693359375	1.703252792358398	0.100000828504562	0.100000828504562	30.224603365516735
10783.611328125	1.697227478027344	0.100002892315388	0.100002892315388	30.224603365516735
10783.6533203125	1.693387985229492	0.100002847611904	0.100002847611904	30.224603365516735
10783.6962890625	1.690797805786133	0.100002877414227	0.100002877414227	30.224603365516735
10783.73828125	1.689109802246094	0.100002855062485	0.100002855062485	30.224603365516735
10783.7802734375	1.688169479370117	0.100002869963646	0.100002869963646	30.224603365516735
10783.822265625	1.687297821044922	0.100002869963646	0.100002869963646	30.224603365516735
10783.865234375	1.686508178710937	0.100002832710743	0.100002832710743	30.224603365516735
10783.9072265625	1.685905456542969	0.10000279545784	0.10000279545784	30.224603365516735
10783.94921875	1.685295104980469	0.100002810359001	0.100002810359001	30.224603365516735
10783.9921875	1.684751510620117	0.100002810359001	0.100002810359001	30.224603365516735
10784.0341796875	1.684249877929687	0.100002780556679	0.100002780556679	30.224603365516735
10784.076171875	1.683567047119141	0.100002802908421	0.100002802908421	30.224603365516735
10784.1181640625	1.683097839355469	0.100002780556679	0.100002780556679	30.224603365516735
10784.1611328125	1.682754516601562	0.10000279545784	0.10000279545784	30.224603365516735
10784.203125	1.682239532470703	0.100002788007259	0.100002788007259	30.224603365516735
10784.2451171875	1.681964874267578	0.100002810359001	0.100002810359001	30.224603365516735
10784.287109375	1.681556701660156	0.100002817809582	0.100002817809582	30.224603365516735
10784.330078125	1.681137084960937	0.100002802908421	0.100002802908421	30.224603365516735
10784.3720703125	1.680707931518555	0.100002780556679	0.100002780556679	30.224603365516735
10784.4140625	1.680446624755859	0.10000279545784	0.10000279545784	30.224603365516735
10784.4560546875	1.680004119873047	0.100002765655518	0.100002765655518	30.224603365516735
