[INFO]
Keithley 2400
Meas Time: 2021/1/19 13:47:33
Params: GPIB address = GPIB0::21::INSTR; DataFile = D:\工艺实验\章震; Compliance  Level (0.1) = 0.100000000000000; Number of Points (5) = 150; Minimum Amplitude (1) = -3.000000000000000; Maximum Amplitude (2) = 3.000000000000000; Timeout (100000 ms) = 100000; Source Mode  (0: Voltage) = 0; 4-wire? = FALSE; delay(S) = 0.000000000000000; Start = ; 

[COMMENT]


[DATA]
time (s)	Voltage (V)	Current (A)	absCurrent (A)	Fitting Resistance (Ohms)

2765.74609375	-3.000734329223633	-0.001276989467442	0.001276989467442	139.193831151246826
2765.7880859375	-2.960273742675781	-0.00127693451941	0.00127693451941	139.193831151246826
2765.830078125	-2.920112609863281	-0.001276532188058	0.001276532188058	139.193831151246826
2765.8720703125	-2.879629135131836	-0.001276299357414	0.001276299357414	139.193831151246826
2765.9140625	-2.839462280273437	-0.001276089809835	0.001276089809835	139.193831151246826
2765.9560546875	-2.798984527587891	-0.001275835558772	0.001275835558772	139.193831151246826
2765.998046875	-2.758823394775391	-0.001275223679841	0.001275223679841	139.193831151246826
2766.0400390625	-2.71832275390625	-0.001274398528039	0.001274398528039	139.193831151246826
2766.08203125	-2.678615570068359	-0.001274049282074	0.001274049282074	139.193831151246826
2766.1240234375	-2.637889862060547	-0.001273616217077	0.001273616217077	139.193831151246826
2766.166015625	-2.598171234130859	-0.001272950321436	0.001272950321436	139.193831151246826
2766.2080078125	-2.557418823242187	-0.001272066496313	0.001272066496313	139.193831151246826
2766.25	-2.517704010009766	-0.001270992681384	0.001270992681384	139.193831151246826
2766.2919921875	-2.477293014526367	-0.001270518638194	0.001270518638194	139.193831151246826
2766.333984375	-2.436580657958984	-0.001269887201488	0.001269887201488	139.193831151246826
2766.3759765625	-2.396842956542969	-0.00126857496798	0.00126857496798	139.193831151246826
2766.41796875	-2.3564453125	-0.001267532818019	0.001267532818019	139.193831151246826
2766.4599609375	-2.316383361816406	-0.001266770996153	0.001266770996153	139.193831151246826
2766.501953125	-2.275999069213867	-0.001265772618353	0.001265772618353	139.193831151246826
2766.5439453125	-2.235925674438477	-0.001264751888812	0.001264751888812	139.193831151246826
2766.5859375	-2.195533752441406	-0.001263413578272	0.001263413578272	139.193831151246826
2766.6279296875	-2.155464172363281	-0.001261928118765	0.001261928118765	139.193831151246826
2766.669921875	-2.115074157714844	-0.001261001452804	0.001261001452804	139.193831151246826
2766.7119140625	-2.075014114379883	-0.001259795390069	0.001259795390069	139.193831151246826
2766.7529296875	-2.03459358215332	-0.001258376054466	0.001258376054466	139.193831151246826
2766.794921875	-1.994607925415039	-0.001256694085896	0.001256694085896	139.193831151246826
2766.8369140625	-1.954204559326172	-0.001255251467228	0.001255251467228	139.193831151246826
2766.87890625	-1.914159774780273	-0.00125381257385	0.00125381257385	139.193831151246826
2766.9208984375	-1.873746871948242	-0.001252180896699	0.001252180896699	139.193831151246826
2766.962890625	-1.833343505859375	-0.001250389032066	0.001250389032066	139.193831151246826
2767.0048828125	-1.793279647827148	-0.001248433254659	0.001248433254659	139.193831151246826
2767.046875	-1.752885818481445	-0.001246654428542	0.001246654428542	139.193831151246826
2767.0888671875	-1.712823867797852	-0.001244860701263	0.001244860701263	139.193831151246826
2767.130859375	-1.67242431640625	-0.001242690719664	0.001242690719664	139.193831151246826
2767.1728515625	-1.63270378112793	-0.001240385696292	0.001240385696292	139.193831151246826
2767.21484375	-1.591955184936523	-0.001238157972693	0.001238157972693	139.193831151246826
2767.2568359375	-1.552257537841797	-0.001236177049577	0.001236177049577	139.193831151246826
2767.298828125	-1.511833190917969	-0.001233672723174	0.001233672723174	139.193831151246826
2767.3408203125	-1.471782684326172	-0.001231023110449	0.001231023110449	139.193831151246826
2767.3828125	-1.431371688842773	-0.001228228211403	0.001228228211403	139.193831151246826
2767.4248046875	-1.391323089599609	-0.001225692220032	0.001225692220032	139.193831151246826
2767.466796875	-1.350914001464844	-0.0012226998806	0.0012226998806	139.193831151246826
2767.5087890625	-1.310462951660156	-0.001219593919814	0.001219593919814	139.193831151246826
2767.55078125	-1.270305633544922	-0.001216227188706	0.001216227188706	139.193831151246826
2767.5927734375	-1.229835510253906	-0.00121293682605	0.00121293682605	139.193831151246826
2767.634765625	-1.189689636230469	-0.001209589652717	0.001209589652717	139.193831151246826
2767.6767578125	-1.149190902709961	-0.001205986365676	0.001205986365676	139.193831151246826
2767.71875	-1.109041213989258	-0.00120185688138	0.00120185688138	139.193831151246826
2767.7607421875	-1.068546295166016	-0.001197708770633	0.001197708770633	139.193831151246826
2767.802734375	-1.028423309326172	-0.001193654723465	0.001193654723465	139.193831151246826
2767.8447265625	-0.987922668457031	-0.001189334318042	0.001189334318042	139.193831151246826
2767.88671875	-0.947792053222656	-0.001184605062008	0.001184605062008	139.193831151246826
2767.9287109375	-0.907293319702148	-0.001179303042591	0.001179303042591	139.193831151246826
2767.970703125	-0.867156982421875	-0.00117414817214	0.00117414817214	139.193831151246826
2768.0126953125	-0.826652526855469	-0.001168844290078	0.001168844290078	139.193831151246826
2768.0546875	-0.786153793334961	-0.001163091510534	0.001163091510534	139.193831151246826
2768.0966796875	-0.745994567871094	-0.001156952232122	0.001156952232122	139.193831151246826
2768.138671875	-0.705533981323242	-0.001150140538812	0.001150140538812	139.193831151246826
2768.1806640625	-0.665718078613281	-0.001143553294241	0.001143553294241	139.193831151246826
2768.22265625	-0.624942779541016	-0.001136446371675	0.001136446371675	139.193831151246826
2768.2646484375	-0.585151672363281	-0.001128767617047	0.001128767617047	139.193831151246826
2768.306640625	-0.544294357299805	-0.001120233908296	0.001120233908296	139.193831151246826
2768.3486328125	-0.5045166015625	-0.001111350022256	0.001111350022256	139.193831151246826
2768.390625	-0.464015960693359	-0.001101260073483	0.001101260073483	139.193831151246826
2768.4326171875	-0.423879623413086	-0.001088534481823	0.001088534481823	139.193831151246826
2768.474609375	-0.383371353149414	-0.001069142483175	0.001069142483175	139.193831151246826
2768.5166015625	-0.343238830566406	-0.001039084978402	0.001039084978402	139.193831151246826
2768.60546875	-0.302953720092773	-0.000996297225356	0.000996297225356	139.193831151246826
2768.6474609375	-0.262454986572266	-0.000942907296121	0.000942907296121	139.193831151246826
2768.689453125	-0.222288131713867	-0.000882677268237	0.000882677268237	139.193831151246826
2768.7314453125	-0.181793212890625	-0.000816785730422	0.000816785730422	139.193831151246826
2768.7734375	-0.141622543334961	-0.000747569836676	0.000747569836676	139.193831151246826
2768.8154296875	-0.101106643676758	-0.000674567185342	0.000674567185342	139.193831151246826
2768.857421875	-0.060953140258789	-0.000599487451836	0.000599487451836	139.193831151246826
2768.8994140625	-0.020427703857422	-0.000521292095073	0.000521292095073	139.193831151246826
2768.94140625	0.019992828369141	-0.000440372503363	0.000440372503363	139.193831151246826
2768.9833984375	0.060869216918945	-0.000356932170689	0.000356932170689	139.193831151246826
2769.025390625	0.100696563720703	-0.000272746314295	0.000272746314295	139.193831151246826
2769.0673828125	0.141206741333008	-0.000184643664397	0.000184643664397	139.193831151246826
2769.1611328125	0.181219100952148	-9.442248847335577E-5	9.442248847335577E-5	139.193831151246826
2769.31640625	0.222051620483398	-2.350018348806771E-7	2.350018348806771E-7	139.193831151246826
2769.45703125	0.262210845947266	9.660318755777553E-5	9.660318755777553E-5	139.193831151246826
2769.591796875	0.302549362182617	0.000206967117265	0.000206967117265	139.193831151246826
2769.6337890625	0.34307861328125	0.00033870851621	0.00033870851621	139.193831151246826
2769.67578125	0.383247375488281	0.000517429085448	0.000517429085448	139.193831151246826
2769.7177734375	0.423799514770508	0.000769006554037	0.000769006554037	139.193831151246826
2769.8525390625	0.463794708251953	0.001096041873097	0.001096041873097	139.193831151246826
2769.89453125	0.504301071166992	0.001479707658291	0.001479707658291	139.193831151246826
2769.9365234375	0.544456481933594	0.001900506205857	0.001900506205857	139.193831151246826
2769.978515625	0.584941864013672	0.002352024428546	0.002352024428546	139.193831151246826
2770.0205078125	0.625095367431641	0.002818433567882	0.002818433567882	139.193831151246826
2770.0625	0.665525436401367	0.003301273100078	0.003301273100078	139.193831151246826
2770.1044921875	0.705360412597656	0.003786786459386	0.003786786459386	139.193831151246826
2770.146484375	0.746183395385742	0.004291639663279	0.004291639663279	139.193831151246826
2770.1884765625	0.786006927490234	0.004789606668055	0.004789606668055	139.193831151246826
2770.23046875	0.826850891113281	0.005304413847625	0.005304413847625	139.193831151246826
2770.2724609375	0.86735725402832	0.005818584933877	0.005818584933877	139.193831151246826
2770.314453125	0.907154083251953	0.006325325928628	0.006325325928628	139.193831151246826
2770.3564453125	0.947998046875	0.006847216747701	0.006847216747701	139.193831151246826
2770.3984375	0.987791061401367	0.007357554975897	0.007357554975897	139.193831151246826
2770.4404296875	1.028299331665039	0.007877864874899	0.007877864874899	139.193831151246826
2770.482421875	1.068473815917969	0.008393805474043	0.008393805474043	139.193831151246826
2770.5244140625	1.108949661254883	0.008914605714381	0.008914605714381	139.193831151246826
2770.56640625	1.14910888671875	0.009430862031877	0.009430862031877	139.193831151246826
2770.6083984375	1.189613342285156	0.009950345382094	0.009950345382094	139.193831151246826
2770.650390625	1.229776382446289	0.010465024039149	0.010465024039149	139.193831151246826
2770.73828125	1.270059585571289	0.011356711387634	0.011356711387634	139.193831151246826
2770.7802734375	1.310214996337891	0.011885181069374	0.011885181069374	139.193831151246826
2770.822265625	1.350679397583008	0.012415997684002	0.012415997684002	139.193831151246826
2770.8642578125	1.391088485717773	0.012944713234901	0.012944713234901	139.193831151246826
2770.90625	1.43113899230957	0.013466112315655	0.013466112315655	139.193831151246826
2770.9482421875	1.471551895141602	0.01399265229702	0.01399265229702	139.193831151246826
2770.990234375	1.511604309082031	0.014512561261654	0.014512561261654	139.193831151246826
2771.0322265625	1.552017211914062	0.015036463737488	0.015036463737488	139.193831151246826
2771.07421875	1.592086791992187	0.015552580356598	0.015552580356598	139.193831151246826
2771.1162109375	1.632471084594727	0.016066059470177	0.016066059470177	139.193831151246826
2771.158203125	1.672191619873047	0.01656960695982	0.01656960695982	139.193831151246826
2771.2001953125	1.712934494018555	0.017081342637539	0.017081342637539	139.193831151246826
2771.2421875	1.752662658691406	0.017581097781658	0.017581097781658	139.193831151246826
2771.2841796875	1.793056488037109	0.018077246844769	0.018077246844769	139.193831151246826
2771.326171875	1.833126068115234	0.018553994596004	0.018553994596004	139.193831151246826
2771.3681640625	1.873514175415039	0.01899828016758	0.01899828016758	139.193831151246826
2771.41015625	1.913593292236328	0.019428610801697	0.019428610801697	139.193831151246826
2771.451171875	1.953971862792969	0.019799962639809	0.019799962639809	139.193831151246826
2771.4931640625	1.994375228881836	0.019988186657429	0.019988186657429	139.193831151246826
2771.53515625	2.034433364868164	0.02047635614872	0.02047635614872	139.193831151246826
2771.5771484375	2.074777603149414	0.021123819053173	0.021123819053173	139.193831151246826
2771.619140625	2.114860534667969	0.02170417457819	0.02170417457819	139.193831151246826
2771.6611328125	2.155233383178711	0.021801225841045	0.021801225841045	139.193831151246826
2771.703125	2.195289611816406	0.022137574851513	0.022137574851513	139.193831151246826
2771.7451171875	2.23570442199707	0.023264341056347	0.023264341056347	139.193831151246826
2771.787109375	2.275779724121094	0.02389083057642	0.02389083057642	139.193831151246826
2771.8291015625	2.316169738769531	0.024430811405182	0.024430811405182	139.193831151246826
2771.87109375	2.356235504150391	0.025023065507412	0.025023065507412	139.193831151246826
2771.9130859375	2.396612167358398	0.025611415505409	0.025611415505409	139.193831151246826
2771.955078125	2.436351776123047	0.026186488568783	0.026186488568783	139.193831151246826
2771.9970703125	2.477094650268555	0.026676252484322	0.026676252484322	139.193831151246826
2772.0390625	2.517467498779297	0.026023112237453	0.026023112237453	139.193831151246826
2772.0810546875	2.557188034057617	0.026518426835537	0.026518426835537	139.193831151246826
2772.123046875	2.597938537597656	0.026874892413616	0.026874892413616	139.193831151246826
2772.1650390625	2.63764762878418	0.027170173823833	0.027170173823833	139.193831151246826
2772.20703125	2.678041458129883	0.027932040393353	0.027932040393353	139.193831151246826
2772.2490234375	2.718101501464844	0.028458252549171	0.028458252549171	139.193831151246826
2772.291015625	2.758567810058594	0.0288001075387	0.0288001075387	139.193831151246826
2772.3330078125	2.798736572265625	0.029004260897636	0.029004260897636	139.193831151246826
2772.375	2.839227676391602	0.032607659697533	0.032607659697533	139.193831151246826
2772.4169921875	2.879367828369141	0.033605076372623	0.033605076372623	139.193831151246826
2772.458984375	2.919855117797852	0.034506283700466	0.034506283700466	139.193831151246826
2772.5009765625	2.960014343261719	0.035031773149967	0.035031773149967	139.193831151246826
2772.54296875	3.000509262084961	0.035563640296459	0.035563640296459	139.193831151246826
