[INFO]
Keithley 2400
Meas Time: 2021/1/19 9:44:26
Params: GPIB address = GPIB0::21::INSTR; DataFile = D:\工艺实验\罗毅博; Compliance  Level (0.1) = 0.100000000000000; Number of Points (5) = 100; Minimum Amplitude (1) = -3.000000000000000; Maximum Amplitude (2) = 3.000000000000000; Timeout (100000 ms) = 100000; Source Mode  (0: Voltage) = 0; 4-wire? = FALSE; delay(S) = 0.000000000000000; Start = ; 

[COMMENT]


[DATA]
time (s)	Voltage (V)	Current (A)	absCurrent (A)	Fitting Resistance (Ohms)

6433.54687499999999	-3.000885009765625	-6.035059050191194E-5	6.035059050191194E-5	34.79742374385517
6433.58886718749999	-2.940496444702148	-6.047544593457133E-5	6.047544593457133E-5	34.79742374385517
6433.63085937499999	-2.8797607421875	-6.046774797141552E-5	6.046774797141552E-5	34.79742374385517
6433.67285156249999	-2.818679809570312	-6.042422319296747E-5	6.042422319296747E-5	34.79742374385517
6433.71484374999999	-2.758255004882812	-6.036192644387484E-5	6.036192644387484E-5	34.79742374385517
6433.75683593749999	-2.697576522827148	-6.029645737726241E-5	6.029645737726241E-5	34.79742374385517
6433.79882812499999	-2.636997222900391	-6.022508023306727E-5	6.022508023306727E-5	34.79742374385517
6433.84082031249999	-2.57673454284668	-6.014273094478995E-5	6.014273094478995E-5	34.79742374385517
6433.88281249999999	-2.515792846679687	-6.003928137943149E-5	6.003928137943149E-5	34.79742374385517
6433.92480468749999	-2.455198287963867	-5.994495586492121E-5	5.994495586492121E-5	34.79742374385517
6433.96679687499999	-2.394937515258789	-5.985421012155712E-5	5.985421012155712E-5	34.79742374385517
6434.00878906249999	-2.334335327148437	-5.974869418423623E-5	5.974869418423623E-5	34.79742374385517
6434.05078124999999	-2.273418426513672	-5.962842260487378E-5	5.962842260487378E-5	34.79742374385517
6434.09277343749999	-2.213138580322266	-5.950624472461641E-5	5.950624472461641E-5	34.79742374385517
6434.13476562499999	-2.152544021606445	-5.939249240327626E-5	5.939249240327626E-5	34.79742374385517
6434.17675781249999	-2.092313766479492	-5.927412712480873E-5	5.927412712480873E-5	34.79742374385517
6434.21874999999999	-2.031686782836914	-5.913602944929153E-5	5.913602944929153E-5	34.79742374385517
6434.26074218749999	-1.970817565917969	-5.899043753743172E-5	5.899043753743172E-5	34.79742374385517
6434.30273437499999	-1.910577774047852	-5.885178688913584E-5	5.885178688913584E-5	34.79742374385517
6434.34472656249999	-1.849966049194336	-5.87090034969151E-5	5.87090034969151E-5	34.79742374385517
6434.38671874999999	-1.789705276489258	-5.855203198734671E-5	5.855203198734671E-5	34.79742374385517
6434.42871093749999	-1.729120254516602	-5.838129436597228E-5	5.838129436597228E-5	34.79742374385517
6434.47070312499999	-1.668159484863281	-5.820774822495878E-5	5.820774822495878E-5	34.79742374385517
6434.51269531249999	-1.60791015625	-5.80394989810884E-5	5.80394989810884E-5	34.79742374385517
6434.55468749999999	-1.547317504882812	-5.785415123682469E-5	5.785415123682469E-5	34.79742374385517
6434.59667968749999	-1.48704719543457	-5.765476089436561E-5	5.765476089436561E-5	34.79742374385517
6434.63867187499999	-1.426090240478516	-5.744346708524972E-5	5.744346708524972E-5	34.79742374385517
6434.68066406249999	-1.365499496459961	-5.723291542381048E-5	5.723291542381048E-5	34.79742374385517
6434.72265624999999	-1.305177688598633	-5.701222107745707E-5	5.701222107745707E-5	34.79742374385517
6434.76464843749999	-1.244422912597656	-5.676744331140071E-5	5.676744331140071E-5	34.79742374385517
6434.80664062499999	-1.183692932128906	-5.65068912692368E-5	5.65068912692368E-5	34.79742374385517
6434.84863281249999	-1.122627258300781	-5.623855395242572E-5	5.623855395242572E-5	34.79742374385517
6434.89062499999999	-1.062223434448242	-5.59596810489893E-5	5.59596810489893E-5	34.79742374385517
6434.93261718749999	-1.001476287841797	-5.565083120018244E-5	5.565083120018244E-5	34.79742374385517
6434.97460937499999	-0.941093444824219	-5.532178329303861E-5	5.532178329303861E-5	34.79742374385517
6435.01660156249999	-0.880353927612305	-5.4970383644104E-5	5.4970383644104E-5	34.79742374385517
6435.05859374999999	-0.819265365600586	-5.459709791466594E-5	5.459709791466594E-5	34.79742374385517
6435.10058593749999	-0.758872985839844	-5.419479566626251E-5	5.419479566626251E-5	34.79742374385517
6435.14257812499999	-0.698143005371094	-5.375409091357142E-5	5.375409091357142E-5	34.79742374385517
6435.18457031249999	-0.637722015380859	-5.326920654624701E-5	5.326920654624701E-5	34.79742374385517
6435.22656249999999	-0.577037811279297	-5.276101001072675E-5	5.276101001072675E-5	34.79742374385517
6435.26855468749999	-0.515985488891602	-5.219530430622399E-5	5.219530430622399E-5	34.79742374385517
6435.31054687499999	-0.455560684204102	-5.157441773917526E-5	5.157441773917526E-5	34.79742374385517
6435.35253906249999	-0.394817352294922	-5.087103636469692E-5	5.087103636469692E-5	34.79742374385517
6435.39453124999999	-0.334444046020508	-5.01083122799173E-5	5.01083122799173E-5	34.79742374385517
6435.43652343749999	-0.273334503173828	-4.924215318169445E-5	4.924215318169445E-5	34.79742374385517
6435.47851562499999	-0.212600708007812	-4.825727955903858E-5	4.825727955903858E-5	34.79742374385517
6435.52050781249999	-0.152217864990234	-4.711581277661026E-5	4.711581277661026E-5	34.79742374385517
6435.56249999999999	-0.091451644897461	-4.576105857267976E-5	4.576105857267976E-5	34.79742374385517
6435.60449218749999	-0.03105354309082	-4.412053385749459E-5	4.412053385749459E-5	34.79742374385517
6435.64648437499999	0.030740737915039	-4.187379090581089E-5	4.187379090581089E-5	34.79742374385517
6435.68847656249999	0.091485977172852	-3.825697058346123E-5	3.825697058346123E-5	34.79742374385517
6435.73046874999999	0.151901245117187	-2.820631198119372E-5	2.820631198119372E-5	34.79742374385517
6435.77246093749999	0.212749481201172	2.722137287491933E-5	2.722137287491933E-5	34.79742374385517
6435.90820312499999	0.273164749145508	0.000425249279942	0.000425249279942	34.79742374385517
6436.04199218749999	0.334201812744141	0.001940375193954	0.001940375193954	34.79742374385517
6436.08398437499999	0.394992828369141	0.004595334641635	0.004595334641635	34.79742374385517
6436.12597656249999	0.455440521240234	0.007885380648077	0.007885380648077	34.79742374385517
6436.21484374999999	0.516057968139648	0.011563912034035	0.011563912034035	34.79742374385517
6436.25683593749999	0.577116012573242	0.015397906303406	0.015397906303406	34.79742374385517
6436.29882812499999	0.637445449829102	0.019299991428852	0.019299991428852	34.79742374385517
6436.34082031249999	0.698217391967773	0.023299373686314	0.023299373686314	34.79742374385517
6436.38281249999999	0.758609771728516	0.027318641543388	0.027318641543388	34.79742374385517
6436.42480468749999	0.819353103637695	0.031395711004734	0.031395711004734	34.79742374385517
6436.46679687499999	0.880458831787109	0.035517796874046	0.035517796874046	34.79742374385517
6436.50878906249999	0.940835952758789	0.039607591927052	0.039607591927052	34.79742374385517
6436.55078124999999	1.001588821411133	0.043740525841713	0.043740525841713	34.79742374385517
6436.59277343749999	1.062002182006836	0.047835052013397	0.047835052013397	34.79742374385517
6436.63476562499999	1.12274169921875	0.051940940320492	0.051940940320492	34.79742374385517
6436.67675781249999	1.183826446533203	0.056055024266243	0.056055024266243	34.79742374385517
6436.71874999999999	1.244239807128906	0.060104764997959	0.060104764997959	34.79742374385517
6436.76074218749999	1.304981231689453	0.064177893102169	0.064177893102169	34.79742374385517
6436.80273437499999	1.365320205688477	0.068251177668571	0.068251177668571	34.79742374385517
6436.84374999999999	1.425922393798828	0.072297871112823	0.072297871112823	34.79742374385517
6436.88574218749999	1.486896514892578	0.076333791017532	0.076333791017532	34.79742374385517
6436.92773437499999	1.547163009643555	0.080349989235401	0.080349989235401	34.79742374385517
6436.96972656249999	1.607755661010742	0.083836771547794	0.083836771547794	34.79742374385517
6437.01171874999999	1.667839050292969	0.08478844165802	0.08478844165802	34.79742374385517
6437.05371093749999	1.728921890258789	0.090716749429703	0.090716749429703	34.79742374385517
6437.09570312499999	1.789596557617187	0.098285980522633	0.098285980522633	34.79742374385517
6437.13769531249999	1.849819183349609	0.094943381845951	0.094943381845951	34.79742374385517
6437.17968749999999	1.910470962524414	0.099858872592449	0.099858872592449	34.79742374385517
6437.22167968749999	1.959123611450195	0.079567968845367	0.079567968845367	34.79742374385517
6437.26367187499999	2.031517028808594	0.050508104264736	0.050508104264736	34.79742374385517
6437.30566406249999	2.092058181762695	0.05500952899456	0.05500952899456	34.79742374385517
6437.34765624999999	2.150718688964844	0.091549158096313	0.091549158096313	34.79742374385517
6437.38964843749999	2.128351211547852	0.100002810359001	0.100002810359001	34.79742374385517
6437.43164062499999	2.117698669433594	0.100002750754356	0.100002750754356	34.79742374385517
6437.47460937499999	2.110324859619141	0.100002743303776	0.100002743303776	34.79742374385517
6437.51660156249999	2.104427337646484	0.100002706050873	0.100002706050873	34.79742374385517
6437.55859374999999	2.100378036499023	0.100002698600292	0.100002698600292	34.79742374385517
6437.60058593749999	2.097444534301758	0.100002728402615	0.100002728402615	34.79742374385517
6437.64355468749999	2.094688415527344	0.100002713501453	0.100002713501453	34.79742374385517
6437.68554687499999	2.092803955078125	0.100002735853195	0.100002735853195	34.79742374385517
6437.72753906249999	2.090627670288086	0.100002713501453	0.100002713501453	34.79742374385517
6437.76953124999999	2.089221954345703	0.10000266879797	0.10000266879797	34.79742374385517
6437.81249999999999	2.087776184082031	0.100002706050873	0.100002706050873	34.79742374385517
6437.85449218749999	2.085910797119141	0.10000267624855	0.10000267624855	34.79742374385517
6437.89648437499999	2.080976486206055	0.10000267624855	0.10000267624855	34.79742374385517
6437.93847656249999	2.079792022705078	0.100002698600292	0.100002698600292	34.79742374385517
