[INFO]
Keithley 2400
Meas Time: 2021/1/19 13:49:48
Params: GPIB address = GPIB0::21::INSTR; DataFile = D:\工艺实验\罗晨; Compliance  Level (0.1) = 0.100000000000000; Number of Points (5) = 150; Minimum Amplitude (1) = -3.000000000000000; Maximum Amplitude (2) = 3.000000000000000; Timeout (100000 ms) = 100000; Source Mode  (0: Voltage) = 0; 4-wire? = FALSE; delay(S) = 0.000000000000000; Start = ; 

[COMMENT]


[DATA]
time (s)	Voltage (V)	Current (A)	absCurrent (A)	Fitting Resistance (Ohms)

2900.2841796875	-3.00071907043457	-0.000117791583762	0.000117791583762	32.024104027623736
2900.326171875	-2.960248947143555	-0.000117817660794	0.000117817660794	32.024104027623736
2900.3681640625	-2.92010498046875	-0.000117786927149	0.000117786927149	32.024104027623736
2900.41015625	-2.879610061645508	-0.000117734074593	0.000117734074593	32.024104027623736
2900.4521484375	-2.839454650878906	-0.00011766992975	0.00011766992975	32.024104027623736
2900.494140625	-2.798965454101562	-0.0001176064834	0.0001176064834	32.024104027623736
2900.5361328125	-2.75880241394043	-0.000117516377941	0.000117516377941	32.024104027623736
2900.578125	-2.718311309814453	-0.000117414048873	0.000117414048873	32.024104027623736
2900.6201171875	-2.678600311279297	-0.00011730461847	0.00011730461847	32.024104027623736
2900.662109375	-2.637882232666016	-0.000117193441838	0.000117193441838	32.024104027623736
2900.7041015625	-2.598146438598633	-0.000117085874081	0.000117085874081	32.024104027623736
2900.74609375	-2.557411193847656	-0.000116941635497	0.000116941635497	32.024104027623736
2900.7880859375	-2.517696380615234	-0.000116789131425	0.000116789131425	32.024104027623736
2900.830078125	-2.477285385131836	-0.000116652110592	0.000116652110592	32.024104027623736
2900.8720703125	-2.436569213867187	-0.000116505776532	0.000116505776532	32.024104027623736
2900.9140625	-2.396842956542969	-0.000116352108307	0.000116352108307	32.024104027623736
2900.9560546875	-2.356449127197266	-0.000116168870591	0.000116168870591	32.024104027623736
2900.998046875	-2.316379547119141	-0.000115980161354	0.000115980161354	32.024104027623736
2901.0400390625	-2.27598762512207	-0.000115800881758	0.000115800881758	32.024104027623736
2901.08203125	-2.23591423034668	-0.000115624978207	0.000115624978207	32.024104027623736
2901.1240234375	-2.195518493652344	-0.000115418573841	0.000115418573841	32.024104027623736
2901.166015625	-2.155452728271484	-0.000115196220577	0.000115196220577	32.024104027623736
2901.2080078125	-2.115068435668945	-0.000114974682219	0.000114974682219	32.024104027623736
2901.25	-2.075008392333984	-0.000114762457088	0.000114762457088	32.024104027623736
2901.2919921875	-2.034584045410156	-0.000114524271339	0.000114524271339	32.024104027623736
2901.333984375	-1.994606018066406	-0.000114277936518	0.000114277936518	32.024104027623736
2901.3759765625	-1.954200744628906	-0.000114004244097	0.000114004244097	32.024104027623736
2901.41796875	-1.914169311523437	-0.000113746733405	0.000113746733405	32.024104027623736
2901.4599609375	-1.873748779296875	-0.000113481306471	0.000113481306471	32.024104027623736
2901.501953125	-1.833343505859375	-0.000113202841021	0.000113202841021	32.024104027623736
2901.5439453125	-1.793279647827148	-0.000112882815301	0.000112882815301	32.024104027623736
2901.5859375	-1.752891540527344	-0.000112563953735	0.000112563953735	32.024104027623736
2901.6279296875	-1.712810516357422	-0.000112258014269	0.000112258014269	32.024104027623736
2901.669921875	-1.672422409057617	-0.000111930421554	0.000111930421554	32.024104027623736
2901.7119140625	-1.632705688476562	-0.000111589790322	0.000111589790322	32.024104027623736
2901.75390625	-1.591945648193359	-0.000111218891107	0.000111218891107	32.024104027623736
2901.7958984375	-1.552248001098633	-0.000110844266601	0.000110844266601	32.024104027623736
2901.837890625	-1.511831283569336	-0.000110466149636	0.000110466149636	32.024104027623736
2901.8798828125	-1.471780776977539	-0.000110071501695	0.000110071501695	32.024104027623736
2901.9208984375	-1.431367874145508	-0.000109647051431	0.000109647051431	32.024104027623736
2901.962890625	-1.391315460205078	-0.00010920513887	0.00010920513887	32.024104027623736
2902.0048828125	-1.350898742675781	-0.000108764623292	0.000108764623292	32.024104027623736
2902.046875	-1.310449600219727	-0.000108306761831	0.000108306761831	32.024104027623736
2902.0888671875	-1.270299911499023	-0.000107822124846	0.000107822124846	32.024104027623736
2902.130859375	-1.229827880859375	-0.000107301748358	0.000107301748358	32.024104027623736
2902.1728515625	-1.189672470092773	-0.000106769846752	0.000106769846752	32.024104027623736
2902.21484375	-1.149177551269531	-0.000106236548163	0.000106236548163	32.024104027623736
2902.2568359375	-1.109037399291992	-0.0001056821784	0.0001056821784	32.024104027623736
2902.298828125	-1.06854248046875	-0.000105093116872	0.000105093116872	32.024104027623736
2902.3408203125	-1.028411865234375	-0.000104471808299	0.000104471808299	32.024104027623736
2902.3828125	-0.98790168762207	-0.000103832804598	0.000103832804598	32.024104027623736
2902.4248046875	-0.947769165039062	-0.000103183789179	0.000103183789179	32.024104027623736
2902.466796875	-0.907270431518555	-0.000102496007457	0.000102496007457	32.024104027623736
2902.5087890625	-0.867134094238281	-0.000101766781881	0.000101766781881	32.024104027623736
2902.55078125	-0.826639175415039	-0.000101007870398	0.000101007870398	32.024104027623736
2902.5927734375	-0.786148071289062	-0.000100234290585	0.000100234290585	32.024104027623736
2902.685546875	-0.746192932128906	-9.941557073034346E-5	9.941557073034346E-5	32.024104027623736
2902.7275390625	-0.705724716186523	-9.857903933152556E-5	9.857903933152556E-5	32.024104027623736
2902.76953125	-0.665918350219727	-9.771023178473115E-5	9.771023178473115E-5	32.024104027623736
2902.8115234375	-0.625129699707031	-9.676936315372586E-5	9.676936315372586E-5	32.024104027623736
2902.853515625	-0.585329055786133	-9.580476034898311E-5	9.580476034898311E-5	32.024104027623736
2902.8955078125	-0.544475555419922	-9.479481377638876E-5	9.479481377638876E-5	32.024104027623736
2902.9375	-0.504697799682617	-9.375810623168945E-5	9.375810623168945E-5	32.024104027623736
2902.9794921875	-0.464204788208008	-9.264872642233968E-5	9.264872642233968E-5	32.024104027623736
2903.021484375	-0.424057006835937	-9.148012031801045E-5	9.148012031801045E-5	32.024104027623736
2903.0634765625	-0.383541107177734	-9.025052713695914E-5	9.025052713695914E-5	32.024104027623736
2903.10546875	-0.343402862548828	-8.899297972675413E-5	8.899297972675413E-5	32.024104027623736
2903.1474609375	-0.302911758422852	-8.764494850765914E-5	8.764494850765914E-5	32.024104027623736
2903.189453125	-0.262416839599609	-8.621366578154266E-5	8.621366578154266E-5	32.024104027623736
2903.2314453125	-0.222263336181641	-8.471292676404119E-5	8.471292676404119E-5	32.024104027623736
2903.2734375	-0.181768417358398	-8.312991121783853E-5	8.312991121783853E-5	32.024104027623736
2903.3154296875	-0.141616821289062	-8.146344043780118E-5	8.146344043780118E-5	32.024104027623736
2903.357421875	-0.101110458374023	-7.968342106323689E-5	7.968342106323689E-5	32.024104027623736
2903.3994140625	-0.060970306396484	-7.78038811404258E-5	7.78038811404258E-5	32.024104027623736
2903.44140625	-0.020452499389648	-7.577108044642955E-5	7.577108044642955E-5	32.024104027623736
2903.484375	0.01995849609375	-7.358292350545526E-5	7.358292350545526E-5	32.024104027623736
2903.525390625	0.060813903808594	-7.109924627002329E-5	7.109924627002329E-5	32.024104027623736
2903.5673828125	0.100624084472656	-6.795783701818436E-5	6.795783701818436E-5	32.024104027623736
2903.609375	0.141132354736328	-6.207182013895363E-5	6.207182013895363E-5	32.024104027623736
2903.6513671875	0.181333541870117	-4.51351806987077E-5	4.51351806987077E-5	32.024104027623736
2903.693359375	0.221925735473633	1.555997005198151E-5	1.555997005198151E-5	32.024104027623736
2903.8291015625	0.2620849609375	0.000252651050687	0.000252651050687	32.024104027623736
2903.87109375	0.302684783935547	0.000854566285852	0.000854566285852	32.024104027623736
2904.005859375	0.343055725097656	0.002037975005805	0.002037975005805	32.024104027623736
2904.0478515625	0.383216857910156	0.003543945960701	0.003543945960701	32.024104027623736
2904.08984375	0.423744201660156	0.005314635578543	0.005314635578543	32.024104027623736
2904.1318359375	0.463920593261719	0.00721461744979	0.00721461744979	32.024104027623736
2904.173828125	0.504461288452148	0.009220394305885	0.009220394305885	32.024104027623736
2904.26171875	0.544429779052734	0.011280089616776	0.011280089616776	32.024104027623736
2904.3037109375	0.584917068481445	0.013350732624531	0.013350732624531	32.024104027623736
2904.345703125	0.625072479248047	0.015413865447044	0.015413865447044	32.024104027623736
2904.3876953125	0.665489196777344	0.017483718693256	0.017483718693256	32.024104027623736
2904.4296875	0.705316543579102	0.019510313868523	0.019510313868523	32.024104027623736
2904.4716796875	0.746137619018555	0.021560542285442	0.021560542285442	32.024104027623736
2904.513671875	0.785945892333984	0.023540914058685	0.023540914058685	32.024104027623736
2904.5556640625	0.826793670654297	0.025547958910465	0.025547958910465	32.024104027623736
2904.59765625	0.86729621887207	0.02752424031496	0.02752424031496	32.024104027623736
2904.6396484375	0.907070159912109	0.029461868107319	0.029461868107319	32.024104027623736
2904.681640625	0.947919845581055	0.031457677483559	0.031457677483559	32.024104027623736
2904.7236328125	0.987714767456055	0.033400349318981	0.033400349318981	32.024104027623736
2904.765625	1.028219223022461	0.035399913787842	0.035399913787842	32.024104027623736
2904.8076171875	1.068374633789062	0.037419386208057	0.037419386208057	32.024104027623736
2904.849609375	1.108860015869141	0.039425231516361	0.039425231516361	32.024104027623736
2904.8916015625	1.149007797241211	0.041407138109207	0.041407138109207	32.024104027623736
2904.93359375	1.189512252807617	0.042934149503708	0.042934149503708	32.024104027623736
2904.9755859375	1.229663848876953	0.043672457337379	0.043672457337379	32.024104027623736
2905.017578125	1.270156860351562	0.044419676065445	0.044419676065445	32.024104027623736
2905.0595703125	1.310300827026367	0.043530143797398	0.043530143797398	32.024104027623736
2905.1015625	1.350742340087891	0.046904683113098	0.046904683113098	32.024104027623736
2905.1435546875	1.391294479370117	0.048497058451176	0.048497058451176	32.024104027623736
2905.1845703125	1.431249618530273	0.053962402045727	0.053962402045727	32.024104027623736
2905.2265625	1.471784591674805	0.059084564447403	0.059084564447403	32.024104027623736
2905.2685546875	1.511730194091797	0.064147345721722	0.064147345721722	32.024104027623736
2905.310546875	1.551979064941406	0.068752661347389	0.068752661347389	32.024104027623736
2905.3525390625	1.592128753662109	0.072861813008785	0.072861813008785	32.024104027623736
2905.39453125	1.632589340209961	0.07703597843647	0.07703597843647	32.024104027623736
2905.4365234375	1.67234992980957	0.082089617848396	0.082089617848396	32.024104027623736
2905.478515625	1.71306037902832	0.085759840905666	0.085759840905666	32.024104027623736
2905.5205078125	1.752880096435547	0.08816946297884	0.08816946297884	32.024104027623736
2905.5625	1.793054580688477	0.090780593454838	0.090780593454838	32.024104027623736
2905.6044921875	1.83323860168457	0.091797783970833	0.091797783970833	32.024104027623736
2905.646484375	1.87373161315918	0.092508189380169	0.092508189380169	32.024104027623736
2905.6884765625	1.913597106933594	0.093118354678154	0.093118354678154	32.024104027623736
2905.73046875	1.9542236328125	0.094147585332394	0.094147585332394	32.024104027623736
2905.7724609375	1.994565963745117	0.086386479437351	0.086386479437351	32.024104027623736
2905.814453125	1.899848937988281	0.083020105957985	0.083020105957985	32.024104027623736
2905.8564453125	1.758268356323242	0.100001990795135	0.100001990795135	32.024104027623736
2905.8984375	1.743778228759766	0.100001998245716	0.100001998245716	32.024104027623736
2905.94140625	1.735677719116211	0.100001990795135	0.100001990795135	32.024104027623736
2905.9833984375	1.730213165283203	0.100001975893974	0.100001975893974	32.024104027623736
2906.025390625	1.727670669555664	0.100001953542233	0.100001953542233	32.024104027623736
2906.0673828125	1.725738525390625	0.100001946091652	0.100001946091652	32.024104027623736
2906.1103515625	1.727817535400391	0.100001960992813	0.100001960992813	32.024104027623736
2906.15234375	1.722236633300781	0.100001953542233	0.100001953542233	32.024104027623736
2906.1943359375	1.719333648681641	0.100001983344555	0.100001983344555	32.024104027623736
2906.236328125	1.718027114868164	0.100001953542233	0.100001953542233	32.024104027623736
2906.279296875	1.718124389648437	0.100001938641071	0.100001938641071	32.024104027623736
2906.3212890625	1.721315383911133	0.100001893937588	0.100001893937588	32.024104027623736
2906.36328125	1.721258163452148	0.100001901388168	0.100001901388168	32.024104027623736
2906.4052734375	1.72010612487793	0.100001908838749	0.100001908838749	32.024104027623736
2906.4482421875	1.719291687011719	0.100001893937588	0.100001893937588	32.024104027623736
2906.490234375	1.722103118896484	0.100001931190491	0.100001931190491	32.024104027623736
2906.5322265625	1.727108001708984	0.100001893937588	0.100001893937588	32.024104027623736
2906.57421875	1.731470108032227	0.100001946091652	0.100001946091652	32.024104027623736
2906.6171875	1.744142532348633	0.10000191628933	0.10000191628933	32.024104027623736
2906.6591796875	1.773530960083008	0.100001946091652	0.100001946091652	32.024104027623736
2906.701171875	1.824886322021484	0.100001864135265	0.100001864135265	32.024104027623736
2906.7431640625	1.807403564453125	0.100002236664295	0.100002236664295	32.024104027623736
2906.7861328125	1.666179656982422	0.100003711879253	0.100003711879253	32.024104027623736
2906.828125	1.673675537109375	0.100001886487007	0.100001886487007	32.024104027623736
2990.0390625	-3.000738143920898	-0.000133147928864	0.000133147928864	32.790531551040395
2990.0810546875	-2.96026611328125	-0.000133033143356	0.000133033143356	32.790531551040395
2990.123046875	-2.920116424560547	-0.000132900197059	0.000132900197059	32.790531551040395
2990.1650390625	-2.879629135131836	-0.000132725690491	0.000132725690491	32.790531551040395
2990.20703125	-2.839471817016602	-0.000132533023134	0.000132533023134	32.790531551040395
2990.2490234375	-2.798980712890625	-0.000132331391796	0.000132331391796	32.790531551040395
2990.291015625	-2.758825302124023	-0.000132145127282	0.000132145127282	32.790531551040395
2990.3330078125	-2.71832275390625	-0.000131940701976	0.000131940701976	32.790531551040395
2990.375	-2.678615570068359	-0.000131709617563	0.000131709617563	32.790531551040395
2990.4169921875	-2.637893676757812	-0.000131463515572	0.000131463515572	32.790531551040395
2990.458984375	-2.598169326782227	-0.000131242326461	0.000131242326461	32.790531551040395
2990.5009765625	-2.557416915893555	-0.000131004839204	0.000131004839204	32.790531551040395
2990.54296875	-2.517705917358398	-0.000130748841912	0.000130748841912	32.790531551040395
2990.5849609375	-2.477291107177734	-0.00013047514949	0.00013047514949	32.790531551040395
2990.626953125	-2.436569213867187	-0.000130201224238	0.000130201224238	32.790531551040395
2990.6689453125	-2.396852493286133	-0.000129944994114	0.000129944994114	32.790531551040395
2990.7109375	-2.356443405151367	-0.000129665597342	0.000129665597342	32.790531551040395
2990.7529296875	-2.316381454467773	-0.00012935383711	0.00012935383711	32.790531551040395
2990.794921875	-2.2760009765625	-0.000129030784592	0.000129030784592	32.790531551040395
2990.8369140625	-2.235940933227539	-0.000128740095533	0.000128740095533	32.790531551040395
2990.87890625	-2.195545196533203	-0.000128424610011	0.000128424610011	32.790531551040395
2990.9208984375	-2.155464172363281	-0.000128096085973	0.000128096085973	32.790531551040395
2990.962890625	-2.115077972412109	-0.000127739622258	0.000127739622258	32.790531551040395
2991.0048828125	-2.075014114379883	-0.000127375591546	0.000127375591546	32.790531551040395
2991.046875	-2.03460693359375	-0.00012703507673	0.00012703507673	32.790531551040395
2991.0888671875	-1.994619369506836	-0.000126675469801	0.000126675469801	32.790531551040395
2991.130859375	-1.95421028137207	-0.000126272672787	0.000126272672787	32.790531551040395
2991.1728515625	-1.914182662963867	-0.000125867547467	0.000125867547467	32.790531551040395
2991.21484375	-1.873767852783203	-0.000125468708575	0.000125468708575	32.790531551040395
2991.2568359375	-1.83336067199707	-0.000125062768348	0.000125062768348	32.790531551040395
2991.298828125	-1.793296813964844	-0.000124640064314	0.000124640064314	32.790531551040395
2991.3408203125	-1.752908706665039	-0.000124184181914	0.000124184181914	32.790531551040395
2991.3828125	-1.712835311889648	-0.000123725854792	0.000123725854792	32.790531551040395
2991.4248046875	-1.672439575195312	-0.000123262987472	0.000123262987472	32.790531551040395
2991.466796875	-1.632717132568359	-0.00012280268129	0.00012280268129	32.790531551040395
2991.5087890625	-1.591968536376953	-0.00012229627464	0.00012229627464	32.790531551040395
2991.55078125	-1.552265167236328	-0.000121783348732	0.000121783348732	32.790531551040395
2991.5927734375	-1.511852264404297	-0.000121257500723	0.000121257500723	32.790531551040395
2991.634765625	-1.471805572509766	-0.000120733049698	0.000120733049698	32.790531551040395
2991.6767578125	-1.431398391723633	-0.000120181124657	0.000120181124657	32.790531551040395
2991.71875	-1.391345977783203	-0.000119600677863	0.000119600677863	32.790531551040395
2991.7607421875	-1.350925445556641	-0.000118992407806	0.000118992407806	32.790531551040395
2991.802734375	-1.310470581054687	-0.000118386582471	0.000118386582471	32.790531551040395
2991.8447265625	-1.270318984985352	-0.000117778196	0.000117778196	32.790531551040395
2991.88671875	-1.229843139648437	-0.00011713092681	0.00011713092681	32.790531551040395
2991.9287109375	-1.189691543579102	-0.000116462586448	0.000116462586448	32.790531551040395
2991.970703125	-1.149202346801758	-0.000115751056001	0.000115751056001	32.790531551040395
2992.0126953125	-1.109048843383789	-0.000115055707283	0.000115055707283	32.790531551040395
2992.0546875	-1.068550109863281	-0.000114340451546	0.000114340451546	32.790531551040395
2992.0966796875	-1.028427124023437	-0.000113583751954	0.000113583751954	32.790531551040395
2992.138671875	-0.987909317016602	-0.000112784095109	0.000112784095109	32.790531551040395
2992.1806640625	-0.947786331176758	-0.000111983739771	0.000111983739771	32.790531551040395
2992.2216796875	-0.907289505004883	-0.000111161032692	0.000111161032692	32.790531551040395
2992.263671875	-0.867156982421875	-0.000110315508209	0.000110315508209	32.790531551040395
2992.3056640625	-0.826658248901367	-0.000109410029836	0.000109410029836	32.790531551040395
2992.34765625	-0.786159515380859	-0.000108477426693	0.000108477426693	32.790531551040395
2992.3896484375	-0.746000289916992	-0.000107531668618	0.000107531668618	32.790531551040395
2992.431640625	-0.705528259277344	-0.000106559717096	0.000106559717096	32.790531551040395
2992.4736328125	-0.665714263916016	-0.00010554632172	0.00010554632172	32.790531551040395
2992.515625	-0.624927520751953	-0.000104469712824	0.000104469712824	32.790531551040395
2992.5576171875	-0.585136413574219	-0.000103384023532	0.000103384023532	32.790531551040395
2992.599609375	-0.544290542602539	-0.000102238846011	0.000102238846011	32.790531551040395
2992.6416015625	-0.504510879516602	-0.000101080397144	0.000101080397144	32.790531551040395
2992.7353515625	-0.464235305786133	-9.984403732232749E-5	9.984403732232749E-5	32.790531551040395
2992.7763671875	-0.424093246459961	-9.856733959168196E-5	9.856733959168196E-5	32.790531551040395
2992.818359375	-0.383579254150391	-9.721284732222557E-5	9.721284732222557E-5	32.790531551040395
2992.8603515625	-0.343439102172852	-9.583121573086828E-5	9.583121573086828E-5	32.790531551040395
2992.90234375	-0.302932739257812	-9.438251436222345E-5	9.438251436222345E-5	32.790531551040395
2992.9443359375	-0.262449264526367	-9.286204294767231E-5	9.286204294767231E-5	32.790531551040395
2992.986328125	-0.222299575805664	-9.126182703766972E-5	9.126182703766972E-5	32.790531551040395
2993.0283203125	-0.181798934936523	-8.957297541201115E-5	8.957297541201115E-5	32.790531551040395
2993.0703125	-0.141641616821289	-8.782419899944216E-5	8.782419899944216E-5	32.790531551040395
2993.1123046875	-0.101146697998047	-8.595106191933155E-5	8.595106191933155E-5	32.790531551040395
2993.154296875	-0.060997009277344	-8.397239434998482E-5	8.397239434998482E-5	32.790531551040395
2993.1962890625	-0.020492553710937	-8.181683369912207E-5	8.181683369912207E-5	32.790531551040395
2993.2392578125	0.019947052001953	-7.948254642542452E-5	7.948254642542452E-5	32.790531551040395
2993.28125	0.060806274414062	-7.685253513045609E-5	7.685253513045609E-5	32.790531551040395
2993.3232421875	0.100616455078125	-7.35713547328487E-5	7.35713547328487E-5	32.790531551040395
2993.365234375	0.141119003295898	-6.774743087589741E-5	6.774743087589741E-5	32.790531551040395
2993.4072265625	0.181306838989258	-5.175205296836793E-5	5.175205296836793E-5	32.790531551040395
2993.50390625	0.221960067749023	8.044045898714103E-6	8.044045898714103E-6	32.790531551040395
2993.638671875	0.262077331542969	0.000237395172007	0.000237395172007	32.790531551040395
2993.6806640625	0.302705764770508	0.000880353967659	0.000880353967659	32.790531551040395
2993.8154296875	0.343076705932617	0.002210387028754	0.002210387028754	32.790531551040395
2993.857421875	0.383241653442383	0.003993179649115	0.003993179649115	32.790531551040395
2993.8994140625	0.423772811889648	0.006134063471109	0.006134063471109	32.790531551040395
2993.94140625	0.463945388793945	0.008454769849777	0.008454769849777	32.790531551040395
2994.0302734375	0.504297256469727	0.010952144861221	0.010952144861221	32.790531551040395
2994.0712890625	0.544445037841797	0.013463370501995	0.013463370501995	32.790531551040395
2994.1142578125	0.584928512573242	0.016038484871387	0.016038484871387	32.790531551040395
2994.15625	0.625080108642578	0.018613323569298	0.018613323569298	32.790531551040395
2994.1982421875	0.665508270263672	0.021212927997112	0.021212927997112	32.790531551040395
2994.240234375	0.705327987670898	0.023771785199642	0.023771785199642	32.790531551040395
2994.28125	0.746152877807617	0.026385992765427	0.026385992765427	32.790531551040395
2994.3232421875	0.785974502563477	0.028927847743034	0.028927847743034	32.790531551040395
2994.365234375	0.826814651489258	0.03152197599411	0.03152197599411	32.790531551040395
2994.4072265625	0.867319107055664	0.034081645309925	0.034081645309925	32.790531551040395
2994.44921875	0.9071044921875	0.036582931876183	0.036582931876183	32.790531551040395
2994.4912109375	0.947954177856445	0.039139524102211	0.039139524102211	32.790531551040395
2994.533203125	0.987739562988281	0.041616760194302	0.041616760194302	32.790531551040395
2994.5751953125	1.02824592590332	0.044315993785858	0.044315993785858	32.790531551040395
2994.6171875	1.068414688110352	0.046711467206478	0.046711467206478	32.790531551040395
2994.6591796875	1.109033584594727	0.048796117305756	0.048796117305756	32.790531551040395
2994.701171875	1.149625778198242	0.044190645217896	0.044190645217896	32.790531551040395
2994.7431640625	1.18946647644043	0.03089365363121	0.03089365363121	32.790531551040395
2994.78515625	1.229459762573242	0.03470242023468	0.03470242023468	32.790531551040395
2994.8271484375	1.270126342773437	0.044057436287403	0.044057436287403	32.790531551040395
2994.869140625	1.310409545898437	0.048630222678185	0.048630222678185	32.790531551040395
2994.9111328125	1.350685119628906	0.050636239349842	0.050636239349842	32.790531551040395
2994.953125	1.391220092773437	0.054331615567207	0.054331615567207	32.790531551040395
2994.9951171875	1.431541442871094	0.055952444672585	0.055952444672585	32.790531551040395
2995.037109375	1.471607208251953	0.059605911374092	0.059605911374092	32.790531551040395
2995.0791015625	1.51176643371582	0.065795533359051	0.065795533359051	32.790531551040395
2995.12109375	1.552284240722656	0.066771864891052	0.066771864891052	32.790531551040395
2995.1630859375	1.591760635375977	0.061695083975792	0.061695083975792	32.790531551040395
2995.205078125	1.632541656494141	0.039943411946297	0.039943411946297	32.790531551040395
2995.2470703125	1.672510147094727	0.080145806074142	0.080145806074142	32.790531551040395
2995.2890625	1.713743209838867	0.071108601987362	0.071108601987362	32.790531551040395
2995.3310546875	1.752773284912109	0.046914033591747	0.046914033591747	32.790531551040395
2995.373046875	1.793146133422852	0.048195347189903	0.048195347189903	32.790531551040395
2995.4150390625	1.833200454711914	0.049036346375942	0.049036346375942	32.790531551040395
2995.45703125	1.873611450195312	0.05321429669857	0.05321429669857	32.790531551040395
2995.4990234375	1.913686752319336	0.053854428231716	0.053854428231716	32.790531551040395
2995.5400390625	1.954069137573242	0.056047521531582	0.056047521531582	32.790531551040395
2995.58203125	1.882358551025391	0.087454728782177	0.087454728782177	32.790531551040395
2995.625	1.765140533447266	0.100002221763134	0.100002221763134	32.790531551040395
2995.6669921875	1.741571426391602	0.100002035498619	0.100002035498619	32.790531551040395
2995.708984375	1.731019973754883	0.100001990795135	0.100001990795135	32.790531551040395
2995.751953125	1.722930908203125	0.100002013146877	0.100002013146877	32.790531551040395
2995.7939453125	1.717382431030273	0.100002020597458	0.100002020597458	32.790531551040395
2995.8359375	1.712368011474609	0.100002013146877	0.100002013146877	32.790531551040395
2995.8779296875	1.707675933837891	0.100002013146877	0.100002013146877	32.790531551040395
2995.9208984375	1.703950881958008	0.100001983344555	0.100001983344555	32.790531551040395
2995.962890625	1.700315475463867	0.100001968443394	0.100001968443394	32.790531551040395
2996.0048828125	1.697540283203125	0.100001983344555	0.100001983344555	32.790531551040395
2996.046875	1.694700241088867	0.100001990795135	0.100001990795135	32.790531551040395
2996.08984375	1.691839218139648	0.100001975893974	0.100001975893974	32.790531551040395
2996.1318359375	1.68897819519043	0.100002028048038	0.100002028048038	32.790531551040395
2996.173828125	1.6865234375	0.100001983344555	0.100001983344555	32.790531551040395
2996.2158203125	1.684408187866211	0.100001975893974	0.100001975893974	32.790531551040395
2996.2587890625	1.682842254638672	0.100001975893974	0.100001975893974	32.790531551040395
2996.30078125	1.681203842163086	0.100001998245716	0.100001998245716	32.790531551040395
2996.3427734375	1.679304122924805	0.100001983344555	0.100001983344555	32.790531551040395
2996.384765625	1.677665710449219	0.100001953542233	0.100001953542233	32.790531551040395
2996.427734375	1.675901412963867	0.100001938641071	0.100001938641071	32.790531551040395
2996.4697265625	1.674564361572266	0.100001931190491	0.100001931190491	32.790531551040395
2996.51171875	1.672979354858398	0.100001946091652	0.100001946091652	32.790531551040395
2996.5537109375	1.6717529296875	0.100001946091652	0.100001946091652	32.790531551040395
2996.5966796875	1.670578002929687	0.100001931190491	0.100001931190491	32.790531551040395
2996.638671875	1.669448852539062	0.10000192373991	0.10000192373991	32.790531551040395
3043.4501953125	-3.000728607177734	-0.00013499672059	0.00013499672059	30.443583477508703
3043.4921875	-2.960262298583984	-0.000134832458571	0.000134832458571	30.443583477508703
3043.5341796875	-2.920108795166016	-0.000134653644636	0.000134653644636	30.443583477508703
3043.576171875	-2.879610061645508	-0.000134489964694	0.000134489964694	30.443583477508703
3043.6181640625	-2.839460372924805	-0.00013430591207	0.00013430591207	30.443583477508703
3043.66015625	-2.798982620239258	-0.000134087866172	0.000134087866172	30.443583477508703
3043.7021484375	-2.758815765380859	-0.000133865047246	0.000133865047246	30.443583477508703
3043.744140625	-2.71832275390625	-0.000133632216603	0.000133632216603	30.443583477508703
3043.7861328125	-2.678607940673828	-0.000133417546749	0.000133417546749	30.443583477508703
3043.828125	-2.637887954711914	-0.000133181223646	0.000133181223646	30.443583477508703
3043.8701171875	-2.598167419433594	-0.000132928020321	0.000132928020321	30.443583477508703
3043.912109375	-2.557405471801758	-0.000132643734105	0.000132643734105	30.443583477508703
3043.9541015625	-2.517711639404297	-0.000132395070978	0.000132395070978	30.443583477508703
3043.99609375	-2.477304458618164	-0.000132122542709	0.000132122542709	30.443583477508703
3044.0380859375	-2.436578750610352	-0.000131844659336	0.000131844659336	30.443583477508703
3044.080078125	-2.396854400634766	-0.000131537904963	0.000131537904963	30.443583477508703
3044.1220703125	-2.35645866394043	-0.000131223467179	0.000131223467179	30.443583477508703
3044.1640625	-2.31639289855957	-0.000130931497552	0.000130931497552	30.443583477508703
3044.2060546875	-2.276010513305664	-0.000130631378852	0.000130631378852	30.443583477508703
3044.248046875	-2.235935211181641	-0.000130299828015	0.000130299828015	30.443583477508703
3044.2890625	-2.195535659790039	-0.000129939056933	0.000129939056933	30.443583477508703
3044.3310546875	-2.155475616455078	-0.000129592604935	0.000129592604935	30.443583477508703
3044.373046875	-2.115083694458008	-0.00012924906332	0.00012924906332	30.443583477508703
3044.4150390625	-2.075027465820312	-0.000128899817355	0.000128899817355	30.443583477508703
3044.45703125	-2.03460693359375	-0.000128499581479	0.000128499581479	30.443583477508703
3044.4990234375	-1.994613647460937	-0.000128106330521	0.000128106330521	30.443583477508703
3044.541015625	-1.954212188720703	-0.000127712148242	0.000127712148242	30.443583477508703
3044.5830078125	-1.914176940917969	-0.000127317500301	0.000127317500301	30.443583477508703
3044.625	-1.873762130737305	-0.000126892700791	0.000126892700791	30.443583477508703
3044.6669921875	-1.833358764648437	-0.000126450555399	0.000126450555399	30.443583477508703
3044.708984375	-1.793304443359375	-0.000126005965285	0.000126005965285	30.443583477508703
3044.7509765625	-1.752904891967773	-0.000125552760437	0.000125552760437	30.443583477508703
3044.79296875	-1.712852478027344	-0.000125093152747	0.000125093152747	30.443583477508703
3044.8349609375	-1.672441482543945	-0.000124592101201	0.000124592101201	30.443583477508703
3044.876953125	-1.632720947265625	-0.00012409244664	0.00012409244664	30.443583477508703
3044.9189453125	-1.591974258422852	-0.000123570905998	0.000123570905998	30.443583477508703
3044.9609375	-1.552270889282227	-0.00012307066936	0.00012307066936	30.443583477508703
3045.0029296875	-1.511850357055664	-0.000122530502267	0.000122530502267	30.443583477508703
3045.044921875	-1.471805572509766	-0.000121957273223	0.000121957273223	30.443583477508703
3045.0869140625	-1.431396484375	-0.000121372635476	0.000121372635476	30.443583477508703
3045.12890625	-1.391349792480469	-0.000120792537928	0.000120792537928	30.443583477508703
3045.1708984375	-1.350931167602539	-0.000120199052617	0.000120199052617	30.443583477508703
3045.212890625	-1.310476303100586	-0.000119571923278	0.000119571923278	30.443583477508703
3045.2548828125	-1.27031135559082	-0.000118915224448	0.000118915224448	30.443583477508703
3045.296875	-1.229852676391602	-0.000118227675557	0.000118227675557	30.443583477508703
3045.3388671875	-1.189699172973633	-0.000117564457469	0.000117564457469	30.443583477508703
3045.380859375	-1.149208068847656	-0.000116866081953	0.000116866081953	30.443583477508703
3045.4228515625	-1.109050750732422	-0.00011612509843	0.00011612509843	30.443583477508703
3045.46484375	-1.06855583190918	-0.000115360599011	0.000115360599011	30.443583477508703
3045.5068359375	-1.028430938720703	-0.000114581314847	0.000114581314847	30.443583477508703
3045.548828125	-0.987913131713867	-0.00011379388161	0.00011379388161	30.443583477508703
3045.5908203125	-0.947788238525391	-0.000112981186248	0.000112981186248	30.443583477508703
3045.6328125	-0.907295227050781	-0.000112108769827	0.000112108769827	30.443583477508703
3045.6748046875	-0.867168426513672	-0.000111220171675	0.000111220171675	30.443583477508703
3045.716796875	-0.826654434204102	-0.000110319699161	0.000110319699161	30.443583477508703
3045.7587890625	-0.786169052124023	-0.000109384534881	0.000109384534881	30.443583477508703
3045.80078125	-0.746006011962891	-0.000108421081677	0.000108421081677	30.443583477508703
3045.8427734375	-0.705532073974609	-0.000107390922494	0.000107390922494	30.443583477508703
3045.884765625	-0.665702819824219	-0.000106352381408	0.000106352381408	30.443583477508703
3045.9267578125	-0.624933242797852	-0.000105270300992	0.000105270300992	30.443583477508703
3045.96875	-0.585140228271484	-0.000104174367152	0.000104174367152	30.443583477508703
3046.0107421875	-0.544292449951172	-0.000102992868051	0.000102992868051	30.443583477508703
3046.052734375	-0.504512786865234	-0.000101777142845	0.000101777142845	30.443583477508703
3046.0947265625	-0.464019775390625	-0.000100518809631	0.000100518809631	30.443583477508703
3046.1875	-0.42408561706543	-9.92205023067072E-5	9.92205023067072E-5	30.443583477508703
3046.2294921875	-0.383581161499023	-9.786362352315336E-5	9.786362352315336E-5	30.443583477508703
3046.271484375	-0.343454360961914	-9.64730279520154E-5	9.64730279520154E-5	30.443583477508703
3046.3134765625	-0.302946090698242	-9.498280996922404E-5	9.498280996922404E-5	30.443583477508703
3046.35546875	-0.26243782043457	-9.341081022284925E-5	9.341081022284925E-5	30.443583477508703
3046.3974609375	-0.222286224365234	-9.180093184113503E-5	9.180093184113503E-5	30.443583477508703
3046.439453125	-0.181804656982422	-9.010609937831759E-5	9.010609937831759E-5	30.443583477508703
3046.4814453125	-0.141654968261719	-8.832695311866701E-5	8.832695311866701E-5	30.443583477508703
3046.5234375	-0.101142883300781	-8.64137546159327E-5	8.64137546159327E-5	30.443583477508703
3046.5654296875	-0.060983657836914	-8.440240344498307E-5	8.440240344498307E-5	30.443583477508703
3046.607421875	-0.020479202270508	-8.224799239542335E-5	8.224799239542335E-5	30.443583477508703
3046.6494140625	0.019948959350586	-7.991018355824053E-5	7.991018355824053E-5	30.443583477508703
3046.69140625	0.060798645019531	-7.726070180069655E-5	7.726070180069655E-5	30.443583477508703
3046.7333984375	0.100612640380859	-7.395374996121973E-5	7.395374996121973E-5	30.443583477508703
3046.775390625	0.141122817993164	-6.812358333263546E-5	6.812358333263546E-5	30.443583477508703
3046.8173828125	0.181314468383789	-5.218879960011691E-5	5.218879960011691E-5	30.443583477508703
3046.9150390625	0.221952438354492	7.639293471584097E-6	7.639293471584097E-6	30.443583477508703
3047.0498046875	0.262075424194336	0.000239924062043	0.000239924062043	30.443583477508703
3047.091796875	0.302698135375977	0.000910546747036	0.000910546747036	30.443583477508703
3047.2265625	0.343067169189453	0.002354792319238	0.002354792319238	30.443583477508703
3047.2685546875	0.38323974609375	0.004330854862928	0.004330854862928	30.443583477508703
3047.310546875	0.423774719238281	0.006734163034707	0.006734163034707	30.443583477508703
3047.3525390625	0.463966369628906	0.009362084791064	0.009362084791064	30.443583477508703
3047.4404296875	0.504302978515625	0.012225739657879	0.012225739657879	30.443583477508703
3047.482421875	0.544452667236328	0.015112973749638	0.015112973749638	30.443583477508703
3047.5244140625	0.584936141967773	0.018100440502167	0.018100440502167	30.443583477508703
3047.56640625	0.625089645385742	0.021112844347954	0.021112844347954	30.443583477508703
3047.6083984375	0.665517807006836	0.024179063737392	0.024179063737392	30.443583477508703
3047.650390625	0.705341339111328	0.027221530675888	0.027221530675888	30.443583477508703
3047.6923828125	0.746170043945312	0.030352041125298	0.030352041125298	30.443583477508703
3047.734375	0.785993576049805	0.033413216471672	0.033413216471672	30.443583477508703
3047.7763671875	0.82682991027832	0.036552906036377	0.036552906036377	30.443583477508703
3047.818359375	0.867341995239258	0.03966349363327	0.03966349363327	30.443583477508703
3047.8603515625	0.907123565673828	0.042708821594715	0.042708821594715	30.443583477508703
3047.90234375	0.947973251342773	0.045833058655262	0.045833058655262	30.443583477508703
3047.9443359375	0.987768173217773	0.048871569335461	0.048871569335461	30.443583477508703
3047.986328125	1.028270721435547	0.051940768957138	0.051940768957138	30.443583477508703
3048.0283203125	1.068429946899414	0.054969131946564	0.054969131946564	30.443583477508703
3048.0703125	1.108913421630859	0.057996541261673	0.057996541261673	30.443583477508703
3048.1123046875	1.149065017700195	0.06096974760294	0.06096974760294	30.443583477508703
3048.154296875	1.189559936523437	0.063936606049538	0.063936606049538	30.443583477508703
3048.1962890625	1.22972297668457	0.066845804452896	0.066845804452896	30.443583477508703
3048.23828125	1.270200729370117	0.069734089076519	0.069734089076519	30.443583477508703
3048.2802734375	1.310358047485352	0.072582125663757	0.072582125663757	30.443583477508703
3048.322265625	1.350833892822266	0.075459204614162	0.075459204614162	30.443583477508703
3048.3642578125	1.391250610351562	0.078271724283695	0.078271724283695	30.443583477508703
3048.40625	1.431295394897461	0.081013165414333	0.081013165414333	30.443583477508703
3048.4482421875	1.471710205078125	0.083764299750328	0.083764299750328	30.443583477508703
3048.490234375	1.511775970458984	0.086680695414543	0.086680695414543	30.443583477508703
3048.5322265625	1.552186965942383	0.089544348418713	0.089544348418713	30.443583477508703
3048.5732421875	1.592260360717773	0.092301942408085	0.092301942408085	30.443583477508703
3048.615234375	1.63264274597168	0.095044761896133	0.095044761896133	30.443583477508703
3048.6572265625	1.672372817993164	0.097634620964527	0.097634620964527	30.443583477508703
3048.69921875	1.707324981689453	0.099999308586121	0.099999308586121	30.443583477508703
3048.7421875	1.705097198486328	0.100002028048038	0.100002028048038	30.443583477508703
3048.7841796875	1.703062057495117	0.100002035498619	0.100002035498619	30.443583477508703
3048.826171875	1.701436996459961	0.100001983344555	0.100001983344555	30.443583477508703
3048.8681640625	1.700372695922852	0.100001990795135	0.100001990795135	30.443583477508703
3048.9111328125	1.699176788330078	0.100001998245716	0.100001998245716	30.443583477508703
3048.953125	1.697784423828125	0.100001983344555	0.100001983344555	30.443583477508703
3048.9951171875	1.696537017822266	0.100001998245716	0.100001998245716	30.443583477508703
3049.037109375	1.69572639465332	0.100001983344555	0.100001983344555	30.443583477508703
3049.080078125	1.694768905639648	0.100001960992813	0.100001960992813	30.443583477508703
3049.1220703125	1.694011688232422	0.100001953542233	0.100001953542233	30.443583477508703
3049.1640625	1.693073272705078	0.100001975893974	0.100001975893974	30.443583477508703
3049.2060546875	1.692712783813477	0.100001960992813	0.100001960992813	30.443583477508703
3049.2490234375	1.693264007568359	0.100001953542233	0.100001953542233	30.443583477508703
3049.291015625	1.693586349487305	0.100001975893974	0.100001975893974	30.443583477508703
3049.3330078125	1.695812225341797	0.100001968443394	0.100001968443394	30.443583477508703
3049.375	1.696384429931641	0.100001975893974	0.100001975893974	30.443583477508703
3049.41796875	1.695619583129883	0.100002013146877	0.100002013146877	30.443583477508703
3049.4599609375	1.695234298706055	0.100001968443394	0.100001968443394	30.443583477508703
3049.501953125	1.694799423217773	0.100001960992813	0.100001960992813	30.443583477508703
3049.5439453125	1.694614410400391	0.100002013146877	0.100002013146877	30.443583477508703
3049.5869140625	1.694995880126953	0.100001968443394	0.100001968443394	30.443583477508703
3049.62890625	1.697431564331055	0.100001975893974	0.100001975893974	30.443583477508703
3049.6708984375	1.703451156616211	0.100001983344555	0.100001983344555	30.443583477508703
3049.712890625	1.708786010742187	0.100001968443394	0.100001968443394	30.443583477508703
3049.755859375	1.7093505859375	0.100001931190491	0.100001931190491	30.443583477508703
3049.7978515625	1.709739685058594	0.100001968443394	0.100001968443394	30.443583477508703
3049.83984375	1.709552764892578	0.100001968443394	0.100001968443394	30.443583477508703
3049.8818359375	1.709152221679687	0.100001960992813	0.100001960992813	30.443583477508703
3049.9248046875	1.709199905395508	0.100001968443394	0.100001968443394	30.443583477508703
3049.966796875	1.708755493164062	0.100001968443394	0.100001968443394	30.443583477508703
3050.0087890625	1.708808898925781	0.100001946091652	0.100001946091652	30.443583477508703
3050.05078125	1.708562850952148	0.100001953542233	0.100001953542233	30.443583477508703
3121.8359375	-3.000728607177734	-0.000124179641716	0.000124179641716	29.828548356640894
3121.8779296875	-2.960254669189453	-0.000124160898849	0.000124160898849	29.828548356640894
3121.919921875	-2.92010498046875	-0.000124078593217	0.000124078593217	29.828548356640894
3121.9619140625	-2.879613876342773	-0.000123992329463	0.000123992329463	29.828548356640894
3122.00390625	-2.839443206787109	-0.000123911653645	0.000123911653645	29.828548356640894
3122.0458984375	-2.79896354675293	-0.000123818870634	0.000123818870634	29.828548356640894
3122.087890625	-2.758810043334961	-0.000123687786981	0.000123687786981	29.828548356640894
3122.1298828125	-2.718311309814453	-0.000123540288769	0.000123540288769	29.828548356640894
3122.171875	-2.678598403930664	-0.000123412231915	0.000123412231915	29.828548356640894
3122.2138671875	-2.637874603271484	-0.000123265315779	0.000123265315779	29.828548356640894
3122.255859375	-2.598154067993164	-0.000123123289086	0.000123123289086	29.828548356640894
3122.2978515625	-2.557409286499023	-0.000122942379676	0.000122942379676	29.828548356640894
3122.33984375	-2.517704010009766	-0.000122759840451	0.000122759840451	29.828548356640894
3122.3818359375	-2.477291107177734	-0.000122591969557	0.000122591969557	29.828548356640894
3122.423828125	-2.436578750610352	-0.000122406287119	0.000122406287119	29.828548356640894
3122.4658203125	-2.396846771240234	-0.000122214434668	0.000122214434668	29.828548356640894
3122.5078125	-2.356452941894531	-0.000121983117424	0.000121983117424	29.828548356640894
3122.5498046875	-2.31639289855957	-0.00012177915778	0.00012177915778	29.828548356640894
3122.591796875	-2.2760009765625	-0.000121569959447	0.000121569959447	29.828548356640894
3122.6337890625	-2.235931396484375	-0.000121347140521	0.000121347140521	29.828548356640894
3122.67578125	-2.195537567138672	-0.00012108462397	0.00012108462397	29.828548356640894
3122.7177734375	-2.155467987060547	-0.00012082781177	0.00012082781177	29.828548356640894
3122.759765625	-2.115081787109375	-0.000120582873933	0.000120582873933	29.828548356640894
3122.8017578125	-2.075023651123047	-0.000120326061733	0.000120326061733	29.828548356640894
3122.84375	-2.034603118896484	-0.000120041193441	0.000120041193441	29.828548356640894
3122.8857421875	-1.994621276855469	-0.000119736418128	0.000119736418128	29.828548356640894
3122.927734375	-1.954221725463867	-0.000119437347166	0.000119437347166	29.828548356640894
3122.9697265625	-1.9141845703125	-0.00011913839262	0.00011913839262	29.828548356640894
3123.01171875	-1.873767852783203	-0.000118824886158	0.000118824886158	29.828548356640894
3123.0537109375	-1.833362579345703	-0.000118473661132	0.000118473661132	29.828548356640894
3123.095703125	-1.793296813964844	-0.000118127441965	0.000118127441965	29.828548356640894
3123.1376953125	-1.752901077270508	-0.000117765623145	0.000117765623145	29.828548356640894
3123.1796875	-1.712839126586914	-0.000117418821901	0.000117418821901	29.828548356640894
3123.2216796875	-1.672439575195312	-0.000117029994726	0.000117029994726	29.828548356640894
3123.263671875	-1.632720947265625	-0.000116630224511	0.000116630224511	29.828548356640894
3123.3056640625	-1.591962814331055	-0.000116202281788	0.000116202281788	29.828548356640894
3123.34765625	-1.552267074584961	-0.00011579063721	0.00011579063721	29.828548356640894
3123.3896484375	-1.511850357055664	-0.000115360249765	0.000115360249765	29.828548356640894
3123.431640625	-1.471803665161133	-0.000114900292829	0.000114900292829	29.828548356640894
3123.4736328125	-1.431385040283203	-0.000114414608106	0.000114414608106	29.828548356640894
3123.515625	-1.391345977783203	-0.000113922636956	0.000113922636956	29.828548356640894
3123.5576171875	-1.350921630859375	-0.000113421934657	0.000113421934657	29.828548356640894
3123.599609375	-1.310468673706055	-0.000112909707241	0.000112909707241	29.828548356640894
3123.6416015625	-1.270313262939453	-0.000112348352559	0.000112348352559	29.828548356640894
3123.68359375	-1.229850769042969	-0.000111774425022	0.000111774425022	29.828548356640894
3123.7255859375	-1.189691543579102	-0.000111184548587	0.000111184548587	29.828548356640894
3123.767578125	-1.149188995361328	-0.000110584893264	0.000110584893264	29.828548356640894
3123.8095703125	-1.109046936035156	-0.000109954737127	0.000109954737127	29.828548356640894
3123.8505859375	-1.068546295166016	-0.000109289889224	0.000109289889224	29.828548356640894
3123.892578125	-1.028415679931641	-0.000108599662781	0.000108599662781	29.828548356640894
3123.9345703125	-0.987897872924805	-0.000107905361801	0.000107905361801	29.828548356640894
3123.9765625	-0.947771072387695	-0.000107190338895	0.000107190338895	29.828548356640894
3124.0185546875	-0.90727424621582	-0.000106410006993	0.000106410006993	29.828548356640894
3124.060546875	-0.867149353027344	-0.000105606741272	0.000105606741272	29.828548356640894
3124.1025390625	-0.826642990112305	-0.000104780890979	0.000104780890979	29.828548356640894
3124.14453125	-0.786151885986328	-0.000103935832158	0.000103935832158	29.828548356640894
3124.1865234375	-0.745998382568359	-0.000103053171188	0.000103053171188	29.828548356640894
3124.228515625	-0.705516815185547	-0.00010210252367	0.00010210252367	29.828548356640894
3124.2705078125	-0.665699005126953	-0.000101141282357	0.000101141282357	29.828548356640894
3124.3125	-0.624923706054687	-0.000100133242086	0.000100133242086	29.828548356640894
3124.4052734375	-0.58534049987793	-9.908257925417274E-5	9.908257925417274E-5	29.828548356640894
3124.447265625	-0.544504165649414	-9.798893006518483E-5	9.798893006518483E-5	29.828548356640894
3124.4892578125	-0.504709243774414	-9.686061821412295E-5	9.686061821412295E-5	29.828548356640894
3124.53125	-0.464214324951172	-9.564594074618071E-5	9.564594074618071E-5	29.828548356640894
3124.5732421875	-0.424064636230469	-9.438868437428027E-5	9.438868437428027E-5	29.828548356640894
3124.615234375	-0.38355827331543	-9.308235894422978E-5	9.308235894422978E-5	29.828548356640894
3124.6572265625	-0.343421936035156	-9.172351565212011E-5	9.172351565212011E-5	29.828548356640894
3124.69921875	-0.302911758422852	-9.02632309589535E-5	9.02632309589535E-5	29.828548356640894
3124.7412109375	-0.262414932250977	-8.872849866747856E-5	8.872849866747856E-5	29.828548356640894
3124.783203125	-0.222269058227539	-8.71408119564876E-5	8.71408119564876E-5	29.828548356640894
3124.8251953125	-0.181783676147461	-8.546460594516248E-5	8.546460594516248E-5	29.828548356640894
3124.8671875	-0.141624450683594	-8.36958788568154E-5	8.36958788568154E-5	29.828548356640894
3124.9091796875	-0.101112365722656	-8.179069845937192E-5	8.179069845937192E-5	29.828548356640894
3124.951171875	-0.060966491699219	-7.979881775099784E-5	7.979881775099784E-5	29.828548356640894
3124.9931640625	-0.020462036132812	-7.766873750369996E-5	7.766873750369996E-5	29.828548356640894
3125.03515625	0.019956588745117	-7.536787597928196E-5	7.536787597928196E-5	29.828548356640894
3125.0771484375	0.060829162597656	-7.276458200067282E-5	7.276458200067282E-5	29.828548356640894
3125.119140625	0.10064697265625	-6.950733950361609E-5	6.950733950361609E-5	29.828548356640894
3125.1611328125	0.141157150268555	-6.3583895098418E-5	6.3583895098418E-5	29.828548356640894
3125.203125	0.181341171264648	-4.678033292293549E-5	4.678033292293549E-5	29.828548356640894
3125.2451171875	0.221946716308594	1.410195545759052E-5	1.410195545759052E-5	29.828548356640894
3125.380859375	0.262100219726562	0.000263445312157	0.000263445312157	29.828548356640894
3125.4228515625	0.302728652954102	0.000954781135079	0.000954781135079	29.828548356640894
3125.5576171875	0.34309196472168	0.002397456206381	0.002397456206381	29.828548356640894
3125.599609375	0.383258819580078	0.004335524514318	0.004335524514318	29.828548356640894
3125.6416015625	0.423797607421875	0.006673042662442	0.006673042662442	29.828548356640894
3125.68359375	0.4639892578125	0.009220287203789	0.009220287203789	29.828548356640894
3125.771484375	0.504318237304687	0.011977054178715	0.011977054178715	29.828548356640894
3125.8134765625	0.544464111328125	0.014766313135624	0.014766313135624	29.828548356640894
3125.85546875	0.584951400756836	0.017655223608017	0.017655223608017	29.828548356640894
3125.8974609375	0.625110626220703	0.020570367574692	0.020570367574692	29.828548356640894
3125.939453125	0.665534973144531	0.023540504276752	0.023540504276752	29.828548356640894
3125.9814453125	0.705360412597656	0.026492558419704	0.026492558419704	29.828548356640894
3126.0234375	0.746187210083008	0.029536195099354	0.029536195099354	29.828548356640894
3126.0654296875	0.78599739074707	0.032517537474632	0.032517537474632	29.828548356640894
3126.107421875	0.826845169067383	0.035584166646004	0.035584166646004	29.828548356640894
3126.1494140625	0.867353439331055	0.038631401956081	0.038631401956081	29.828548356640894
3126.19140625	0.907133102416992	0.041627444326878	0.041627444326878	29.828548356640894
3126.2333984375	0.94798469543457	0.044706031680107	0.044706031680107	29.828548356640894
3126.275390625	0.987773895263672	0.047705583274364	0.047705583274364	29.828548356640894
3126.3173828125	1.028282165527344	0.050756640732288	0.050756640732288	29.828548356640894
3126.359375	1.068447113037109	0.053780123591423	0.053780123591423	29.828548356640894
3126.4013671875	1.108922958374023	0.056824646890163	0.056824646890163	29.828548356640894
3126.443359375	1.149072647094727	0.059837982058525	0.059837982058525	29.828548356640894
3126.4853515625	1.189573287963867	0.062867999076843	0.062867999076843	29.828548356640894
3126.52734375	1.229738235473633	0.065868131816387	0.065868131816387	29.828548356640894
3126.5693359375	1.270229339599609	0.068884149193764	0.068884149193764	29.828548356640894
3126.611328125	1.310386657714844	0.071874797344208	0.071874797344208	29.828548356640894
3126.6533203125	1.350860595703125	0.074888214468956	0.074888214468956	29.828548356640894
3126.6953125	1.391271591186523	0.077911794185638	0.077911794185638	29.828548356640894
3126.7373046875	1.431316375732422	0.080908983945847	0.080908983945847	29.828548356640894
3126.779296875	1.471736907958984	0.083951458334923	0.083951458334923	29.828548356640894
3126.8212890625	1.511795043945312	0.086961284279823	0.086961284279823	29.828548356640894
3126.8623046875	1.552190780639648	0.090531378984451	0.090531378984451	29.828548356640894
3126.904296875	1.592287063598633	0.095056116580963	0.095056116580963	29.828548356640894
3126.9462890625	1.632675170898437	0.098461277782917	0.098461277782917	29.828548356640894
3126.98828125	1.650362014770508	0.100002184510231	0.100002184510231	29.828548356640894
3127.03125	1.647567749023437	0.100002005696297	0.100002005696297	29.828548356640894
3127.0732421875	1.645025253295898	0.100001998245716	0.100001998245716	29.828548356640894
3127.115234375	1.64335823059082	0.100001998245716	0.100001998245716	29.828548356640894
3127.1572265625	1.641571044921875	0.100002020597458	0.100002020597458	29.828548356640894
3127.2001953125	1.640407562255859	0.100002020597458	0.100002020597458	29.828548356640894
3127.2421875	1.639373779296875	0.100001983344555	0.100001983344555	29.828548356640894
3127.2841796875	1.638483047485352	0.100001975893974	0.100001975893974	29.828548356640894
3127.326171875	1.637712478637695	0.100002013146877	0.100002013146877	29.828548356640894
3127.369140625	1.637178421020508	0.100002013146877	0.100002013146877	29.828548356640894
3127.4111328125	1.636587142944336	0.100001990795135	0.100001990795135	29.828548356640894
3127.453125	1.636245727539062	0.100001990795135	0.100001990795135	29.828548356640894
3127.4951171875	1.635932922363281	0.100001975893974	0.100001975893974	29.828548356640894
3127.5380859375	1.635143280029297	0.100002013146877	0.100002013146877	29.828548356640894
3127.580078125	1.634603500366211	0.100001975893974	0.100001975893974	29.828548356640894
3127.6220703125	1.634346008300781	0.100002005696297	0.100002005696297	29.828548356640894
3127.6640625	1.633613586425781	0.100001968443394	0.100001968443394	29.828548356640894
3127.70703125	1.633457183837891	0.100001968443394	0.100001968443394	29.828548356640894
3127.7490234375	1.633169174194336	0.100001908838749	0.100001908838749	29.828548356640894
3127.791015625	1.632434844970703	0.100001953542233	0.100001953542233	29.828548356640894
3127.8330078125	1.632192611694336	0.100001960992813	0.100001960992813	29.828548356640894
3127.8759765625	1.63215446472168	0.100001953542233	0.100001953542233	29.828548356640894
3127.91796875	1.632009506225586	0.100001975893974	0.100001975893974	29.828548356640894
3127.9599609375	1.631708145141602	0.100002005696297	0.100002005696297	29.828548356640894
3128.001953125	1.631721496582031	0.100002013146877	0.100002013146877	29.828548356640894
3128.044921875	1.631250381469727	0.100001960992813	0.100001960992813	29.828548356640894
3128.0869140625	1.63104248046875	0.100001968443394	0.100001968443394	29.828548356640894
3128.12890625	1.630603790283203	0.100001975893974	0.100001975893974	29.828548356640894
3128.1708984375	1.630287170410156	0.100002005696297	0.100002005696297	29.828548356640894
3128.2138671875	1.629865646362305	0.100001960992813	0.100001960992813	29.828548356640894
3128.255859375	1.629524230957031	0.100001990795135	0.100001990795135	29.828548356640894
3128.2978515625	1.629171371459961	0.100001990795135	0.100001990795135	29.828548356640894
3128.33984375	1.629066467285156	0.100001960992813	0.100001960992813	29.828548356640894
3128.3828125	1.629173278808594	0.100001975893974	0.100001975893974	29.828548356640894
