[INFO]
Keithley 2400
Meas Time: 2021/1/19 9:58:23
Params: GPIB address = GPIB0::21::INSTR; DataFile = D:\工艺实验\罗琦; Compliance  Level (0.1) = 0.100000000000000; Number of Points (5) = 100; Minimum Amplitude (1) = -3.000000000000000; Maximum Amplitude (2) = 3.000000000000000; Timeout (100000 ms) = 100000; Source Mode  (0: Voltage) = 0; 4-wire? = FALSE; delay(S) = 0.000000000000000; Start = ; 

[COMMENT]


[DATA]
time (s)	Voltage (V)	Current (A)	absCurrent (A)	Fitting Resistance (Ohms)

7270.50683593749999	-3.000724792480469	-9.674749890109524E-11	9.674749890109524E-11	-252425468.099787027
7270.54882812499999	-2.940341949462891	1.004877958621364E-9	1.004877958621364E-9	-252425468.099787027
7270.59082031249999	-2.879592895507812	1.008970684779342E-9	1.008970684779342E-9	-252425468.099787027
7270.63281249999999	-2.818500518798828	1.031480678648222E-9	1.031480678648222E-9	-252425468.099787027
7270.67480468749999	-2.758092880249023	1.082071321434341E-9	1.082071321434341E-9	-252425468.099787027
7270.71679687499999	-2.697397232055664	1.046032593876589E-9	1.046032593876589E-9	-252425468.099787027
7270.75878906249999	-2.636829376220703	8.955112207331695E-10	8.955112207331695E-10	-252425468.099787027
7270.79980468749999	-2.576570510864258	6.365326044033281E-10	6.365326044033281E-10	-252425468.099787027
7270.84179687499999	-2.515632629394531	1.053990672517102E-9	1.053990672517102E-9	-252425468.099787027
7270.88378906249999	-2.455043792724609	1.198941390612163E-9	1.198941390612163E-9	-252425468.099787027
7270.92578124999999	-2.394773483276367	1.341163624601904E-9	1.341163624601904E-9	-252425468.099787027
7270.96777343749999	-2.334169387817383	1.534885996079538E-9	1.534885996079538E-9	-252425468.099787027
7271.00976562499999	-2.273256301879883	1.785679160093423E-9	1.785679160093423E-9	-252425468.099787027
7271.05175781249999	-2.212982177734375	1.507260094513185E-9	1.507260094513185E-9	-252425468.099787027
7271.09374999999999	-2.15239143371582	1.495209289714694E-9	1.495209289714694E-9	-252425468.099787027
7271.13574218749999	-2.09214973449707	1.210310074384324E-9	1.210310074384324E-9	-252425468.099787027
7271.17773437499999	-2.031526565551758	1.481339495512657E-9	1.481339495512657E-9	-252425468.099787027
7271.21972656249999	-1.97065544128418	1.72917680174578E-9	1.72917680174578E-9	-252425468.099787027
7271.26171874999999	-1.910427093505859	1.481453182350378E-9	1.481453182350378E-9	-252425468.099787027
7271.30371093749999	-1.849815368652344	1.962121132237371E-9	1.962121132237371E-9	-252425468.099787027
7271.34570312499999	-1.789556503295898	2.477804628142621E-9	2.477804628142621E-9	-252425468.099787027
7271.38769531249999	-1.728967666625977	3.610580279200803E-9	3.610580279200803E-9	-252425468.099787027
7271.42968749999999	-1.668008804321289	3.802256287599448E-9	3.802256287599448E-9	-252425468.099787027
7271.47167968749999	-1.607761383056641	2.568071977293584E-9	2.568071977293584E-9	-252425468.099787027
7271.51367187499999	-1.547164916992187	1.374587554892059E-9	1.374587554892059E-9	-252425468.099787027
7271.55566406249999	-1.486881256103516	2.535216481192037E-11	2.535216481192037E-11	-252425468.099787027
7271.59765624999999	-1.425947189331055	-4.245066520525143E-10	4.245066520525143E-10	-252425468.099787027
7271.63964843749999	-1.365348815917969	-1.269881977350451E-10	1.269881977350451E-10	-252425468.099787027
7271.68164062499999	-1.305036544799805	-3.304876372567378E-10	3.304876372567378E-10	-252425468.099787027
7271.72363281249999	-1.244283676147461	-3.686864147312008E-10	3.686864147312008E-10	-252425468.099787027
7271.76562499999999	-1.183557510375977	6.359641702147201E-10	6.359641702147201E-10	-252425468.099787027
7271.80761718749999	-1.122486114501953	1.214516487380024E-9	1.214516487380024E-9	-252425468.099787027
7271.84960937499999	-1.062082290649414	1.414491634932347E-9	1.414491634932347E-9	-252425468.099787027
7271.89062499999999	-1.00132942199707	1.009311745292507E-9	1.009311745292507E-9	-252425468.099787027
7271.93261718749999	-0.940948486328125	2.321485226275399E-10	2.321485226275399E-10	-252425468.099787027
7271.97460937499999	-0.880203247070312	5.873062036698684E-10	5.873062036698684E-10	-252425468.099787027
7272.01660156249999	-0.819120407104492	4.79644768347498E-10	4.79644768347498E-10	-252425468.099787027
7272.05859374999999	-0.758722305297852	4.746425474877469E-10	4.746425474877469E-10	-252425468.099787027
7272.10058593749999	-0.69798469543457	1.394028004142456E-9	1.394028004142456E-9	-252425468.099787027
7272.14257812499999	-0.637584686279297	1.439047991880216E-9	1.439047991880216E-9	-252425468.099787027
7272.18457031249999	-0.576902389526367	1.289095052925404E-9	1.289095052925404E-9	-252425468.099787027
7272.22656249999999	-0.515830993652344	1.480202627135441E-9	1.480202627135441E-9	-252425468.099787027
7272.26855468749999	-0.455421447753906	1.751800482452381E-9	1.751800482452381E-9	-252425468.099787027
7272.31054687499999	-0.394676208496094	1.768512447597459E-9	1.768512447597459E-9	-252425468.099787027
7272.35253906249999	-0.334300994873047	7.88759280112572E-10	7.88759280112572E-10	-252425468.099787027
7272.39453124999999	-0.273197174072266	7.320295480894856E-10	7.320295480894856E-10	-252425468.099787027
7272.43652343749999	-0.212457656860352	1.097873791877646E-9	1.097873791877646E-9	-252425468.099787027
7272.47851562499999	-0.15208625793457	8.42646841192618E-10	8.42646841192618E-10	-252425468.099787027
7272.52050781249999	-0.091339111328125	9.619043339625932E-10	9.619043339625932E-10	-252425468.099787027
7272.56249999999999	-0.030929565429687	1.388343662256375E-9	1.388343662256375E-9	-252425468.099787027
7272.60449218749999	0.030807495117187	1.37674760480877E-9	1.37674760480877E-9	-252425468.099787027
7272.64648437499999	0.09156608581543	2.160732037737034E-9	2.160732037737034E-9	-252425468.099787027
7272.68847656249999	0.151956558227539	2.164483703381848E-9	2.164483703381848E-9	-252425468.099787027
7272.73046874999999	0.212690353393555	1.643002178752795E-9	1.643002178752795E-9	-252425468.099787027
7272.77246093749999	0.273086547851562	6.530171958729625E-10	6.530171958729625E-10	-252425468.099787027
7272.81445312499999	0.334173202514648	1.654143488849513E-10	1.654143488849513E-10	-252425468.099787027
7272.85644531249999	0.3948974609375	5.023821358918212E-10	5.023821358918212E-10	-252425468.099787027
7272.89843749999999	0.455289840698242	7.769358489895239E-10	7.769358489895239E-10	-252425468.099787027
7272.94042968749999	0.516056060791016	8.92100615601521E-10	8.92100615601521E-10	-252425468.099787027
7272.98242187499999	0.577098846435547	9.641780707170255E-10	9.641780707170255E-10	-252425468.099787027
7273.02441406249999	0.637424468994141	1.301600605074782E-9	1.301600605074782E-9	-252425468.099787027
7273.06640624999999	0.698184967041016	1.752368916640989E-9	1.752368916640989E-9	-252425468.099787027
7273.10839843749999	0.758569717407227	1.613329914107453E-9	1.613329914107453E-9	-252425468.099787027
7273.15039062499999	0.819311141967773	1.039438757288735E-9	1.039438757288735E-9	-252425468.099787027
7273.19238281249999	0.880407333374023	9.07789399207104E-10	9.07789399207104E-10	-252425468.099787027
7273.23437499999999	0.940797805786133	1.285343387280591E-9	1.285343387280591E-9	-252425468.099787027
7273.27636718749999	1.001529693603516	1.372882252326235E-9	1.372882252326235E-9	-252425468.099787027
7273.31738281249999	1.061929702758789	1.227135726367123E-9	1.227135726367123E-9	-252425468.099787027
7273.35937499999999	1.122657775878906	1.07706910057459E-9	1.07706910057459E-9	-252425468.099787027
7273.40136718749999	1.183727264404297	8.282086128019728E-10	8.282086128019728E-10	-252425468.099787027
7273.44335937499999	1.244144439697266	7.36349647922907E-10	7.36349647922907E-10	-252425468.099787027
7273.48535156249999	1.304872512817383	7.305516191991046E-10	7.305516191991046E-10	-252425468.099787027
7273.52734374999999	1.365205764770508	5.552465154323727E-10	5.552465154323727E-10	-252425468.099787027
7273.56933593749999	1.425798416137695	5.878746378584765E-10	5.878746378584765E-10	-252425468.099787027
7273.61132812499999	1.486759185791016	7.904645826783963E-10	7.904645826783963E-10	-252425468.099787027
7273.65332031249999	1.547008514404297	1.093098944693338E-9	1.093098944693338E-9	-252425468.099787027
7273.69531249999999	1.607601165771484	1.256125869986136E-9	1.256125869986136E-9	-252425468.099787027
7273.73730468749999	1.667856216430664	1.269654603675008E-9	1.269654603675008E-9	-252425468.099787027
7273.77929687499999	1.728790283203125	1.096168489311822E-9	1.096168489311822E-9	-252425468.099787027
7273.82128906249999	1.789390563964844	1.040575625665952E-9	1.040575625665952E-9	-252425468.099787027
7273.86328124999999	1.849649429321289	1.223611434397753E-9	1.223611434397753E-9	-252425468.099787027
7273.90527343749999	1.910251617431641	1.273519956157543E-9	1.273519956157543E-9	-252425468.099787027
7273.94726562499999	1.970497131347656	1.229750523634721E-9	1.229750523634721E-9	-252425468.099787027
7273.98925781249999	2.031427383422852	1.18893694889266E-9	1.18893694889266E-9	-252425468.099787027
7274.03124999999999	2.09197998046875	1.112425707106013E-9	1.112425707106013E-9	-252425468.099787027
7274.07324218749999	2.152215957641602	1.133685145759955E-9	1.133685145759955E-9	-252425468.099787027
7274.11523437499999	2.212810516357422	9.913492249324918E-10	9.913492249324918E-10	-252425468.099787027
7274.15722656249999	2.273088455200195	8.446932042716071E-10	8.446932042716071E-10	-252425468.099787027
7274.19921874999999	2.334003448486328	7.892140274634585E-10	7.892140274634585E-10	-252425468.099787027
7274.24121093749999	2.394598007202148	9.280256563215516E-10	9.280256563215516E-10	-252425468.099787027
7274.28222656249999	2.454858779907227	1.118905856856145E-9	1.118905856856145E-9	-252425468.099787027
7274.32421874999999	2.515439987182617	1.046942088578362E-9	1.046942088578362E-9	-252425468.099787027
7274.36621093749999	2.576377868652344	9.891891750157811E-10	9.891891750157811E-10	-252425468.099787027
7274.40820312499999	2.636638641357422	1.073203748092055E-9	1.073203748092055E-9	-252425468.099787027
7274.45019531249999	2.697229385375977	1.036482899507973E-9	1.036482899507973E-9	-252425468.099787027
7274.49218749999999	2.757553100585937	1.183934728032909E-9	1.183934728032909E-9	-252425468.099787027
7274.53417968749999	2.818304061889648	1.18257048598025E-9	1.18257048598025E-9	-252425468.099787027
7274.57617187499999	2.879375457763672	1.132889337895904E-9	1.132889337895904E-9	-252425468.099787027
7274.61816406249999	2.939777374267578	1.02431840787176E-9	1.02431840787176E-9	-252425468.099787027
7274.66015624999999	3.000522613525391	1.001353666651994E-9	1.001353666651994E-9	-252425468.099787027
7299.82324218749999	-3.000835418701172	-3.479891165625304E-5	3.479891165625304E-5	30.808852974300741
7299.86621093749999	-2.940444946289062	-3.49691545125097E-5	3.49691545125097E-5	30.808852974300741
7299.90820312499999	-2.879688262939453	-3.503111656755209E-5	3.503111656755209E-5	30.808852974300741
7299.95019531249999	-2.818614959716797	-3.507651854306459E-5	3.507651854306459E-5	30.808852974300741
7299.99218749999999	-2.758203506469727	-3.510122769512236E-5	3.510122769512236E-5	30.808852974300741
7300.03417968749999	-2.697525024414062	-3.511484828777611E-5	3.511484828777611E-5	30.808852974300741
7300.07617187499999	-2.636940002441406	-3.51210474036634E-5	3.51210474036634E-5	30.808852974300741
7300.11816406249999	-2.576675415039062	-3.512340481393039E-5	3.512340481393039E-5	30.808852974300741
7300.16015624999999	-2.515739440917969	-3.512469993438572E-5	3.512469993438572E-5	30.808852974300741
7300.20214843749999	-2.455146789550781	-3.511495015118271E-5	3.511495015118271E-5	30.808852974300741
7300.24414062499999	-2.39488410949707	-3.510099486447871E-5	3.510099486447871E-5	30.808852974300741
7300.28613281249999	-2.334287643432617	-3.50808841176331E-5	3.50808841176331E-5	30.808852974300741
7300.32812499999999	-2.273359298706055	-3.506494977045804E-5	3.506494977045804E-5	30.808852974300741
7300.37011718749999	-2.213088989257812	-3.504751657601446E-5	3.504751657601446E-5	30.808852974300741
7300.41210937499999	-2.152490615844727	-3.501930041238666E-5	3.501930041238666E-5	30.808852974300741
7300.45410156249999	-2.092250823974609	-3.49829497281462E-5	3.49829497281462E-5	30.808852974300741
7300.49609374999999	-2.031621932983398	-3.49493493558839E-5	3.49493493558839E-5	30.808852974300741
7300.53808593749999	-1.97076416015625	-3.491624374873936E-5	3.491624374873936E-5	30.808852974300741
7300.58007812499999	-1.910526275634766	-3.487788490019739E-5	3.487788490019739E-5	30.808852974300741
7300.62207031249999	-1.849908828735352	-3.483009641058743E-5	3.483009641058743E-5	30.808852974300741
7300.66406249999999	-1.789648056030273	-3.477622522041202E-5	3.477622522041202E-5	30.808852974300741
7300.70605468749999	-1.72906494140625	-3.472590469755232E-5	3.472590469755232E-5	30.808852974300741
7300.74804687499999	-1.668107986450195	-3.46710003213957E-5	3.46710003213957E-5	30.808852974300741
7300.79003906249999	-1.607858657836914	-3.460902371443808E-5	3.460902371443808E-5	30.808852974300741
7300.83203124999999	-1.547258377075195	-3.453785029705614E-5	3.453785029705614E-5	30.808852974300741
7300.87402343749999	-1.486997604370117	-3.446154005359858E-5	3.446154005359858E-5	30.808852974300741
7300.91601562499999	-1.426052093505859	-3.438591375015676E-5	3.438591375015676E-5	30.808852974300741
7300.95800781249999	-1.365442276000977	-3.430475771892816E-5	3.430475771892816E-5	30.808852974300741
7300.99999999999999	-1.305126190185547	-3.421083965804428E-5	3.421083965804428E-5	30.808852974300741
7301.04199218749999	-1.244373321533203	-3.410621138755232E-5	3.410621138755232E-5	30.808852974300741
7301.08398437499999	-1.183650970458984	-3.39980615535751E-5	3.39980615535751E-5	30.808852974300741
7301.12499999999999	-1.122573852539062	-3.388346522115171E-5	3.388346522115171E-5	30.808852974300741
7301.16699218749999	-1.062177658081055	-3.37582896463573E-5	3.37582896463573E-5	30.808852974300741
7301.20898437499999	-1.001419067382812	-3.361247945576906E-5	3.361247945576906E-5	30.808852974300741
7301.25097656249999	-0.941030502319336	-3.345827281009406E-5	3.345827281009406E-5	30.808852974300741
7301.29296874999999	-0.880304336547852	-3.330489562358707E-5	3.330489562358707E-5	30.808852974300741
7301.33496093749999	-0.819219589233398	-3.312874468974769E-5	3.312874468974769E-5	30.808852974300741
7301.37695312499999	-0.758813858032227	-3.293284680694342E-5	3.293284680694342E-5	30.808852974300741
7301.41894531249999	-0.698078155517578	-3.271141031291336E-5	3.271141031291336E-5	30.808852974300741
7301.46093749999999	-0.637668609619141	-3.247802669648081E-5	3.247802669648081E-5	30.808852974300741
7301.50292968749999	-0.576992034912109	-3.222121449653059E-5	3.222121449653059E-5	30.808852974300741
7301.54492187499999	-0.515918731689453	-3.19349201163277E-5	3.19349201163277E-5	30.808852974300741
7301.58691406249999	-0.455513000488281	-3.161386121064425E-5	3.161386121064425E-5	30.808852974300741
7301.62890624999999	-0.394763946533203	-3.125706280115992E-5	3.125706280115992E-5	30.808852974300741
7301.67089843749999	-0.334390640258789	-3.086503420490772E-5	3.086503420490772E-5	30.808852974300741
7301.71289062499999	-0.273283004760742	-3.041868330910802E-5	3.041868330910802E-5	30.808852974300741
7301.75488281249999	-0.21253776550293	-2.990967186633497E-5	2.990967186633497E-5	30.808852974300741
7301.79687499999999	-0.152162551879883	-2.933399809990078E-5	2.933399809990078E-5	30.808852974300741
7301.83886718749999	-0.091396331787109	-2.867079456336796E-5	2.867079456336796E-5	30.808852974300741
7301.88085937499999	-0.031003952026367	-2.790108555927873E-5	2.790108555927873E-5	30.808852974300741
7301.92285156249999	0.030759811401367	-2.690746623557061E-5	2.690746623557061E-5	30.808852974300741
7301.96484374999999	0.091508865356445	-2.514284278731793E-5	2.514284278731793E-5	30.808852974300741
7302.00683593749999	0.151922225952148	-1.770071685314178E-5	1.770071685314178E-5	30.808852974300741
7302.04882812499999	0.212772369384766	3.659087815321982E-5	3.659087815321982E-5	30.808852974300741
7302.18457031249999	0.273176193237305	0.000453827378806	0.000453827378806	30.808852974300741
7302.31933593749999	0.334211349487305	0.002010404132307	0.002010404132307	30.808852974300741
7302.36132812499999	0.394992828369141	0.004675826057792	0.004675826057792	30.808852974300741
7302.40332031249999	0.455459594726562	0.007944878190756	0.007944878190756	30.808852974300741
7302.49121093749999	0.516067504882812	0.011584050953388	0.011584050953388	30.808852974300741
7302.53320312499999	0.577125549316406	0.015331126749516	0.015331126749516	30.808852974300741
7302.57519531249999	0.637453079223633	0.019100181758404	0.019100181758404	30.808852974300741
7302.61718749999999	0.698226928710937	0.022900640964508	0.022900640964508	30.808852974300741
7302.65917968749999	0.758613586425781	0.026641480624676	0.026641480624676	30.808852974300741
7302.70117187499999	0.819368362426758	0.03033659607172	0.03033659607172	30.808852974300741
7302.74316406249999	0.880460739135742	0.033960767090321	0.033960767090321	30.808852974300741
7302.78515624999999	0.940841674804687	0.037451215088367	0.037451215088367	30.808852974300741
7302.82714843749999	1.001590728759766	0.040887400507927	0.040887400507927	30.808852974300741
7302.86914062499999	1.062004089355469	0.044257335364819	0.044257335364819	30.808852974300741
7302.91113281249999	1.122735977172852	0.047690808773041	0.047690808773041	30.808852974300741
7302.95312499999999	1.183811187744141	0.051285229623318	0.051285229623318	30.808852974300741
7302.99511718749999	1.244230270385742	0.054972410202026	0.054972410202026	30.808852974300741
7303.03710937499999	1.304965972900391	0.058520428836346	0.058520428836346	30.808852974300741
7303.07910156249999	1.365310668945312	0.06210083514452	0.06210083514452	30.808852974300741
7303.12109374999999	1.425899505615234	0.0660070925951	0.0660070925951	30.808852974300741
7303.16308593749999	1.486869812011719	0.070099465548992	0.070099465548992	30.808852974300741
7303.20507812499999	1.547136306762695	0.074309632182121	0.074309632182121	30.808852974300741
7303.24707031249999	1.607732772827148	0.078061431646347	0.078061431646347	30.808852974300741
7303.28906249999999	1.668003082275391	0.081779636442661	0.081779636442661	30.808852974300741
7303.33105468749999	1.707494735717773	0.099963784217834	0.099963784217834	30.808852974300741
7303.37304687499999	1.706693649291992	0.100002735853195	0.100002735853195	30.808852974300741
7303.41503906249999	1.705686569213867	0.100002780556679	0.100002780556679	30.808852974300741
7303.45703124999999	1.704978942871094	0.100002788007259	0.100002788007259	30.808852974300741
7303.49999999999999	1.703960418701172	0.100002743303776	0.100002743303776	30.808852974300741
7303.54199218749999	1.702516555786133	0.100002802908421	0.100002802908421	30.808852974300741
7303.58398437499999	1.700843811035156	0.100002728402615	0.100002728402615	30.808852974300741
7303.62597656249999	1.698400497436523	0.100002758204937	0.100002758204937	30.808852974300741
7303.66894531249999	1.695163726806641	0.100002773106098	0.100002773106098	30.808852974300741
7303.71093749999999	1.691946029663086	0.100002743303776	0.100002743303776	30.808852974300741
7303.75292968749999	1.688199996948242	0.100002773106098	0.100002773106098	30.808852974300741
7303.79492187499999	1.684162139892578	0.100002735853195	0.100002735853195	30.808852974300741
7303.83789062499999	1.679784774780273	0.100002743303776	0.100002743303776	30.808852974300741
7303.87988281249999	1.675348281860352	0.100002758204937	0.100002758204937	30.808852974300741
7303.92187499999999	1.67051887512207	0.100002743303776	0.100002743303776	30.808852974300741
7303.96386718749999	1.665220260620117	0.100002698600292	0.100002698600292	30.808852974300741
7304.00683593749999	1.660150527954102	0.100002720952034	0.100002720952034	30.808852974300741
7304.04882812499999	1.655340194702148	0.100002743303776	0.100002743303776	30.808852974300741
7304.09082031249999	1.651142120361328	0.100002720952034	0.100002720952034	30.808852974300741
7304.13281249999999	1.64741325378418	0.100002706050873	0.100002706050873	30.808852974300741
7304.17578124999999	1.644081115722656	0.100002706050873	0.100002706050873	30.808852974300741
7304.21777343749999	1.641254425048828	0.100002706050873	0.100002706050873	30.808852974300741
