[INFO]
Keithley 2400
Meas Time: 2021/1/19 9:43:31
Params: GPIB address = GPIB0::21::INSTR; DataFile = D:\工艺实验\罗逸博; Compliance  Level (0.1) = 0.100000000000000; Number of Points (5) = 100; Minimum Amplitude (1) = -3.000000000000000; Maximum Amplitude (2) = 3.000000000000000; Timeout (100000 ms) = 100000; Source Mode  (0: Voltage) = 0; 4-wire? = FALSE; delay(S) = 0.000000000000000; Start = ; 

[COMMENT]


[DATA]
time (s)	Voltage (V)	Current (A)	absCurrent (A)	Fitting Resistance (Ohms)

6378.58789062499999	-3.000886917114258	-5.899777170270681E-5	5.899777170270681E-5	36.526447436620636
6378.62988281249999	-2.940509796142578	-5.911581683903933E-5	5.911581683903933E-5	36.526447436620636
6378.67187499999999	-2.879770278930664	-5.911348853260279E-5	5.911348853260279E-5	36.526447436620636
6378.71386718749999	-2.818675994873047	-5.906270234845579E-5	5.906270234845579E-5	36.526447436620636
6378.75585937499999	-2.758264541625977	-5.901194526813924E-5	5.901194526813924E-5	36.526447436620636
6378.79785156249999	-2.697586059570312	-5.89502596994862E-5	5.89502596994862E-5	36.526447436620636
6378.83984374999999	-2.637001037597656	-5.888052692171186E-5	5.888052692171186E-5	36.526447436620636
6378.88183593749999	-2.576740264892578	-5.879566015210003E-5	5.879566015210003E-5	36.526447436620636
6378.92382812499999	-2.515800476074219	-5.869637243449688E-5	5.869637243449688E-5	36.526447436620636
6378.96582031249999	-2.455205917358398	-5.860766395926476E-5	5.860766395926476E-5	36.526447436620636
6379.00781249999999	-2.39494514465332	-5.851277092006058E-5	5.851277092006058E-5	36.526447436620636
6379.04980468749999	-2.3343505859375	-5.840574158355594E-5	5.840574158355594E-5	36.526447436620636
6379.09179687499999	-2.273427963256836	-5.828904977533966E-5	5.828904977533966E-5	36.526447436620636
6379.13378906249999	-2.213153839111328	-5.81747735850513E-5	5.81747735850513E-5	36.526447436620636
6379.17578124999999	-2.152557373046875	-5.806211265735328E-5	5.806211265735328E-5	36.526447436620636
6379.21777343749999	-2.092315673828125	-5.794379103463143E-5	5.794379103463143E-5	36.526447436620636
6379.25976562499999	-2.031686782836914	-5.780400533694774E-5	5.780400533694774E-5	36.526447436620636
6379.30175781249999	-1.970821380615234	-5.766798858530819E-5	5.766798858530819E-5	36.526447436620636
6379.34374999999999	-1.910585403442383	-5.752673314418644E-5	5.752673314418644E-5	36.526447436620636
6379.38574218749999	-1.849979400634766	-5.739099287893623E-5	5.739099287893623E-5	36.526447436620636
6379.42773437499999	-1.789722442626953	-5.723572394344956E-5	5.723572394344956E-5	36.526447436620636
6379.46972656249999	-1.729137420654297	-5.707150558009744E-5	5.707150558009744E-5	36.526447436620636
6379.51171874999999	-1.668180465698242	-5.689756653737277E-5	5.689756653737277E-5	36.526447436620636
6379.55371093749999	-1.607927322387695	-5.673572013620287E-5	5.673572013620287E-5	36.526447436620636
6379.59570312499999	-1.547338485717773	-5.655632412526757E-5	5.655632412526757E-5	36.526447436620636
6379.63769531249999	-1.487068176269531	-5.636377318296582E-5	5.636377318296582E-5	36.526447436620636
6379.67968749999999	-1.426115036010742	-5.615311965811998E-5	5.615311965811998E-5	36.526447436620636
6379.72167968749999	-1.365522384643555	-5.594946560449898E-5	5.594946560449898E-5	36.526447436620636
6379.76367187499999	-1.305206298828125	-5.573959788307548E-5	5.573959788307548E-5	36.526447436620636
6379.80566406249999	-1.244449615478516	-5.55051228730008E-5	5.55051228730008E-5	36.526447436620636
6379.84765624999999	-1.183721542358398	-5.525148299057037E-5	5.525148299057037E-5	36.526447436620636
6379.88964843749999	-1.122646331787109	-5.498409154824913E-5	5.498409154824913E-5	36.526447436620636
6379.93164062499999	-1.062238693237305	-5.471208714880049E-5	5.471208714880049E-5	36.526447436620636
6379.97363281249999	-1.001504898071289	-5.441592657007277E-5	5.441592657007277E-5	36.526447436620636
6380.01562499999999	-0.941118240356445	-5.41018380317837E-5	5.41018380317837E-5	36.526447436620636
6380.05761718749999	-0.88038444519043	-5.375566252041608E-5	5.375566252041608E-5	36.526447436620636
6380.09960937499999	-0.819284439086914	-5.338870687410235E-5	5.338870687410235E-5	36.526447436620636
6380.14160156249999	-0.758880615234375	-5.300072371028364E-5	5.300072371028364E-5	36.526447436620636
6380.18359374999999	-0.698154449462891	-5.258044984657317E-5	5.258044984657317E-5	36.526447436620636
6380.22558593749999	-0.637746810913086	-5.211296956986189E-5	5.211296956986189E-5	36.526447436620636
6380.26757812499999	-0.577060699462891	-5.160243017598987E-5	5.160243017598987E-5	36.526447436620636
6380.30957031249999	-0.515998840332031	-5.105455056764185E-5	5.105455056764185E-5	36.526447436620636
6380.35156249999999	-0.455583572387695	-5.045671423431486E-5	5.045671423431486E-5	36.526447436620636
6380.39355468749999	-0.394838333129883	-4.977959906682372E-5	4.977959906682372E-5	36.526447436620636
6380.43554687499999	-0.334457397460937	-4.902662476524711E-5	4.902662476524711E-5	36.526447436620636
6380.47753906249999	-0.273357391357422	-4.81716706417501E-5	4.81716706417501E-5	36.526447436620636
6380.51953124999999	-0.212612152099609	-4.721460572909564E-5	4.721460572909564E-5	36.526447436620636
6380.56054687499999	-0.152240753173828	-4.610935866367072E-5	4.610935866367072E-5	36.526447436620636
6380.60253906249999	-0.091474533081055	-4.478079790715128E-5	4.478079790715128E-5	36.526447436620636
6380.64453124999999	-0.031063079833984	-4.315994738135487E-5	4.315994738135487E-5	36.526447436620636
6380.68749999999999	0.030736923217773	-4.094665928278118E-5	4.094665928278118E-5	36.526447436620636
6380.72949218749999	0.091476440429687	-3.736736834980547E-5	3.736736834980547E-5	36.526447436620636
6380.77148437499999	0.151889801025391	-2.733034489210695E-5	2.733034489210695E-5	36.526447436620636
6380.81347656249999	0.212743759155273	2.752500586211681E-5	2.752500586211681E-5	36.526447436620636
6380.94824218749999	0.273147583007812	0.000387417385355	0.000387417385355	36.526447436620636
6381.08300781249999	0.334186553955078	0.001552549190819	0.001552549190819	36.526447436620636
6381.12499999999999	0.394947052001953	0.003397936932743	0.003397936932743	36.526447436620636
6381.16699218749999	0.455385208129883	0.005597518756986	0.005597518756986	36.526447436620636
6381.20898437499999	0.516191482543945	0.007991295307875	0.007991295307875	36.526447436620636
6381.29785156249999	0.57710075378418	0.01060501486063	0.01060501486063	36.526447436620636
6381.33886718749999	0.637420654296875	0.013146661221981	0.013146661221981	36.526447436620636
6381.38085937499999	0.698202133178711	0.015722364187241	0.015722364187241	36.526447436620636
6381.42285156249999	0.758579254150391	0.018281154334545	0.018281154334545	36.526447436620636
6381.46484374999999	0.81932258605957	0.020836509764194	0.020836509764194	36.526447436620636
6381.50683593749999	0.880424499511719	0.023381918668747	0.023381918668747	36.526447436620636
6381.54882812499999	0.94080924987793	0.025831058621407	0.025831058621407	36.526447436620636
6381.59082031249999	1.001554489135742	0.028278917074203	0.028278917074203	36.526447436620636
6381.63281249999999	1.061956405639648	0.03074511885643	0.03074511885643	36.526447436620636
6381.67480468749999	1.122692108154297	0.033157125115395	0.033157125115395	36.526447436620636
6381.71679687499999	1.183774948120117	0.035771243274212	0.035771243274212	36.526447436620636
6381.75878906249999	1.244182586669922	0.038317479193211	0.038317479193211	36.526447436620636
6381.80078124999999	1.304908752441406	0.041157260537148	0.041157260537148	36.526447436620636
6381.84277343749999	1.365257263183594	0.045044153928757	0.045044153928757	36.526447436620636
6381.88476562499999	1.425954818725586	0.047273986041546	0.047273986041546	36.526447436620636
6381.92675781249999	1.486766815185547	0.034783214330673	0.034783214330673	36.526447436620636
6381.96874999999999	1.547061920166016	0.037395142018795	0.037395142018795	36.526447436620636
6382.01074218749999	1.607685089111328	0.0360142365098	0.0360142365098	36.526447436620636
6382.05273437499999	1.667901992797852	0.039012841880322	0.039012841880322	36.526447436620636
6382.09472656249999	1.72880744934082	0.050768479704857	0.050768479704857	36.526447436620636
6382.13671874999999	1.789508819580078	0.058186210691929	0.058186210691929	36.526447436620636
6382.17871093749999	1.849714279174805	0.061080560088158	0.061080560088158	36.526447436620636
6382.22070312499999	1.910350799560547	0.065674416720867	0.065674416720867	36.526447436620636
6382.26269531249999	1.970554351806641	0.06900055706501	0.06900055706501	36.526447436620636
6382.30468749999999	2.031612396240234	0.07454252243042	0.07454252243042	36.526447436620636
6382.34667968749999	2.09210205078125	0.077505253255367	0.077505253255367	36.526447436620636
6382.38867187499999	2.152353286743164	0.082806631922722	0.082806631922722	36.526447436620636
6382.43066406249999	2.212963104248047	0.088121712207794	0.088121712207794	36.526447436620636
6382.47265624999999	2.273380279541016	0.087771721184254	0.087771721184254	36.526447436620636
6382.51367187499999	2.334178924560547	0.090268455445766	0.090268455445766	36.526447436620636
6382.55566406249999	2.394737243652344	0.091835215687752	0.091835215687752	36.526447436620636
6382.59765624999999	1.943618774414062	0.098505079746246	0.098505079746246	36.526447436620636
6382.64062499999999	1.901271820068359	0.100002601742744	0.100002601742744	36.526447436620636
6382.68261718749999	1.8060302734375	0.10000417381525	0.10000417381525	36.526447436620636
6382.72460937499999	1.784830093383789	0.100002638995647	0.100002638995647	36.526447436620636
6382.76660156249999	1.772197723388672	0.100002594292164	0.100002594292164	36.526447436620636
6382.80957031249999	1.76350212097168	0.100002579391003	0.100002579391003	36.526447436620636
6382.85156249999999	1.757509231567383	0.100002571940422	0.100002571940422	36.526447436620636
6382.89355468749999	1.753643035888672	0.100002564489841	0.100002564489841	36.526447436620636
6382.93554687499999	1.750890731811523	0.100002557039261	0.100002557039261	36.526447436620636
6382.97851562499999	1.751777648925781	0.100002564489841	0.100002564489841	36.526447436620636
