[INFO]
Keithley 2400
Meas Time: 2021/1/19 13:55:27
Params: GPIB address = GPIB0::21::INSTR; DataFile = D:\工艺实验\聂新旺; Compliance  Level (0.1) = 0.100000000000000; Number of Points (5) = 150; Minimum Amplitude (1) = -3.000000000000000; Maximum Amplitude (2) = 3.000000000000000; Timeout (100000 ms) = 100000; Source Mode  (0: Voltage) = 0; 4-wire? = FALSE; delay(S) = 0.000000000000000; Start = ; 

[COMMENT]


[DATA]
time (s)	Voltage (V)	Current (A)	absCurrent (A)	Fitting Resistance (Ohms)

3239.4140625	-3.000741958618164	-0.000142223550938	0.000142223550938	37.054856899713251
3239.4560546875	-2.960283279418945	-0.000142046017572	0.000142046017572	37.054856899713251
3239.498046875	-2.920124053955078	-0.000141830998473	0.000141830998473	37.054856899713251
3239.5400390625	-2.879632949829102	-0.000141588156112	0.000141588156112	37.054856899713251
3239.58203125	-2.839473724365234	-0.000141338212416	0.000141338212416	37.054856899713251
3239.6240234375	-2.798995971679687	-0.000141101307236	0.000141101307236	37.054856899713251
3239.666015625	-2.758829116821289	-0.00014084787108	0.00014084787108	37.054856899713251
3239.7080078125	-2.718330383300781	-0.000140562653542	0.000140562653542	37.054856899713251
3239.75	-2.678621292114258	-0.000140266143717	0.000140266143717	37.054856899713251
3239.7919921875	-2.637897491455078	-0.000139959156513	0.000139959156513	37.054856899713251
3239.833984375	-2.598176956176758	-0.00013969046995	0.00013969046995	37.054856899713251
3239.8759765625	-2.557424545288086	-0.000139390002005	0.000139390002005	37.054856899713251
3239.91796875	-2.517717361450195	-0.000139060313813	0.000139060313813	37.054856899713251
3239.9599609375	-2.477306365966797	-0.000138719915412	0.000138719915412	37.054856899713251
3240.001953125	-2.436588287353516	-0.000138376490213	0.000138376490213	37.054856899713251
3240.0439453125	-2.39686393737793	-0.000138049479574	0.000138049479574	37.054856899713251
3240.0859375	-2.356475830078125	-0.000137700466439	0.000137700466439	37.054856899713251
3240.1279296875	-2.316400527954102	-0.000137320719659	0.000137320719659	37.054856899713251
3240.169921875	-2.276023864746094	-0.000136925140396	0.000136925140396	37.054856899713251
3240.2119140625	-2.23594856262207	-0.000136567512527	0.000136567512527	37.054856899713251
3240.25390625	-2.195562362670898	-0.000136177870445	0.000136177870445	37.054856899713251
3240.2958984375	-2.155494689941406	-0.000135768437758	0.000135768437758	37.054856899713251
3240.337890625	-2.115100860595703	-0.000135330366902	0.000135330366902	37.054856899713251
3240.3798828125	-2.075038909912109	-0.000134898466058	0.000134898466058	37.054856899713251
3240.421875	-2.034626007080078	-0.000134487403557	0.000134487403557	37.054856899713251
3240.4638671875	-1.994638442993164	-0.000134050264023	0.000134050264023	37.054856899713251
3240.505859375	-1.954240798950195	-0.000133574591018	0.000133574591018	37.054856899713251
3240.5478515625	-1.914194107055664	-0.000133085995913	0.000133085995913	37.054856899713251
3240.58984375	-1.873781204223633	-0.000132602988742	0.000132602988742	37.054856899713251
3240.6318359375	-1.833379745483398	-0.000132123706862	0.000132123706862	37.054856899713251
3240.673828125	-1.793319702148437	-0.000131607754156	0.000131607754156	37.054856899713251
3240.7158203125	-1.752922058105469	-0.00013107038103	0.00013107038103	37.054856899713251
3240.7578125	-1.712856292724609	-0.000130531610921	0.000130531610921	37.054856899713251
3240.7998046875	-1.672451019287109	-0.000129991094582	0.000129991094582	37.054856899713251
3240.841796875	-1.632726669311523	-0.000129438005388	0.000129438005388	37.054856899713251
3240.8837890625	-1.591972351074219	-0.000128836254589	0.000128836254589	37.054856899713251
3240.92578125	-1.552276611328125	-0.000128234038129	0.000128234038129	37.054856899713251
3240.9677734375	-1.511863708496094	-0.000127620995045	0.000127620995045	37.054856899713251
3241.009765625	-1.471813201904297	-0.000127010047436	0.000127010047436	37.054856899713251
3241.0517578125	-1.43140983581543	-0.000126365222968	0.000126365222968	37.054856899713251
3241.09375	-1.391355514526367	-0.000125690479763	0.000125690479763	37.054856899713251
3241.1357421875	-1.350927352905273	-0.000124988495372	0.000124988495372	37.054856899713251
3241.177734375	-1.310478210449219	-0.000124302692711	0.000124302692711	37.054856899713251
3241.2197265625	-1.270320892333984	-0.000123591744341	0.000123591744341	37.054856899713251
3241.26171875	-1.2298583984375	-0.000122839235701	0.000122839235701	37.054856899713251
3241.3037109375	-1.189708709716797	-0.000122064375319	0.000122064375319	37.054856899713251
3241.345703125	-1.149211883544922	-0.00012126902584	0.00012126902584	37.054856899713251
3241.38671875	-1.109058380126953	-0.000120476004668	0.000120476004668	37.054856899713251
3241.4287109375	-1.068567276000977	-0.000119650852866	0.000119650852866	37.054856899713251
3241.470703125	-1.028436660766602	-0.000118779484183	0.000118779484183	37.054856899713251
3241.5126953125	-0.987911224365234	-0.000117884599604	0.000117884599604	37.054856899713251
3241.5546875	-0.947797775268555	-0.00011698983144	0.00011698983144	37.054856899713251
3241.5966796875	-0.907289505004883	-0.000116058276035	0.000116058276035	37.054856899713251
3241.638671875	-0.867160797119141	-0.000115081435069	0.000115081435069	37.054856899713251
3241.6806640625	-0.82666015625	-0.00011406687554	0.00011406687554	37.054856899713251
3241.72265625	-0.786161422729492	-0.000113032991067	0.000113032991067	37.054856899713251
3241.7646484375	-0.746002197265625	-0.000111984089017	0.000111984089017	37.054856899713251
3241.806640625	-0.705533981323242	-0.000110892113298	0.000110892113298	37.054856899713251
3241.8486328125	-0.665718078613281	-0.000109754269943	0.000109754269943	37.054856899713251
3241.890625	-0.624931335449219	-0.000108550186269	0.000108550186269	37.054856899713251
3241.9326171875	-0.585142135620117	-0.000107354484499	0.000107354484499	37.054856899713251
3241.974609375	-0.544303894042969	-0.000106091843918	0.000106091843918	37.054856899713251
3242.0166015625	-0.504518508911133	-0.000104796956293	0.000104796956293	37.054856899713251
3242.05859375	-0.464027404785156	-0.000103428610601	0.000103428610601	37.054856899713251
3242.1005859375	-0.423873901367187	-0.000102024991065	0.000102024991065	37.054856899713251
3242.142578125	-0.383378982543945	-0.000100568635389	0.000100568635389	37.054856899713251
3242.2353515625	-0.343441009521484	-9.904761100187898E-5	9.904761100187898E-5	37.054856899713251
3242.27734375	-0.302947998046875	-9.748442971613258E-5	9.748442971613258E-5	37.054856899713251
3242.3193359375	-0.262453079223633	-9.581293852534145E-5	9.581293852534145E-5	37.054856899713251
3242.361328125	-0.222293853759766	-9.407592006027699E-5	9.407592006027699E-5	37.054856899713251
3242.4033203125	-0.181816101074219	-9.225013491231948E-5	9.225013491231948E-5	37.054856899713251
3242.4453125	-0.14166259765625	-9.038165444508195E-5	9.038165444508195E-5	37.054856899713251
3242.4873046875	-0.101154327392578	-8.837867062538862E-5	8.837867062538862E-5	37.054856899713251
3242.529296875	-0.061012268066406	-8.626270573586226E-5	8.626270573586226E-5	37.054856899713251
3242.5712890625	-0.020486831665039	-8.398533100262284E-5	8.398533100262284E-5	37.054856899713251
3242.6142578125	0.019937515258789	-8.154503302648664E-5	8.154503302648664E-5	37.054856899713251
3242.65625	0.060798645019531	-7.878712494857609E-5	7.878712494857609E-5	37.054856899713251
3242.6982421875	0.100618362426758	-7.533792813774198E-5	7.533792813774198E-5	37.054856899713251
3242.740234375	0.141128540039062	-6.914045661687851E-5	6.914045661687851E-5	37.054856899713251
3242.7822265625	0.181316375732422	-5.228289228398353E-5	5.228289228398353E-5	37.054856899713251
3242.87890625	0.221961975097656	5.988565590087092E-6	5.988565590087092E-6	37.054856899713251
3243.013671875	0.262086868286133	0.000188178964891	0.000188178964891	37.054856899713251
3243.0556640625	0.302639007568359	0.000564402085729	0.000564402085729	37.054856899713251
3243.1904296875	0.343070983886719	0.001776985824108	0.001776985824108	37.054856899713251
3243.232421875	0.383230209350586	0.00301113538444	0.00301113538444	37.054856899713251
3243.2744140625	0.423748016357422	0.004461827687919	0.004461827687919	37.054856899713251
3243.31640625	0.463920593261719	0.006004938855767	0.006004938855767	37.054856899713251
3243.3583984375	0.504447937011719	0.007609783206135	0.007609783206135	37.054856899713251
3243.400390625	0.544631958007812	0.009193801321089	0.009193801321089	37.054856899713251
3243.48828125	0.584934234619141	0.01233121752739	0.01233121752739	37.054856899713251
3243.5302734375	0.625085830688477	0.014183849096298	0.014183849096298	37.054856899713251
3243.572265625	0.665519714355469	0.016045190393925	0.016045190393925	37.054856899713251
3243.6142578125	0.705329895019531	0.017800256609917	0.017800256609917	37.054856899713251
3243.65625	0.746149063110352	0.019539840519428	0.019539840519428	37.054856899713251
3243.6982421875	0.785966873168945	0.021299928426743	0.021299928426743	37.054856899713251
3243.740234375	0.826807022094727	0.023106507956982	0.023106507956982	37.054856899713251
3243.7822265625	0.867313385009766	0.024890311062336	0.024890311062336	37.054856899713251
3243.82421875	0.907096862792969	0.026548907160759	0.026548907160759	37.054856899713251
3243.8662109375	0.947938919067383	0.028274729847908	0.028274729847908	37.054856899713251
3243.908203125	0.987728118896484	0.030088305473328	0.030088305473328	37.054856899713251
3243.9501953125	1.028228759765625	0.032034881412983	0.032034881412983	37.054856899713251
3243.9921875	1.068387985229492	0.033927790820599	0.033927790820599	37.054856899713251
3244.0341796875	1.108869552612305	0.035809114575386	0.035809114575386	37.054856899713251
3244.076171875	1.149017333984375	0.037722617387772	0.037722617387772	37.054856899713251
3244.1181640625	1.189502716064453	0.039912573993206	0.039912573993206	37.054856899713251
3244.16015625	1.229658126831055	0.042993165552616	0.042993165552616	37.054856899713251
3244.2021484375	1.270149230957031	0.047189764678478	0.047189764678478	37.054856899713251
3244.244140625	1.310323715209961	0.050199583172798	0.050199583172798	37.054856899713251
3244.2861328125	1.350788116455078	0.052576974034309	0.052576974034309	37.054856899713251
3244.328125	1.391214370727539	0.054949775338173	0.054949775338173	37.054856899713251
3244.3701171875	1.431270599365234	0.056978799402714	0.056978799402714	37.054856899713251
3244.412109375	1.471675872802734	0.058308139443398	0.058308139443398	37.054856899713251
3244.4541015625	1.511741638183594	0.060122326016426	0.060122326016426	37.054856899713251
3244.49609375	1.552158355712891	0.061069548130035	0.061069548130035	37.054856899713251
3244.537109375	1.592229843139648	0.061810702085495	0.061810702085495	37.054856899713251
3244.5791015625	1.632617950439453	0.062142886221409	0.062142886221409	37.054856899713251
3244.62109375	1.672311782836914	0.063873067498207	0.063873067498207	37.054856899713251
3244.6630859375	1.713062286376953	0.065977863967419	0.065977863967419	37.054856899713251
3244.705078125	1.752801895141602	0.068172350525856	0.068172350525856	37.054856899713251
3244.7470703125	1.793180465698242	0.070192866027355	0.070192866027355	37.054856899713251
3244.7890625	1.83326530456543	0.072869680821896	0.072869680821896	37.054856899713251
3244.8310546875	1.873634338378906	0.074859209358692	0.074859209358692	37.054856899713251
3244.873046875	1.913722991943359	0.078015960752964	0.078015960752964	37.054856899713251
3244.9150390625	1.954122543334961	0.080680586397648	0.080680586397648	37.054856899713251
3244.95703125	1.994522094726562	0.08254685997963	0.08254685997963	37.054856899713251
3244.9990234375	2.034572601318359	0.08430840075016	0.08430840075016	37.054856899713251
3245.041015625	2.074905395507812	0.086861103773117	0.086861103773117	37.054856899713251
3245.0830078125	2.114990234375	0.09006816893816	0.09006816893816	37.054856899713251
3245.125	2.155389785766602	0.092808455228806	0.092808455228806	37.054856899713251
3245.1669921875	2.195455551147461	0.095277838408947	0.095277838408947	37.054856899713251
3245.208984375	2.235860824584961	0.097755275666714	0.097755275666714	37.054856899713251
3245.2509765625	2.267648696899414	0.099974185228348	0.099974185228348	37.054856899713251
3245.29296875	2.255208969116211	0.100001908838749	0.100001908838749	37.054856899713251
3245.3349609375	2.241641998291016	0.100001931190491	0.100001931190491	37.054856899713251
3245.376953125	2.23992919921875	0.100001879036427	0.100001879036427	37.054856899713251
3245.419921875	2.240566253662109	0.100001893937588	0.100001893937588	37.054856899713251
3245.4619140625	2.240863800048828	0.100001849234104	0.100001849234104	37.054856899713251
3245.50390625	2.240097045898437	0.100001841783524	0.100001841783524	37.054856899713251
3245.5458984375	2.236425399780273	0.100001886487007	0.100001886487007	37.054856899713251
3245.5888671875	2.234786987304687	0.100001864135265	0.100001864135265	37.054856899713251
3245.630859375	2.233959197998047	0.100001886487007	0.100001886487007	37.054856899713251
3245.6728515625	2.23193359375	0.100001901388168	0.100001901388168	37.054856899713251
3245.71484375	2.222911834716797	0.100001893937588	0.100001893937588	37.054856899713251
3245.7578125	2.21806526184082	0.100001871585846	0.100001871585846	37.054856899713251
3245.7998046875	2.220474243164062	0.100001826882362	0.100001826882362	37.054856899713251
3245.841796875	2.221397399902344	0.100001879036427	0.100001879036427	37.054856899713251
3245.8837890625	2.221525192260742	0.100001879036427	0.100001879036427	37.054856899713251
3245.9267578125	2.222505569458008	0.100001871585846	0.100001871585846	37.054856899713251
3245.96875	2.222858428955078	0.100001893937588	0.100001893937588	37.054856899713251
3246.0107421875	2.223859786987305	0.100001901388168	0.100001901388168	37.054856899713251
