[INFO]
Keithley 2400
Meas Time: 2021/1/19 17:03:43
Params: GPIB address = GPIB0::21::INSTR; DataFile = D:\工艺实验\胡晨; Compliance  Level (0.1) = 0.100000000000000; Number of Points (5) = 200; Minimum Amplitude (1) = -3.000000000000000; Maximum Amplitude (2) = 3.000000000000000; Timeout (100000 ms) = 100000; Source Mode  (0: Voltage) = 0; 4-wire? = FALSE; delay(S) = 0.000000000000000; Start = ; 

[COMMENT]


[DATA]
time (s)	Voltage (V)	Current (A)	absCurrent (A)	Fitting Resistance (Ohms)

14532.8740234375	-3.000692367553711	-0.000177164911292	0.000177164911292	31.01164668216153
14532.916015625	-2.970865249633789	-0.000177024165168	0.000177024165168	31.01164668216153
14532.9580078125	-2.9403076171875	-0.000176866305992	0.000176866305992	31.01164668216153
14533	-2.910097122192383	-0.000176694476977	0.000176694476977	31.01164668216153
14533.0419921875	-2.879911422729492	-0.000176519271918	0.000176519271918	31.01164668216153
14533.083984375	-2.849695205688477	-0.000176286324859	0.000176286324859	31.01164668216153
14533.1259765625	-2.819486618041992	-0.000176048488356	0.000176048488356	31.01164668216153
14533.16796875	-2.789316177368164	-0.000175816589035	0.000175816589035	31.01164668216153
14533.2099609375	-2.759441375732422	-0.000175599358045	0.000175599358045	31.01164668216153
14533.251953125	-2.728876113891602	-0.000175333116204	0.000175333116204	31.01164668216153
14533.2939453125	-2.698762893676758	-0.000175064546056	0.000175064546056	31.01164668216153
14533.3359375	-2.668970108032227	-0.000174796557985	0.000174796557985	31.01164668216153
14533.3779296875	-2.638500213623047	-0.000174527755007	0.000174527755007	31.01164668216153
14533.419921875	-2.6083984375	-0.000174256274477	0.000174256274477	31.01164668216153
14533.4619140625	-2.57859992980957	-0.000173957552761	0.000173957552761	31.01164668216153
14533.50390625	-2.548133850097656	-0.000173634965904	0.000173634965904	31.01164668216153
14533.5458984375	-2.51800537109375	-0.000173354521394	0.000173354521394	31.01164668216153
14533.587890625	-2.488208770751953	-0.000173055916093	0.000173055916093	31.01164668216153
14533.6298828125	-2.458103179931641	-0.000172731815837	0.000172731815837	31.01164668216153
14533.671875	-2.427629470825195	-0.000172389438376	0.000172389438376	31.01164668216153
14533.7138671875	-2.39784049987793	-0.000172041356564	0.000172041356564	31.01164668216153
14533.755859375	-2.367706298828125	-0.000171716907062	0.000171716907062	31.01164668216153
14533.7978515625	-2.337249755859375	-0.000171383726411	0.000171383726411	31.01164668216153
14533.83984375	-2.307470321655273	-0.000171020627022	0.000171020627022	31.01164668216153
14533.8818359375	-2.27734375	-0.000170635757968	0.000170635757968	31.01164668216153
14533.923828125	-2.24687385559082	-0.000170257408172	0.000170257408172	31.01164668216153
14533.9658203125	-2.217092514038086	-0.000169892911799	0.000169892911799	31.01164668216153
14534.0078125	-2.18696403503418	-0.000169519451447	0.000169519451447	31.01164668216153
14534.0498046875	-2.156831741333008	-0.000169108505361	0.000169108505361	31.01164668216153
14534.091796875	-2.126354217529297	-0.000168686383404	0.000168686383404	31.01164668216153
14534.1337890625	-2.096584320068359	-0.000168280093931	0.000168280093931	31.01164668216153
14534.17578125	-2.066448211669922	-0.000167872523889	0.000167872523889	31.01164668216153
14534.2177734375	-2.035970687866211	-0.000167440855876	0.000167440855876	31.01164668216153
14534.259765625	-2.006254196166992	-0.00016698311083	0.00016698311083	31.01164668216153
14534.3017578125	-1.976133346557617	-0.000166529323906	0.000166529323906	31.01164668216153
14534.34375	-1.945653915405273	-0.000166079262272	0.000166079262272	31.01164668216153
14534.3857421875	-1.915903091430664	-0.000165638746694	0.000165638746694	31.01164668216153
14534.427734375	-1.885751724243164	-0.000165147706866	0.000165147706866	31.01164668216153
14534.4697265625	-1.855958938598633	-0.000164647470228	0.000164647470228	31.01164668216153
14534.51171875	-1.825510025024414	-0.000164153985679	0.000164153985679	31.01164668216153
14534.5537109375	-1.795356750488281	-0.000163658987731	0.000163658987731	31.01164668216153
14534.595703125	-1.765598297119141	-0.000163157237694	0.000163157237694	31.01164668216153
14534.6376953125	-1.735130310058594	-0.000162614043802	0.000162614043802	31.01164668216153
14534.6796875	-1.704982757568359	-0.000162050127983	0.000162050127983	31.01164668216153
14534.720703125	-1.675203323364258	-0.000161528238095	0.000161528238095	31.01164668216153
14534.7626953125	-1.644739151000977	-0.000160983530805	0.000160983530805	31.01164668216153
14534.8046875	-1.614604949951172	-0.000160392839462	0.000160392839462	31.01164668216153
14534.8466796875	-1.584829330444336	-0.000159794697538	0.000159794697538	31.01164668216153
14534.888671875	-1.55470085144043	-0.000159212737344	0.000159212737344	31.01164668216153
14534.9306640625	-1.524221420288086	-0.000158623210154	0.000158623210154	31.01164668216153
14534.97265625	-1.494096755981445	-0.000157996313646	0.000157996313646	31.01164668216153
14535.0146484375	-1.464315414428711	-0.000157343572937	0.000157343572937	31.01164668216153
14535.056640625	-1.433839797973633	-0.000156684196554	0.000156684196554	31.01164668216153
14535.0986328125	-1.403717041015625	-0.000156033202074	0.000156033202074	31.01164668216153
14535.140625	-1.373935699462891	-0.000155382556841	0.000155382556841	31.01164668216153
14535.1826171875	-1.343452453613281	-0.000154661945999	0.000154661945999	31.01164668216153
14535.224609375	-1.313270568847656	-0.000153940520249	0.000153940520249	31.01164668216153
14535.2666015625	-1.283412933349609	-0.00015324249398	0.00015324249398	31.01164668216153
14535.30859375	-1.253219604492187	-0.00015251385048	0.00015251385048	31.01164668216153
14535.3505859375	-1.222686767578125	-0.000151751213707	0.000151751213707	31.01164668216153
14535.392578125	-1.192831039428711	-0.000150974141434	0.000150974141434	31.01164668216153
14535.4345703125	-1.162614822387695	-0.000150165753439	0.000150165753439	31.01164668216153
14535.4765625	-1.132083892822266	-0.00014937389642	0.00014937389642	31.01164668216153
14535.5185546875	-1.102226257324219	-0.000148571445607	0.000148571445607	31.01164668216153
14535.560546875	-1.072015762329102	-0.000147714396007	0.000147714396007	31.01164668216153
14535.6025390625	-1.041492462158203	-0.00014682195615	0.00014682195615	31.01164668216153
14535.64453125	-1.011632919311523	-0.00014595000539	0.00014595000539	31.01164668216153
14535.6865234375	-0.981418609619141	-0.000145068974234	0.000145068974234	31.01164668216153
14535.728515625	-0.951580047607422	-0.000144158140756	0.000144158140756	31.01164668216153
14535.7705078125	-0.921014785766602	-0.00014318479225	0.00014318479225	31.01164668216153
14535.8125	-0.890811920166016	-0.000142194563523	0.000142194563523	31.01164668216153
14535.8544921875	-0.860651016235352	-0.000141221331432	0.000141221331432	31.01164668216153
14535.896484375	-0.830089569091797	-0.000140203046612	0.000140203046612	31.01164668216153
14535.9384765625	-0.80023193359375	-0.000139166018926	0.000139166018926	31.01164668216153
14535.98046875	-0.770040512084961	-0.000138091272675	0.000138091272675	31.01164668216153
14536.0224609375	-0.739482879638672	-0.000136974384077	0.000136974384077	31.01164668216153
14536.064453125	-0.709644317626953	-0.000135883688927	0.000135883688927	31.01164668216153
14536.1064453125	-0.67943000793457	-0.000134746194817	0.000134746194817	31.01164668216153
14536.1484375	-0.64887809753418	-0.000133533263579	0.000133533263579	31.01164668216153
14536.1904296875	-0.61909294128418	-0.000132321496494	0.000132321496494	31.01164668216153
14536.232421875	-0.588890075683594	-0.000131087959744	0.000131087959744	31.01164668216153
14536.2744140625	-0.559041976928711	-0.000129841733724	0.000129841733724	31.01164668216153
14536.31640625	-0.528507232666016	-0.000128516578116	0.000128516578116	31.01164668216153
14536.3583984375	-0.498311996459961	-0.000127148814499	0.000127148814499	31.01164668216153
14536.400390625	-0.468437194824219	-0.00012577068992	0.00012577068992	31.01164668216153
14536.4423828125	-0.437900543212891	-0.000124354148284	0.000124354148284	31.01164668216153
14536.484375	-0.407712936401367	-0.000122894416563	0.000122894416563	31.01164668216153
14536.5263671875	-0.37785530090332	-0.000121385441162	0.000121385441162	31.01164668216153
14536.568359375	-0.347301483154297	-0.000119800679386	0.000119800679386	31.01164668216153
14536.6103515625	-0.317106246948242	-0.000118199968711	0.000118199968711	31.01164668216153
14536.65234375	-0.287250518798828	-0.000116586801596	0.000116586801596	31.01164668216153
14536.6943359375	-0.257051467895508	-0.000114879454486	0.000114879454486	31.01164668216153
14536.736328125	-0.226511001586914	-0.000113077927381	0.000113077927381	31.01164668216153
14536.7783203125	-0.196647644042969	-0.000111267436296	0.000111267436296	31.01164668216153
14536.8203125	-0.166469573974609	-0.000109401065856	0.000109401065856	31.01164668216153
14536.8623046875	-0.135919570922852	-0.000107439118437	0.000107439118437	31.01164668216153
14536.904296875	-0.105710983276367	-0.000105399638414	0.000105399638414	31.01164668216153
14536.9462890625	-0.075849533081055	-0.000103315571323	0.000103315571323	31.01164668216153
14536.98828125	-0.045312881469727	-0.000101102166809	0.000101102166809	31.01164668216153
14537.0810546875	-0.015302658081055	-9.882111044134945E-5	9.882111044134945E-5	31.01164668216153
14537.123046875	0.015192031860352	-9.640392090659589E-5	9.640392090659589E-5	31.01164668216153
14537.1650390625	0.045045852661133	-9.390052582602948E-5	9.390052582602948E-5	31.01164668216153
14537.20703125	0.075616836547852	-9.103448246605694E-5	9.103448246605694E-5	31.01164668216153
14537.2490234375	0.105815887451172	-8.75775731401518E-5	8.75775731401518E-5	31.01164668216153
14537.291015625	0.135688781738281	-8.252813131548464E-5	8.252813131548464E-5	31.01164668216153
14537.3330078125	0.16627311706543	-7.243778964038938E-5	7.243778964038938E-5	31.01164668216153
14537.375	0.196477890014648	-4.80065937153995E-5	4.80065937153995E-5	31.01164668216153
14537.4169921875	0.226474761962891	1.374507701257244E-5	1.374507701257244E-5	31.01164668216153
14537.552734375	0.257026672363281	0.000203048111871	0.000203048111871	31.01164668216153
14537.5947265625	0.287296295166016	0.000611977360677	0.000611977360677	31.01164668216153
14537.7294921875	0.317060470581055	0.001398179680109	0.001398179680109	31.01164668216153
14537.771484375	0.347291946411133	0.002534599043429	0.002534599043429	31.01164668216153
14537.8134765625	0.377845764160156	0.003986147232354	0.003986147232354	31.01164668216153
14537.85546875	0.407733917236328	0.005613717716187	0.005613717716187	31.01164668216153
14537.8974609375	0.437976837158203	0.007405823096633	0.007405823096633	31.01164668216153
14537.939453125	0.46855354309082	0.009324610233307	0.009324610233307	31.01164668216153
14538.02734375	0.498586654663086	0.011322990059853	0.011322990059853	31.01164668216153
14538.0693359375	0.5284423828125	0.013324551284313	0.013324551284313	31.01164668216153
14538.111328125	0.558977127075195	0.015418909490108	0.015418909490108	31.01164668216153
14538.1533203125	0.589168548583984	0.017522528767586	0.017522528767586	31.01164668216153
14538.1953125	0.619028091430664	0.019627548754215	0.019627548754215	31.01164668216153
14538.2373046875	0.649173736572266	0.021770492196083	0.021770492196083	31.01164668216153
14538.279296875	0.679721832275391	0.023959971964359	0.023959971964359	31.01164668216153
14538.3212890625	0.7095947265625	0.026111260056496	0.026111260056496	31.01164668216153
14538.36328125	0.739780426025391	0.028295658528805	0.028295658528805	31.01164668216153
14538.4052734375	0.770332336425781	0.030511796474457	0.030511796474457	31.01164668216153
14538.447265625	0.800186157226562	0.032683722674847	0.032683722674847	31.01164668216153
14538.4892578125	0.830389022827148	0.034883849322796	0.034883849322796	31.01164668216153
14538.53125	0.860950469970703	0.037112966179848	0.037112966179848	31.01164668216153
14538.5732421875	0.890806198120117	0.039290904998779	0.039290904998779	31.01164668216153
14538.615234375	0.920986175537109	0.041493788361549	0.041493788361549	31.01164668216153
14538.6572265625	0.95086669921875	0.043672069907188	0.043672069907188	31.01164668216153
14538.69921875	0.981410980224609	0.045895330607891	0.045895330607891	31.01164668216153
14538.7412109375	1.0115966796875	0.048097595572472	0.048097595572472	31.01164668216153
14538.783203125	1.041479110717773	0.050268955528736	0.050268955528736	31.01164668216153
14538.8251953125	1.072010040283203	0.052484966814518	0.052484966814518	31.01164668216153
14538.8671875	1.102201461791992	0.054673783481121	0.054673783481121	31.01164668216153
14538.9091796875	1.132076263427734	0.05683821439743	0.05683821439743	31.01164668216153
14538.951171875	1.162601470947266	0.059040822088718	0.059040822088718	31.01164668216153
14538.9931640625	1.19281005859375	0.061220064759254	0.061220064759254	31.01164668216153
14539.03515625	1.222686767578125	0.063371524214745	0.063371524214745	31.01164668216153
14539.076171875	1.253206253051758	0.065552778542042	0.065552778542042	31.01164668216153
14539.1181640625	1.283411026000977	0.067708760499954	0.067708760499954	31.01164668216153
14539.16015625	1.313621520996094	0.069857120513916	0.069857120513916	31.01164668216153
14539.2021484375	1.343475341796875	0.071976266801357	0.071976266801357	31.01164668216153
14539.244140625	1.373952865600586	0.074117578566074	0.074117578566074	31.01164668216153
14539.2861328125	1.404098510742187	0.076226487755775	0.076226487755775	31.01164668216153
14539.328125	1.433864593505859	0.078312024474144	0.078312024474144	31.01164668216153
14539.3701171875	1.464338302612305	0.080427102744579	0.080427102744579	31.01164668216153
14539.412109375	1.494482040405273	0.082501992583275	0.082501992583275	31.01164668216153
14539.4541015625	1.52427864074707	0.084556475281715	0.084556475281715	31.01164668216153
14539.49609375	1.554746627807617	0.086648710072041	0.086648710072041	31.01164668216153
14539.5380859375	1.584882736206055	0.088723793625832	0.088723793625832	31.01164668216153
14539.580078125	1.614665985107422	0.090747959911823	0.090747959911823	31.01164668216153
14539.6220703125	1.644798278808594	0.092789940536022	0.092789940536022	31.01164668216153
14539.6640625	1.675256729125977	0.094840042293072	0.094840042293072	31.01164668216153
14539.7060546875	1.705053329467773	0.096893303096294	0.096893303096294	31.01164668216153
14539.748046875	1.735191345214844	0.098841264843941	0.098841264843941	31.01164668216153
14539.7900390625	1.753326416015625	0.100002579391003	0.100002579391003	31.01164668216153
14539.83203125	1.755588531494141	0.100002884864807	0.100002884864807	31.01164668216153
14539.8740234375	1.755159378051758	0.10000292211771	0.10000292211771	31.01164668216153
14539.916015625	1.752740859985352	0.100002907216549	0.100002907216549	31.01164668216153
14539.958984375	1.755203247070312	0.100002899765968	0.100002899765968	31.01164668216153
14540.0009765625	1.750581741333008	0.100002899765968	0.100002899765968	31.01164668216153
14540.04296875	1.755739212036133	0.100002855062485	0.100002855062485	31.01164668216153
14540.0849609375	1.755393981933594	0.100002907216549	0.100002907216549	31.01164668216153
14540.1279296875	1.759559631347656	0.100002899765968	0.100002899765968	31.01164668216153
14540.169921875	1.760278701782227	0.100002899765968	0.100002899765968	31.01164668216153
14540.2119140625	1.759983062744141	0.10000291466713	0.10000291466713	31.01164668216153
14540.2548828125	1.759555816650391	0.100002907216549	0.100002907216549	31.01164668216153
14540.296875	1.754241943359375	0.100002907216549	0.100002907216549	31.01164668216153
14540.3388671875	1.751749038696289	0.10000291466713	0.10000291466713	31.01164668216153
14540.380859375	1.754581451416016	0.100002907216549	0.100002907216549	31.01164668216153
14540.423828125	1.755910873413086	0.100002899765968	0.100002899765968	31.01164668216153
14540.4658203125	1.761152267456055	0.100002862513065	0.100002862513065	31.01164668216153
14540.5078125	1.760326385498047	0.100002892315388	0.100002892315388	31.01164668216153
14540.5498046875	1.761005401611328	0.100002877414227	0.100002877414227	31.01164668216153
14540.5927734375	1.769886016845703	0.100002862513065	0.100002862513065	31.01164668216153
14540.634765625	1.766628265380859	0.100002937018871	0.100002937018871	31.01164668216153
14540.6767578125	1.762208938598633	0.100002899765968	0.100002899765968	31.01164668216153
14540.7197265625	1.75396728515625	0.100002899765968	0.100002899765968	31.01164668216153
14540.76171875	1.755664825439453	0.100002892315388	0.100002892315388	31.01164668216153
14540.8037109375	1.760004043579102	0.100002899765968	0.100002899765968	31.01164668216153
14540.845703125	1.766387939453125	0.100002869963646	0.100002869963646	31.01164668216153
14540.888671875	1.768575668334961	0.10000291466713	0.10000291466713	31.01164668216153
14540.9306640625	1.769397735595703	0.100002862513065	0.100002862513065	31.01164668216153
14540.97265625	1.762737274169922	0.10000292211771	0.10000292211771	31.01164668216153
14541.0146484375	1.764930725097656	0.100002840161324	0.100002840161324	31.01164668216153
14541.0576171875	1.763725280761719	0.100002884864807	0.100002884864807	31.01164668216153
14541.099609375	1.759706497192383	0.100002937018871	0.100002937018871	31.01164668216153
14541.1416015625	1.76329231262207	0.10000292211771	0.10000292211771	31.01164668216153
14541.18359375	1.761783599853516	0.10000292211771	0.10000292211771	31.01164668216153
14541.2265625	1.758970260620117	0.100002944469452	0.100002944469452	31.01164668216153
14541.2685546875	1.755655288696289	0.10000291466713	0.10000291466713	31.01164668216153
14541.310546875	1.751363754272461	0.100002937018871	0.100002937018871	31.01164668216153
14541.3525390625	1.756557464599609	0.10000292211771	0.10000292211771	31.01164668216153
14541.3955078125	1.759393692016602	0.100002899765968	0.100002899765968	31.01164668216153
14541.4375	1.760589599609375	0.100002840161324	0.100002840161324	31.01164668216153
14541.4794921875	1.752485275268555	0.100002944469452	0.100002944469452	31.01164668216153
14541.521484375	1.749086380004883	0.10000292211771	0.10000292211771	31.01164668216153
