[INFO]
Keithley 2400
Meas Time: 2021/1/19 14:14:52
Params: GPIB address = GPIB0::21::INSTR; DataFile = D:\工艺实验\苑成健; Compliance  Level (0.1) = 0.100000000000000; Number of Points (5) = 300; Minimum Amplitude (1) = -3.000000000000000; Maximum Amplitude (2) = 3.000000000000000; Timeout (100000 ms) = 100000; Source Mode  (0: Voltage) = 0; 4-wire? = FALSE; delay(S) = 0.000000000000000; Start = ; 

[COMMENT]


[DATA]
time (s)	Voltage (V)	Current (A)	absCurrent (A)	Fitting Resistance (Ohms)

4398.64648437499999	-3.000722885131836	-0.000143424142152	0.000143424142152	30.146110709334334
4398.68847656249999	-2.980836868286133	-0.000143445213325	0.000143445213325	30.146110709334334
4398.73046874999999	-2.960590362548828	-0.000143453595228	0.000143453595228	30.146110709334334
4398.77246093749999	-2.940677642822266	-0.000143437995575	0.000143437995575	30.146110709334334
4398.81445312499999	-2.920093536376953	-0.000143403420225	0.000143403420225	30.146110709334334
4398.85644531249999	-2.900178909301758	-0.000143328798003	0.000143328798003	30.146110709334334
4398.89843749999999	-2.879947662353516	-0.000143274664879	0.000143274664879	30.146110709334334
4398.94042968749999	-2.860029220581055	-0.000143216922879	0.000143216922879	30.146110709334334
4398.98242187499999	-2.840116500854492	-0.000143163371831	0.000143163371831	30.146110709334334
4399.02441406249999	-2.819869995117187	-0.000143071520142	0.000143071520142	30.146110709334334
4399.06640624999999	-2.799980163574219	-0.000142977689393	0.000142977689393	30.146110709334334
4399.10839843749999	-2.780073165893555	-0.000142911681905	0.000142911681905	30.146110709334334
4399.15039062499999	-2.759475708007812	-0.000142824370414	0.000142824370414	30.146110709334334
4399.19238281249999	-2.73957633972168	-0.000142734264955	0.000142734264955	30.146110709334334
4399.23437499999999	-2.719316482543945	-0.000142623670399	0.000142623670399	30.146110709334334
4399.27636718749999	-2.699487686157227	-0.000142514589243	0.000142514589243	30.146110709334334
4399.31835937499999	-2.679271697998047	-0.000142431701533	0.000142431701533	30.146110709334334
4399.36035156249999	-2.659418106079102	-0.000142340897582	0.000142340897582	30.146110709334334
4399.40234374999999	-2.639568328857422	-0.000142218428664	0.000142218428664	30.146110709334334
4399.44433593749999	-2.619035720825195	-0.000142090837471	0.000142090837471	30.146110709334334
4399.48632812499999	-2.59916877746582	-0.000141982804053	0.000141982804053	30.146110709334334
4399.52832031249999	-2.578973770141602	-0.000141885364428	0.000141885364428	30.146110709334334
4399.57031249999999	-2.559112548828125	-0.000141764758155	0.000141764758155	30.146110709334334
4399.61230468749999	-2.539255142211914	-0.000141629599966	0.000141629599966	30.146110709334334
4399.65429687499999	-2.519063949584961	-0.000141491298564	0.000141491298564	30.146110709334334
4399.69628906249999	-2.49919319152832	-0.000141373719089	0.000141373719089	30.146110709334334
4399.73828124999999	-2.479005813598633	-0.000141256023198	0.000141256023198	30.146110709334334
4399.78027343749999	-2.458816528320312	-0.000141120515764	0.000141120515764	30.146110709334334
4399.82226562499999	-2.438629150390625	-0.000140964635648	0.000140964635648	30.146110709334334
4399.86425781249999	-2.41874885559082	-0.000140822725371	0.000140822725371	30.146110709334334
4399.90624999999999	-2.398895263671875	-0.000140694668517	0.000140694668517	30.146110709334334
4399.94824218749999	-2.378692626953125	-0.000140557531267	0.000140557531267	30.146110709334334
4399.99023437499999	-2.358842849731445	-0.000140401767567	0.000140401767567	30.146110709334334
4400.03222656249999	-2.338644027709961	-0.000140237389132	0.000140237389132	30.146110709334334
4400.07421874999999	-2.318435668945312	-0.000140091637149	0.000140091637149	30.146110709334334
4400.11621093749999	-2.298236846923828	-0.00013994530309	0.00013994530309	30.146110709334334
4400.15820312499999	-2.278396606445312	-0.000139796873555	0.000139796873555	30.146110709334334
4400.20019531249999	-2.258541107177734	-0.000139618176036	0.000139618176036	30.146110709334334
4400.24218749999999	-2.238338470458984	-0.0001394423889	0.0001394423889	30.146110709334334
4400.28417968749999	-2.218467712402344	-0.000139287440106	0.000139287440106	30.146110709334334
4400.32617187499999	-2.198614120483398	-0.000139130628668	0.000139130628668	30.146110709334334
4400.36816406249999	-2.178432464599609	-0.000138949719258	0.000138949719258	30.146110709334334
4400.41015624999999	-2.157878875732422	-0.00013875158038	0.00013875158038	30.146110709334334
4400.45214843749999	-2.138023376464844	-0.000138580915518	0.000138580915518	30.146110709334334
4400.49414062499999	-2.118158340454102	-0.000138417002745	0.000138417002745	30.146110709334334
4400.53613281249999	-2.09797477722168	-0.000138231203891	0.000138231203891	30.146110709334334
4400.57812499999999	-2.078121185302734	-0.000138033181429	0.000138033181429	30.146110709334334
4400.62011718749999	-2.058244705200195	-0.000137835741043	0.000137835741043	30.146110709334334
4400.66210937499999	-2.038042068481445	-0.000137656345032	0.000137656345032	30.146110709334334
4400.70410156249999	-2.01756477355957	-0.000137461931445	0.000137461931445	30.146110709334334
4400.74609374999999	-1.997722625732422	-0.000137258903123	0.000137258903123	30.146110709334334
4400.78808593749999	-1.977848052978516	-0.000137035967782	0.000137035967782	30.146110709334334
4400.83007812499999	-1.957653045654297	-0.000136832124554	0.000136832124554	30.146110709334334
4400.87207031249999	-1.937808990478516	-0.000136638642289	0.000136638642289	30.146110709334334
4400.91406249999999	-1.917963027954102	-0.000136429211125	0.000136429211125	30.146110709334334
4400.95605468749999	-1.897754669189453	-0.000136197777465	0.000136197777465	30.146110709334334
4400.99804687499999	-1.87788200378418	-0.000135962967761	0.000135962967761	30.146110709334334
4401.04003906249999	-1.857337951660156	-0.000135737704113	0.000135737704113	30.146110709334334
4401.08203124999999	-1.837486267089844	-0.000135525362566	0.000135525362566	30.146110709334334
4401.12402343749999	-1.817281723022461	-0.000135294510983	0.000135294510983	30.146110709334334
4401.16601562499999	-1.797418594360352	-0.000135048874654	0.000135048874654	30.146110709334334
4401.20800781249999	-1.777563095092773	-0.000134802656248	0.000134802656248	30.146110709334334
4401.24902343749999	-1.757383346557617	-0.000134557019919	0.000134557019919	30.146110709334334
4401.29101562499999	-1.737529754638672	-0.000134333153255	0.000134333153255	30.146110709334334
4401.33300781249999	-1.71696662902832	-0.000134065398015	0.000134065398015	30.146110709334334
4401.37499999999999	-1.697114944458008	-0.000133793801069	0.000133793801069	30.146110709334334
4401.41699218749999	-1.676902770996094	-0.00013354094699	0.00013354094699	30.146110709334334
4401.45898437499999	-1.657066345214844	-0.000133299268782	0.000133299268782	30.146110709334334
4401.50097656249999	-1.637199401855469	-0.000133025809191	0.000133025809191	30.146110709334334
4401.54296874999999	-1.616992950439453	-0.00013274489902	0.00013274489902	30.146110709334334
4401.58496093749999	-1.597127914428711	-0.000132466782816	0.000132466782816	30.146110709334334
4401.62695312499999	-1.576601028442383	-0.00013218971435	0.00013218971435	30.146110709334334
4401.66894531249999	-1.556745529174805	-0.000131917535327	0.000131917535327	30.146110709334334
4401.71093749999999	-1.536514282226562	-0.000131602049805	0.000131602049805	30.146110709334334
4401.75292968749999	-1.516672134399414	-0.000131306587718	0.000131306587718	30.146110709334334
4401.79492187499999	-1.496810913085937	-0.000131029635668	0.000131029635668	30.146110709334334
4401.83691406249999	-1.476625442504883	-0.000130724976771	0.000130724976771	30.146110709334334
4401.87890624999999	-1.456750869750977	-0.000130416243337	0.000130416243337	30.146110709334334
4401.92089843749999	-1.4368896484375	-0.00013008096721	0.00013008096721	30.146110709334334
4401.96289062499999	-1.41633415222168	-0.000129762338474	0.000129762338474	30.146110709334334
4402.00488281249999	-1.39649772644043	-0.000129456399009	0.000129456399009	30.146110709334334
4402.04687499999999	-1.37629508972168	-0.000129129737616	0.000129129737616	30.146110709334334
4402.08886718749999	-1.356420516967773	-0.000128779560328	0.000128779560328	30.146110709334334
4402.13085937499999	-1.336214065551758	-0.000128431827761	0.000128431827761	30.146110709334334
4402.17285156249999	-1.316326141357422	-0.000128099345602	0.000128099345602	30.146110709334334
4402.21484374999999	-1.296438217163086	-0.000127764767967	0.000127764767967	30.146110709334334
4402.25683593749999	-1.275840759277344	-0.000127392471768	0.000127392471768	30.146110709334334
4402.29882812499999	-1.25593376159668	-0.000127015751787	0.000127015751787	30.146110709334334
4402.34082031249999	-1.235698699951172	-0.000126651488245	0.000126651488245	30.146110709334334
4402.38281249999999	-1.215808868408203	-0.000126291532069	0.000126291532069	30.146110709334334
4402.42480468749999	-1.195541381835937	-0.000125909340568	0.000125909340568	30.146110709334334
4402.46679687499999	-1.17564582824707	-0.000125511898659	0.000125511898659	30.146110709334334
4402.50878906249999	-1.155723571777344	-0.000125110847875	0.000125110847875	30.146110709334334
4402.55078124999999	-1.135490417480469	-0.000124722137116	0.000124722137116	30.146110709334334
4402.59277343749999	-1.115251541137695	-0.000124326208606	0.000124326208606	30.146110709334334
4402.63476562499999	-1.094995498657227	-0.000123897800222	0.000123897800222	30.146110709334334
4402.67675781249999	-1.075092315673828	-0.000123471254483	0.000123471254483	30.146110709334334
4402.71874999999999	-1.055208206176758	-0.000123050413094	0.000123050413094	30.146110709334334
4402.76074218749999	-1.034963607788086	-0.000122615252621	0.000122615252621	30.146110709334334
4402.80273437499999	-1.015043258666992	-0.000122186378576	0.000122186378576	30.146110709334334
4402.84472656249999	-0.994794845581055	-0.000121722114272	0.000121722114272	30.146110709334334
4402.88671874999999	-0.97454833984375	-0.000121252378449	0.000121252378449	30.146110709334334
4402.92871093749999	-0.954311370849609	-0.000120792887174	0.000120792887174	30.146110709334334
4402.97070312499999	-0.934402465820312	-0.000120336189866	0.000120336189866	30.146110709334334
4403.01269531249999	-0.914493560791016	-0.000119839794934	0.000119839794934	30.146110709334334
4403.05468749999999	-0.894250869750977	-0.000119331525639	0.000119331525639	30.146110709334334
4403.09667968749999	-0.874353408813477	-0.000118848751299	0.000118848751299	30.146110709334334
4403.13867187499999	-0.854457855224609	-0.000118350144476	0.000118350144476	30.146110709334334
4403.18066406249999	-0.834194183349609	-0.000117837451398	0.000117837451398	30.146110709334334
4403.22167968749999	-0.813613891601562	-0.000117286923341	0.000117286923341	30.146110709334334
4403.26367187499999	-0.793703079223633	-0.000116739654914	0.000116739654914	30.146110709334334
4403.30566406249999	-0.773809432983398	-0.000116210663691	0.000116210663691	30.146110709334334
4403.34765624999999	-0.753551483154297	-0.000115664326586	0.000115664326586	30.146110709334334
4403.38964843749999	-0.733648300170898	-0.000115095055662	0.000115095055662	30.146110709334334
4403.43164062499999	-0.713727951049805	-0.00011451379396	0.00011451379396	30.146110709334334
4403.47363281249999	-0.693506240844727	-0.000113919377327	0.000113919377327	30.146110709334334
4403.51562499999999	-0.672922134399414	-0.000113314017653	0.000113314017653	30.146110709334334
4403.55761718749999	-0.653003692626953	-0.000112719833851	0.000112719833851	30.146110709334334
4403.59960937499999	-0.633096694946289	-0.000112093053758	0.000112093053758	30.146110709334334
4403.64160156249999	-0.6129150390625	-0.000111446017399	0.000111446017399	30.146110709334334
4403.68359374999999	-0.593025207519531	-0.000110812252387	0.000110812252387	30.146110709334334
4403.72558593749999	-0.573114395141602	-0.000110174529254	0.000110174529254	30.146110709334334
4403.76757812499999	-0.55286979675293	-0.000109486049041	0.000109486049041	30.146110709334334
4403.80957031249999	-0.532976150512695	-0.000108795473352	0.000108795473352	30.146110709334334
4403.85156249999999	-0.512392044067383	-0.000108082196675	0.000108082196675	30.146110709334334
4403.89355468749999	-0.492475509643555	-0.000107378349639	0.000107378349639	30.146110709334334
4403.93554687499999	-0.472211837768555	-0.00010664970614	0.00010664970614	30.146110709334334
4403.97753906249999	-0.452316284179687	-0.000105905695818	0.000105905695818	30.146110709334334
4404.01953124999999	-0.432416915893555	-0.000105143641122	0.000105143641122	30.146110709334334
4404.06152343749999	-0.412179946899414	-0.000104367150925	0.000104367150925	30.146110709334334
4404.10351562499999	-0.392267227172852	-0.000103589496575	0.000103589496575	30.146110709334334
4404.14550781249999	-0.371675491333008	-0.00010276271496	0.00010276271496	30.146110709334334
4404.18749999999999	-0.351791381835937	-0.000101926503703	0.000101926503703	30.146110709334334
4404.22949218749999	-0.331548690795898	-0.000101071665995	0.000101071665995	30.146110709334334
4404.27148437499999	-0.311626434326172	-0.000100224511698	0.000100224511698	30.146110709334334
4404.36425781249999	-0.291936874389648	-9.933923138305545E-5	9.933923138305545E-5	30.146110709334334
4404.40624999999999	-0.271692276000977	-9.843720181379467E-5	9.843720181379467E-5	30.146110709334334
4404.44824218749999	-0.251798629760742	-9.751511970534921E-5	9.751511970534921E-5	30.146110709334334
4404.49023437499999	-0.231880187988281	-9.656396287027746E-5	9.656396287027746E-5	30.146110709334334
4404.53222656249999	-0.211286544799805	-9.556478471495211E-5	9.556478471495211E-5	30.146110709334334
4404.57421874999999	-0.191028594970703	-9.456976840738207E-5	9.456976840738207E-5	30.146110709334334
4404.61621093749999	-0.171152114868164	-9.354737994726747E-5	9.354737994726747E-5	30.146110709334334
4404.65820312499999	-0.151237487792969	-9.250016591977328E-5	9.250016591977328E-5	30.146110709334334
4404.70019531249999	-0.1309814453125	-9.141179907601327E-5	9.141179907601327E-5	30.146110709334334
4404.74218749999999	-0.111091613769531	-9.032305388245732E-5	9.032305388245732E-5	30.146110709334334
4404.78417968749999	-0.091180801391602	-8.919663378037512E-5	8.919663378037512E-5	30.146110709334334
4404.82617187499999	-0.070596694946289	-8.799222996458411E-5	8.799222996458411E-5	30.146110709334334
4404.86816406249999	-0.050666809082031	-8.678628364577889E-5	8.678628364577889E-5	30.146110709334334
4404.91015624999999	-0.030414581298828	-8.55362304719165E-5	8.55362304719165E-5	30.146110709334334
4404.95214843749999	-0.010524749755859	-8.42762237880379E-5	8.42762237880379E-5	30.146110709334334
4404.99414062499999	0.010051727294922	-8.290764526464045E-5	8.290764526464045E-5	30.146110709334334
4405.03613281249999	0.030290603637695	-8.150440407916903E-5	8.150440407916903E-5	30.146110709334334
4405.07812499999999	0.050205230712891	-8.003396214917302E-5	8.003396214917302E-5	30.146110709334334
4405.12011718749999	0.070123672485352	-7.846318476367742E-5	7.846318476367742E-5	30.146110709334334
4405.16210937499999	0.090700149536133	-7.661039126105607E-5	7.661039126105607E-5	30.146110709334334
4405.20410156249999	0.110601425170898	-7.439996988978237E-5	7.439996988978237E-5	30.146110709334334
4405.24609374999999	0.13087272644043	-7.132075552362949E-5	7.132075552362949E-5	30.146110709334334
4405.28808593749999	0.150774002075195	-6.665341788902879E-5	6.665341788902879E-5	30.146110709334334
4405.33007812499999	0.17071533203125	-5.859941302333027E-5	5.859941302333027E-5	30.146110709334334
4405.37207031249999	0.190971374511719	-4.32736414950341E-5	4.32736414950341E-5	30.146110709334334
4405.41406249999999	0.210933685302734	-1.413884456269443E-5	1.413884456269443E-5	30.146110709334334
4405.45605468749999	0.231639862060547	4.247872857376933E-5	4.247872857376933E-5	30.146110709334334
4405.59179687499999	0.251499176025391	0.000164560740814	0.000164560740814	30.146110709334334
4405.63378906249999	0.271764755249023	0.000373238231987	0.000373238231987	30.146110709334334
4405.67578124999999	0.291730880737305	0.000714880414307	0.000714880414307	30.146110709334334
4405.81054687499999	0.311529159545898	0.001247053965926	0.001247053965926	30.146110709334334
4405.85253906249999	0.331796646118164	0.001946939155459	0.001946939155459	30.146110709334334
4405.89453124999999	0.351713180541992	0.002794906497002	0.002794906497002	30.146110709334334
4405.93554687499999	0.371616363525391	0.003770519979298	0.003770519979298	30.146110709334334
4405.97753906249999	0.392242431640625	0.004887700080872	0.004887700080872	30.146110709334334
4406.01953124999999	0.412504196166992	0.00607241038233	0.00607241038233	30.146110709334334
4406.06152343749999	0.432445526123047	0.007302687503397	0.007302687503397	30.146110709334334
4406.10351562499999	0.452358245849609	0.008582707494497	0.008582707494497	30.146110709334334
4406.14550781249999	0.472633361816406	0.009926724247634	0.009926724247634	30.146110709334334
4406.23437499999999	0.492353439331055	0.011299915611744	0.011299915611744	30.146110709334334
4406.27636718749999	0.512262344360352	0.012678384780884	0.012678384780884	30.146110709334334
4406.31835937499999	0.532855987548828	0.014132559299469	0.014132559299469	30.146110709334334
4406.36035156249999	0.553089141845703	0.015582084655762	0.015582084655762	30.146110709334334
4406.40234374999999	0.572988510131836	0.017023712396622	0.017023712396622	30.146110709334334
4406.44433593749999	0.592901229858398	0.018480002880096	0.018480002880096	30.146110709334334
4406.48535156249999	0.61314582824707	0.019972689449787	0.019972689449787	30.146110709334334
4406.52734374999999	0.633050918579102	0.021446891129017	0.021446891129017	30.146110709334334
4406.56933593749999	0.652902603149414	0.022928275167942	0.022928275167942	30.146110709334334
4406.61132812499999	0.673151016235352	0.024446569383144	0.024446569383144	30.146110709334334
4406.65332031249999	0.69340705871582	0.025971971452236	0.025971971452236	30.146110709334334
4406.69531249999999	0.713655471801758	0.027500964701176	0.027500964701176	30.146110709334334
4406.73730468749999	0.733545303344727	0.029009394347668	0.029009394347668	30.146110709334334
4406.77929687499999	0.753789901733398	0.030545823276043	0.030545823276043	30.146110709334334
4406.82128906249999	0.773704528808594	0.03206267952919	0.03206267952919	30.146110709334334
4406.86328124999999	0.793615341186523	0.033583298325539	0.033583298325539	30.146110709334334
4406.90527343749999	0.813852310180664	0.035128988325596	0.035128988325596	30.146110709334334
4406.94726562499999	0.834102630615234	0.036678209900856	0.036678209900856	30.146110709334334
4406.98925781249999	0.85435676574707	0.038224652409554	0.038224652409554	30.146110709334334
4407.03124999999999	0.874279022216797	0.039753794670105	0.039753794670105	30.146110709334334
4407.07324218749999	0.894176483154297	0.041278436779976	0.041278436779976	30.146110709334334
4407.11523437499999	0.914405822753906	0.042829900979996	0.042829900979996	30.146110709334334
4407.15722656249999	0.934310913085937	0.044356174767017	0.044356174767017	30.146110709334334
4407.19921874999999	0.954568862915039	0.045908711850643	0.045908711850643	30.146110709334334
4407.24121093749999	0.974464416503906	0.047434039413929	0.047434039413929	30.146110709334334
4407.28320312499999	0.995048522949219	0.049009598791599	0.049009598791599	30.146110709334334
4407.32519531249999	1.014961242675781	0.050533674657345	0.050533674657345	30.146110709334334
4407.36718749999999	1.034873962402344	0.052056141197681	0.052056141197681	30.146110709334334
4407.40917968749999	1.055124282836914	0.053605996072292	0.053605996072292	30.146110709334334
4407.45117187499999	1.075010299682617	0.055125720798969	0.055125720798969	30.146110709334334
4407.49316406249999	1.09492301940918	0.056648381054401	0.056648381054401	30.146110709334334
4407.53515624999999	1.115165710449219	0.058197170495987	0.058197170495987	30.146110709334334
4407.57714843749999	1.135774612426758	0.059768036007881	0.059768036007881	30.146110709334334
4407.61914062499999	1.155668258666992	0.061280570924282	0.061280570924282	30.146110709334334
4407.66113281249999	1.175577163696289	0.062786132097244	0.062786132097244	30.146110709334334
4407.70312499999999	1.195827484130859	0.064324170351028	0.064324170351028	30.146110709334334
4407.74414062499999	1.215740203857422	0.065832361578941	0.065832361578941	30.146110709334334
4407.78613281249999	1.235639572143555	0.067335709929466	0.067335709929466	30.146110709334334
4407.82812499999999	1.255878448486328	0.068861901760101	0.068861901760101	30.146110709334334
4407.87011718749999	1.276466369628906	0.070415928959846	0.070415928959846	30.146110709334334
4407.91210937499999	1.296371459960937	0.071910552680492	0.071910552680492	30.146110709334334
4407.95410156249999	1.316276550292969	0.073407217860222	0.073407217860222	30.146110709334334
4407.99609374999999	1.336521148681641	0.074925355613232	0.074925355613232	30.146110709334334
4408.03808593749999	1.356399536132812	0.076412223279476	0.076412223279476	30.146110709334334
4408.08007812499999	1.37626838684082	0.077900134027004	0.077900134027004	30.146110709334334
4408.12207031249999	1.396488189697266	0.079405523836613	0.079405523836613	30.146110709334334
4408.16406249999999	1.416347503662109	0.080884680151939	0.080884680151939	30.146110709334334
4408.20605468749999	1.436872482299805	0.082406044006348	0.082406044006348	30.146110709334334
4408.24804687499999	1.456727981567383	0.083876118063927	0.083876118063927	30.146110709334334
4408.29003906249999	1.476938247680664	0.085365414619446	0.085365414619446	30.146110709334334
4408.33203124999999	1.496799468994141	0.086837075650692	0.086837075650692	30.146110709334334
4408.37402343749999	1.516658782958984	0.088292308151722	0.088292308151722	30.146110709334334
4408.41601562499999	1.536863327026367	0.089771702885628	0.089771702885628	30.146110709334334
4408.45800781249999	1.556724548339844	0.09123008698225	0.09123008698225	30.146110709334334
4408.49999999999999	1.577281951904297	0.092712923884392	0.092712923884392	30.146110709334334
4408.54199218749999	1.597137451171875	0.094150938093662	0.094150938093662	30.146110709334334
4408.58398437499999	1.616989135742187	0.0955830514431	0.0955830514431	30.146110709334334
4408.62597656249999	1.637191772460937	0.097023837268353	0.097023837268353	30.146110709334334
4408.66796874999999	1.65705680847168	0.09843372553587	0.09843372553587	30.146110709334334
4408.70898437499999	1.677251815795898	0.099871121346951	0.099871121346951	30.146110709334334
4408.75097656249999	1.679594039916992	0.100002929568291	0.100002929568291	30.146110709334334
4408.79394531249999	1.67974853515625	0.100002437829971	0.100002437829971	30.146110709334334
4408.83593749999999	1.679573059082031	0.100002437829971	0.100002437829971	30.146110709334334
4408.87792968749999	1.679616928100586	0.100002452731133	0.100002452731133	30.146110709334334
4408.91992187499999	1.679758071899414	0.10000241547823	0.10000241547823	30.146110709334334
4408.96289062499999	1.679729461669922	0.100002430379391	0.100002430379391	30.146110709334334
4409.00488281249999	1.679399490356445	0.100002460181713	0.100002460181713	30.146110709334334
4409.04687499999999	1.679624557495117	0.100002437829971	0.100002437829971	30.146110709334334
4409.08886718749999	1.677501678466797	0.100002430379391	0.100002430379391	30.146110709334334
4409.13183593749999	1.679920196533203	0.100002475082874	0.100002475082874	30.146110709334334
4409.17382812499999	1.680002212524414	0.100002400577068	0.100002400577068	30.146110709334334
4409.21582031249999	1.68004035949707	0.10000241547823	0.10000241547823	30.146110709334334
4409.25781249999999	1.67987060546875	0.100002430379391	0.100002430379391	30.146110709334334
4409.30078124999999	1.680046081542969	0.100002430379391	0.100002430379391	30.146110709334334
4409.34277343749999	1.679792404174805	0.100002460181713	0.100002460181713	30.146110709334334
4409.38476562499999	1.680652618408203	0.100002460181713	0.100002460181713	30.146110709334334
4409.42675781249999	1.680717468261719	0.100002430379391	0.100002430379391	30.146110709334334
4409.46972656249999	1.680715560913086	0.10000241547823	0.10000241547823	30.146110709334334
4409.51171874999999	1.681074142456055	0.100002393126488	0.100002393126488	30.146110709334334
4409.55371093749999	1.680959701538086	0.100002430379391	0.100002430379391	30.146110709334334
4409.59667968749999	1.680936813354492	0.100002460181713	0.100002460181713	30.146110709334334
4409.63867187499999	1.680900573730469	0.100002430379391	0.100002430379391	30.146110709334334
4409.68066406249999	1.680841445922852	0.10000241547823	0.10000241547823	30.146110709334334
4409.72265624999999	1.680763244628906	0.100002430379391	0.100002430379391	30.146110709334334
4409.76562499999999	1.680759429931641	0.100002430379391	0.100002430379391	30.146110709334334
4409.80761718749999	1.680877685546875	0.10000242292881	0.10000242292881	30.146110709334334
4409.84960937499999	1.680696487426758	0.100002378225327	0.100002378225327	30.146110709334334
4409.89160156249999	1.680318832397461	0.100002393126488	0.100002393126488	30.146110709334334
4409.93457031249999	1.680261611938477	0.100002400577068	0.100002400577068	30.146110709334334
4409.97656249999999	1.6805419921875	0.100002400577068	0.100002400577068	30.146110709334334
4410.01855468749999	1.680301666259766	0.100002393126488	0.100002393126488	30.146110709334334
4410.06054687499999	1.680206298828125	0.10000241547823	0.10000241547823	30.146110709334334
4410.10351562499999	1.679948806762695	0.100002370774746	0.100002370774746	30.146110709334334
4410.14550781249999	1.679912567138672	0.100002393126488	0.100002393126488	30.146110709334334
4410.18749999999999	1.679927825927734	0.100002378225327	0.100002378225327	30.146110709334334
4410.22949218749999	1.68000602722168	0.100002393126488	0.100002393126488	30.146110709334334
4410.27246093749999	1.680027008056641	0.100002370774746	0.100002370774746	30.146110709334334
4410.31445312499999	1.679832458496094	0.100002370774746	0.100002370774746	30.146110709334334
4410.35644531249999	1.679704666137695	0.100002363324165	0.100002363324165	30.146110709334334
4410.39843749999999	1.679557800292969	0.100002363324165	0.100002363324165	30.146110709334334
4410.44140624999999	1.679597854614258	0.100002340972424	0.100002340972424	30.146110709334334
4410.48339843749999	1.679492950439453	0.100002393126488	0.100002393126488	30.146110709334334
4410.52539062499999	1.679340362548828	0.100002393126488	0.100002393126488	30.146110709334334
4410.56738281249999	1.679159164428711	0.100002385675907	0.100002385675907	30.146110709334334
4410.61035156249999	1.678792953491211	0.100002400577068	0.100002400577068	30.146110709334334
4410.65234374999999	1.678562164306641	0.100002430379391	0.100002430379391	30.146110709334334
4410.69433593749999	1.678298950195312	0.100002400577068	0.100002400577068	30.146110709334334
4410.73730468749999	1.678304672241211	0.100002400577068	0.100002400577068	30.146110709334334
4410.77929687499999	1.678445816040039	0.100002408027649	0.100002408027649	30.146110709334334
4410.82128906249999	1.67835807800293	0.100002385675907	0.100002385675907	30.146110709334334
4410.86328124999999	1.67784309387207	0.10000242292881	0.10000242292881	30.146110709334334
4410.90624999999999	1.677774429321289	0.100002385675907	0.100002385675907	30.146110709334334
4410.94824218749999	1.677658081054687	0.100002408027649	0.100002408027649	30.146110709334334
4410.99023437499999	1.677583694458008	0.100002408027649	0.100002408027649	30.146110709334334
4411.03222656249999	1.677637100219727	0.100002385675907	0.100002385675907	30.146110709334334
4411.07519531249999	1.677511215209961	0.100002408027649	0.100002408027649	30.146110709334334
4411.11718749999999	1.677497863769531	0.100002400577068	0.100002400577068	30.146110709334334
4411.15917968749999	1.677604675292969	0.100002385675907	0.100002385675907	30.146110709334334
4411.20117187499999	1.677490234375	0.100002385675907	0.100002385675907	30.146110709334334
4411.24414062499999	1.677001953125	0.100002393126488	0.100002393126488	30.146110709334334
4411.28613281249999	1.676864624023437	0.100002393126488	0.100002393126488	30.146110709334334
4411.32812499999999	1.676986694335937	0.100002430379391	0.100002430379391	30.146110709334334
4411.37011718749999	1.676822662353516	0.100002400577068	0.100002400577068	30.146110709334334
4411.41308593749999	1.676412582397461	0.100002400577068	0.100002400577068	30.146110709334334
4411.45507812499999	1.676288604736328	0.100002393126488	0.100002393126488	30.146110709334334
4411.49707031249999	1.676170349121094	0.10000242292881	0.10000242292881	30.146110709334334
