[INFO]
Keithley 2400
Meas Time: 2021/1/19 11:21:15
Params: GPIB address = GPIB0::21::INSTR; DataFile = D:\工艺实验\范仡; Compliance  Level (0.1) = 0.100000000000000; Number of Points (5) = 100; Minimum Amplitude (1) = -3.000000000000000; Maximum Amplitude (2) = 3.000000000000000; Timeout (100000 ms) = 100000; Source Mode  (0: Voltage) = 0; 4-wire? = FALSE; delay(S) = 0.000000000000000; Start = ; 

[COMMENT]


[DATA]
time (s)	Voltage (V)	Current (A)	absCurrent (A)	Fitting Resistance (Ohms)

12241.8818359375	-3.000722885131836	-0.000151622807607	0.000151622807607	35.755336292380363
12241.923828125	-2.940345764160156	-0.000151316169649	0.000151316169649	35.755336292380363
12241.9658203125	-2.879606246948242	-0.000150937121361	0.000150937121361	35.755336292380363
12242.0078125	-2.818515777587891	-0.000150464475155	0.000150464475155	35.755336292380363
12242.0498046875	-2.758108139038086	-0.000149991945364	0.000149991945364	35.755336292380363
12242.091796875	-2.697418212890625	-0.000149508239701	0.000149508239701	35.755336292380363
12242.1337890625	-2.636844635009766	-0.000148986466229	0.000148986466229	35.755336292380363
12242.17578125	-2.576574325561523	-0.000148419523612	0.000148419523612	35.755336292380363
12242.2177734375	-2.515647888183594	-0.00014781660866	0.00014781660866	35.755336292380363
12242.259765625	-2.455038070678711	-0.000147205544636	0.000147205544636	35.755336292380363
12242.3017578125	-2.39478874206543	-0.000146577134728	0.000146577134728	35.755336292380363
12242.34375	-2.334190368652344	-0.000145902857184	0.000145902857184	35.755336292380363
12242.3857421875	-2.27326774597168	-0.000145187950693	0.000145187950693	35.755336292380363
12242.427734375	-2.212987899780273	-0.000144434045069	0.000144434045069	35.755336292380363
12242.4697265625	-2.152402877807617	-0.000143668847159	0.000143668847159	35.755336292380363
12242.51171875	-2.092151641845703	-0.000142880016938	0.000142880016938	35.755336292380363
12242.5537109375	-2.031530380249023	-0.000142028089613	0.000142028089613	35.755336292380363
12242.595703125	-1.970668792724609	-0.000141135067679	0.000141135067679	35.755336292380363
12242.6376953125	-1.910438537597656	-0.000140186864883	0.000140186864883	35.755336292380363
12242.6796875	-1.849819183349609	-0.000139215961099	0.000139215961099	35.755336292380363
12242.7216796875	-1.78956413269043	-0.000138229108416	0.000138229108416	35.755336292380363
12242.763671875	-1.728977203369141	-0.000137150404043	0.000137150404043	35.755336292380363
12242.8056640625	-1.668014526367187	-0.000136028276756	0.000136028276756	35.755336292380363
12242.84765625	-1.607770919799805	-0.00013490265701	0.00013490265701	35.755336292380363
12242.8896484375	-1.547161102294922	-0.000133718946017	0.000133718946017	35.755336292380363
12242.931640625	-1.486906051635742	-0.000132447341457	0.000132447341457	35.755336292380363
12242.9736328125	-1.425956726074219	-0.000131133478135	0.000131133478135	35.755336292380363
12243.015625	-1.365364074707031	-0.000129763735458	0.000129763735458	35.755336292380363
12243.0576171875	-1.305049896240234	-0.000128354295157	0.000128354295157	35.755336292380363
12243.099609375	-1.244295120239258	-0.000126973376609	0.000126973376609	35.755336292380363
12243.1416015625	-1.183570861816406	-0.000125419348478	0.000125419348478	35.755336292380363
12243.18359375	-1.122493743896484	-0.000123713631183	0.000123713631183	35.755336292380363
12243.2255859375	-1.06208610534668	-0.000122042256407	0.000122042256407	35.755336292380363
12243.267578125	-1.001337051391602	-0.0001201875275	0.0001201875275	35.755336292380363
12243.3095703125	-0.940950393676758	-0.000118220923468	0.000118220923468	35.755336292380363
12243.3505859375	-0.880216598510742	-0.000116247334518	0.000116247334518	35.755336292380363
12243.392578125	-0.819124221801758	-0.000114127993584	0.000114127993584	35.755336292380363
12243.4345703125	-0.758720397949219	-0.000111982226372	0.000111982226372	35.755336292380363
12243.4765625	-0.697980880737305	-0.000109673943371	0.000109673943371	35.755336292380363
12243.5185546875	-0.637569427490234	-0.000107232131995	0.000107232131995	35.755336292380363
12243.560546875	-0.576896667480469	-0.000104654463939	0.000104654463939	35.755336292380363
12243.6025390625	-0.515827178955078	-0.000101897749119	0.000101897749119	35.755336292380363
12243.6962890625	-0.455629348754883	-9.898835560306907E-5	9.898835560306907E-5	35.755336292380363
12243.73828125	-0.394880294799805	-9.59575263550505E-5	9.59575263550505E-5	35.755336292380363
12243.7802734375	-0.334503173828125	-9.27499495446682E-5	9.27499495446682E-5	35.755336292380363
12243.822265625	-0.273393630981445	-8.928151510190219E-5	8.928151510190219E-5	35.755336292380363
12243.86328125	-0.212636947631836	-8.557406545151025E-5	8.557406545151025E-5	35.755336292380363
12243.9052734375	-0.152246475219727	-8.141394937410951E-5	8.141394937410951E-5	35.755336292380363
12243.947265625	-0.091485977172852	-7.568659202661365E-5	7.568659202661365E-5	35.755336292380363
12243.9892578125	-0.031059265136719	-6.566364027094096E-5	6.566364027094096E-5	35.755336292380363
12244.0322265625	0.03071403503418	-5.1037801313214E-5	5.1037801313214E-5	35.755336292380363
12244.07421875	0.09149169921875	-3.473700780887157E-5	3.473700780887157E-5	35.755336292380363
12244.1162109375	0.15191650390625	-1.813002745620906E-5	1.813002745620906E-5	35.755336292380363
12244.212890625	0.212663650512695	-1.404487193212844E-6	1.404487193212844E-6	35.755336292380363
12244.3486328125	0.27314567565918	0.000302981585264	0.000302981585264	35.755336292380363
12244.4833984375	0.334186553955078	0.001223201863468	0.001223201863468	35.755336292380363
12244.5244140625	0.394948959350586	0.002543588168919	0.002543588168919	35.755336292380363
12244.56640625	0.455379486083984	0.004056928679347	0.004056928679347	35.755336292380363
12244.6083984375	0.51616096496582	0.005657816305757	0.005657816305757	35.755336292380363
12244.650390625	0.577253341674805	0.00728725316003	0.00728725316003	35.755336292380363
12244.6923828125	0.637590408325195	0.008884493261576	0.008884493261576	35.755336292380363
12244.734375	0.698385238647461	0.010461296886206	0.010461296886206	35.755336292380363
12244.822265625	0.758583068847656	0.0145643055439	0.0145643055439	35.755336292380363
12244.8642578125	0.819328308105469	0.016476929187775	0.016476929187775	35.755336292380363
12244.90625	0.88041877746582	0.018373101949692	0.018373101949692	35.755336292380363
12244.9482421875	0.940807342529297	0.02021911740303	0.02021911740303	35.755336292380363
12244.990234375	1.001554489135742	0.022047951817513	0.022047951817513	35.755336292380363
12245.0322265625	1.061956405639648	0.023789495229721	0.023789495229721	35.755336292380363
12245.07421875	1.122703552246094	0.025335922837257	0.025335922837257	35.755336292380363
12245.1162109375	1.183570861816406	0.025147385895252	0.025147385895252	35.755336292380363
12245.158203125	1.244207382202148	0.026371069252491	0.026371069252491	35.755336292380363
12245.2001953125	1.3050537109375	0.031976997852325	0.031976997852325	35.755336292380363
12245.2421875	1.365085601806641	0.031232416629791	0.031232416629791	35.755336292380363
12245.2841796875	1.425865173339844	0.042363919317722	0.042363919317722	35.755336292380363
12245.326171875	1.486843109130859	0.046257980167866	0.046257980167866	35.755336292380363
12245.3681640625	1.547101974487305	0.049952760338783	0.049952760338783	35.755336292380363
12245.41015625	1.607692718505859	0.053306452929974	0.053306452929974	35.755336292380363
12245.4521484375	1.667961120605469	0.057216726243496	0.057216726243496	35.755336292380363
12245.494140625	1.728906631469727	0.061449125409126	0.061449125409126	35.755336292380363
12245.5361328125	1.789497375488281	0.06548947095871	0.06548947095871	35.755336292380363
12245.578125	1.849781036376953	0.070168562233448	0.070168562233448	35.755336292380363
12245.6201171875	1.910383224487305	0.074172012507915	0.074172012507915	35.755336292380363
12245.662109375	1.970619201660156	0.07858419418335	0.07858419418335	35.755336292380363
12245.7041015625	2.031572341918945	0.08343081921339	0.08343081921339	35.755336292380363
12245.74609375	2.092161178588867	0.088126726448536	0.088126726448536	35.755336292380363
12245.7880859375	2.152366638183594	0.091156668961048	0.091156668961048	35.755336292380363
12245.830078125	2.184932708740234	0.099085584282875	0.099085584282875	35.755336292380363
12245.8720703125	2.162117004394531	0.100002869963646	0.100002869963646	35.755336292380363
12245.9140625	2.151756286621094	0.100002802908421	0.100002802908421	35.755336292380363
12245.9560546875	2.144638061523437	0.100002840161324	0.100002840161324	35.755336292380363
12245.9990234375	2.140684127807617	0.100002832710743	0.100002832710743	35.755336292380363
12246.041015625	2.137149810791016	0.100002817809582	0.100002817809582	35.755336292380363
12246.0830078125	2.134130477905273	0.10000279545784	0.10000279545784	35.755336292380363
12246.125	2.131351470947266	0.10000279545784	0.10000279545784	35.755336292380363
12246.16796875	2.128837585449219	0.100002810359001	0.100002810359001	35.755336292380363
12246.2099609375	2.126501083374023	0.100002825260162	0.100002825260162	35.755336292380363
12246.251953125	2.124452590942383	0.100002810359001	0.100002810359001	35.755336292380363
12246.2939453125	2.122295379638672	0.100002765655518	0.100002765655518	35.755336292380363
12246.3369140625	2.120370864868164	0.100002758204937	0.100002758204937	35.755336292380363
12246.37890625	2.118415832519531	0.100002780556679	0.100002780556679	35.755336292380363
12252.185546875	-3.000711441040039	-0.000154823064804	0.000154823064804	35.014047372973572
12252.2275390625	-2.940341949462891	-0.000154623878188	0.000154623878188	35.014047372973572
12252.26953125	-2.879598617553711	-0.000154356705025	0.000154356705025	35.014047372973572
12252.3115234375	-2.818513870239258	-0.000154015491717	0.000154015491717	35.014047372973572
12252.353515625	-2.758100509643555	-0.000153643544763	0.000153643544763	35.014047372973572
12252.3955078125	-2.697408676147461	-0.000153276254423	0.000153276254423	35.014047372973572
12252.4375	-2.636833190917969	-0.000152883352712	0.000152883352712	35.014047372973572
12252.4794921875	-2.576583862304687	-0.000152434920892	0.000152434920892	35.014047372973572
12252.521484375	-2.515653610229492	-0.00015194748994	0.00015194748994	35.014047372973572
12252.5634765625	-2.455055236816406	-0.000151456566527	0.000151456566527	35.014047372973572
12252.60546875	-2.394794464111328	-0.000150952138938	0.000150952138938	35.014047372973572
12252.6474609375	-2.334196090698242	-0.000150424079038	0.000150424079038	35.014047372973572
12252.689453125	-2.273277282714844	-0.000149840256199	0.000149840256199	35.014047372973572
12252.7314453125	-2.213003158569336	-0.000149231404066	0.000149231404066	35.014047372973572
12252.7734375	-2.152412414550781	-0.000148609629832	0.000148609629832	35.014047372973572
12252.8154296875	-2.092166900634766	-0.000147976446897	0.000147976446897	35.014047372973572
12252.857421875	-2.031532287597656	-0.000147293671034	0.000147293671034	35.014047372973572
12252.8994140625	-1.970672607421875	-0.00014656339772	0.00014656339772	35.014047372973572
12252.94140625	-1.910440444946289	-0.000145804369822	0.000145804369822	35.014047372973572
12252.9833984375	-1.849826812744141	-0.000145033700392	0.000145033700392	35.014047372973572
12253.025390625	-1.78956413269043	-0.000144232995808	0.000144232995808	35.014047372973572
12253.0673828125	-1.728982925415039	-0.000143375247717	0.000143375247717	35.014047372973572
12253.109375	-1.668020248413086	-0.000142456381582	0.000142456381582	35.014047372973572
12253.1513671875	-1.607780456542969	-0.000141529948451	0.000141529948451	35.014047372973572
12253.193359375	-1.547172546386719	-0.00014057289809	0.00014057289809	35.014047372973572
12253.2353515625	-1.486911773681641	-0.000139560317621	0.000139560317621	35.014047372973572
12253.27734375	-1.42596435546875	-0.000138471834362	0.000138471834362	35.014047372973572
12253.3193359375	-1.365362167358398	-0.000137343537062	0.000137343537062	35.014047372973572
12253.361328125	-1.305042266845703	-0.000136181362905	0.000136181362905	35.014047372973572
12253.4033203125	-1.244289398193359	-0.000134964007884	0.000134964007884	35.014047372973572
12253.4453125	-1.183568954467773	-0.000133677967824	0.000133677967824	35.014047372973572
12253.4873046875	-1.122489929199219	-0.000132324639708	0.000132324639708	35.014047372973572
12253.529296875	-1.062089920043945	-0.000130898901261	0.000130898901261	35.014047372973572
12253.5712890625	-1.001333236694336	-0.000129422289319	0.000129422289319	35.014047372973572
12253.61328125	-0.940942764282227	-0.000127888517454	0.000127888517454	35.014047372973572
12253.6552734375	-0.880224227905273	-0.000126233440824	0.000126233440824	35.014047372973572
12253.697265625	-0.819126129150391	-0.000124491518363	0.000124491518363	35.014047372973572
12253.7392578125	-0.758726119995117	-0.000122680328786	0.000122680328786	35.014047372973572
12253.78125	-0.697992324829102	-0.000120779150166	0.000120779150166	35.014047372973572
12253.8232421875	-0.637577056884766	-0.000118784257211	0.000118784257211	35.014047372973572
12253.865234375	-0.576896667480469	-0.000116635463201	0.000116635463201	35.014047372973572
12253.9072265625	-0.515836715698242	-0.000114349881187	0.000114349881187	35.014047372973572
12253.94921875	-0.455421447753906	-0.000111969537102	0.000111969537102	35.014047372973572
12253.9912109375	-0.394683837890625	-0.000109434709884	0.000109434709884	35.014047372973572
12254.033203125	-0.334306716918945	-0.000106735969894	0.000106735969894	35.014047372973572
12254.0751953125	-0.273193359375	-0.000103815225884	0.000103815225884	35.014047372973572
12254.1162109375	-0.212453842163086	-0.000100704026408	0.000100704026408	35.014047372973572
12254.2099609375	-0.152280807495117	-9.738410881254822E-5	9.738410881254822E-5	35.014047372973572
12254.251953125	-0.091518402099609	-9.380304254591465E-5	9.380304254591465E-5	35.014047372973572
12254.2939453125	-0.031118392944336	-8.993444498628378E-5	8.993444498628378E-5	35.014047372973572
12254.3359375	0.030649185180664	-8.554768282920122E-5	8.554768282920122E-5	35.014047372973572
12254.3779296875	0.091402053833008	-8.030074241105467E-5	8.030074241105467E-5	35.014047372973572
12254.419921875	0.151821136474609	-6.967865920159966E-5	6.967865920159966E-5	35.014047372973572
12254.4619140625	0.212667465209961	-1.422793138772249E-5	1.422793138772249E-5	35.014047372973572
12254.59765625	0.273155212402344	0.000374604365788	0.000374604365788	35.014047372973572
12254.732421875	0.334213256835937	0.00179245043546	0.00179245043546	35.014047372973572
12254.7744140625	0.394977569580078	0.004195407964289	0.004195407964289	35.014047372973572
12254.81640625	0.455432891845703	0.00713759707287	0.00713759707287	35.014047372973572
12254.857421875	0.516258239746094	0.010370357893407	0.010370357893407	35.014047372973572
12254.9462890625	0.577127456665039	0.013814389705658	0.013814389705658	35.014047372973572
12254.98828125	0.637449264526367	0.017265222966671	0.017265222966671	35.014047372973572
12255.0302734375	0.698221206665039	0.020803540945053	0.020803540945053	35.014047372973572
12255.072265625	0.758617401123047	0.024351477622986	0.024351477622986	35.014047372973572
12255.1142578125	0.819360733032227	0.027938716113567	0.027938716113567	35.014047372973572
12255.15625	0.880462646484375	0.031553946435452	0.031553946435452	35.014047372973572
12255.1982421875	0.940849304199219	0.035125859081745	0.035125859081745	35.014047372973572
12255.240234375	1.001596450805664	0.038710385560989	0.038710385560989	35.014047372973572
12255.2822265625	1.062002182006836	0.042263269424438	0.042263269424438	35.014047372973572
12255.32421875	1.122745513916016	0.045818768441677	0.045818768441677	35.014047372973572
12255.3662109375	1.183822631835937	0.049374312162399	0.049374312162399	35.014047372973572
12255.408203125	1.244237899780273	0.052869610488415	0.052869610488415	35.014047372973572
12255.4501953125	1.304977416992187	0.056358583271503	0.056358583271503	35.014047372973572
12255.4921875	1.365329742431641	0.059799030423164	0.059799030423164	35.014047372973572
12255.5341796875	1.425920486450195	0.063227348029613	0.063227348029613	35.014047372973572
12255.576171875	1.486892700195312	0.066649109125137	0.066649109125137	35.014047372973572
12255.6181640625	1.547149658203125	0.069999299943447	0.069999299943447	35.014047372973572
12255.6591796875	1.60774040222168	0.073333114385605	0.073333114385605	35.014047372973572
12255.701171875	1.668004989624023	0.076620891690254	0.076620891690254	35.014047372973572
12255.7431640625	1.728952407836914	0.079911887645721	0.079911887645721	35.014047372973572
12255.78515625	1.789552688598633	0.083154089748859	0.083154089748859	35.014047372973572
12255.8271484375	1.849817276000977	0.086343683302402	0.086343683302402	35.014047372973572
12255.869140625	1.910432815551758	0.089522868394852	0.089522868394852	35.014047372973572
12255.9111328125	1.970678329467773	0.092656493186951	0.092656493186951	35.014047372973572
12255.953125	2.031635284423828	0.095815345644951	0.095815345644951	35.014047372973572
12255.9951171875	2.092170715332031	0.098963730037212	0.098963730037212	35.014047372973572
12256.037109375	2.110628128051758	0.100003339350224	0.100003339350224	35.014047372973572
12256.0791015625	2.109643936157227	0.100002788007259	0.100002788007259	35.014047372973572
12256.12109375	2.108823776245117	0.100002720952034	0.100002720952034	35.014047372973572
12256.1640625	2.108005523681641	0.100002720952034	0.100002720952034	35.014047372973572
12256.2060546875	2.107446670532227	0.100002750754356	0.100002750754356	35.014047372973572
12256.248046875	2.106857299804687	0.100002765655518	0.100002765655518	35.014047372973572
12256.2900390625	2.106193542480469	0.100002750754356	0.100002750754356	35.014047372973572
12256.3330078125	2.105567932128906	0.100002728402615	0.100002728402615	35.014047372973572
12256.375	2.104976654052734	0.100002728402615	0.100002728402615	35.014047372973572
12256.4169921875	2.103725433349609	0.100002735853195	0.100002735853195	35.014047372973572
12256.458984375	2.103057861328125	0.100002713501453	0.100002713501453	35.014047372973572
12256.501953125	2.102371215820312	0.100002720952034	0.100002720952034	35.014047372973572
12256.5439453125	2.101306915283203	0.100002750754356	0.100002750754356	35.014047372973572
12256.5859375	2.100399017333984	0.100002713501453	0.100002713501453	35.014047372973572
12256.6279296875	2.099336624145508	0.100002750754356	0.100002750754356	35.014047372973572
