[INFO]
Keithley 2400
Meas Time: 2021/1/19 8:29:04
Params: GPIB address = GPIB0::21::INSTR; DataFile = D:\工艺实验\袁远; Compliance  Level (0.1) = 0.100000000000000; Number of Points (5) = 50; Minimum Amplitude (1) = -3.000000000000000; Maximum Amplitude (2) = 3.000000000000000; Timeout (100000 ms) = 100000; Source Mode  (0: Voltage) = 0; 4-wire? = FALSE; delay(S) = 0.000000000000000; Start = ; 

[COMMENT]


[DATA]
time (s)	Voltage (V)	Current (A)	absCurrent (A)	Fitting Resistance (Ohms)

1913.4365234375	-3.000991821289062	-0.00072489969898	0.00072489969898	28.499239480562817
1913.478515625	-2.878522872924805	-0.000725063378923	0.000725063378923	28.499239480562817
1913.5205078125	-2.755670547485352	-0.000724889920093	0.000724889920093	28.499239480562817
1913.5625	-2.633363723754883	-0.000724691315554	0.000724691315554	28.499239480562817
1913.6044921875	-2.510774612426758	-0.000724719255231	0.000724719255231	28.499239480562817
1913.646484375	-2.388877868652344	-0.000724470592104	0.000724470592104	28.499239480562817
1913.6884765625	-2.26667594909668	-0.000724072684534	0.000724072684534	28.499239480562817
1913.73046875	-2.144401550292969	-0.000723493401892	0.000723493401892	28.499239480562817
1913.7724609375	-2.021883010864258	-0.000723062665202	0.000723062665202	28.499239480562817
1913.814453125	-1.899663925170898	-0.000722668017261	0.000722668017261	28.499239480562817
1913.8564453125	-1.777065277099609	-0.000721946707927	0.000721946707927	28.499239480562817
1913.8984375	-1.654827117919922	-0.00072108709719	0.00072108709719	28.499239480562817
1913.9404296875	-1.532245635986328	-0.000720216543414	0.000720216543414	28.499239480562817
1913.982421875	-1.410011291503906	-0.000719323637895	0.000719323637895	28.499239480562817
1914.0244140625	-1.287321090698242	-0.000718150171451	0.000718150171451	28.499239480562817
1914.06640625	-1.165515899658203	-0.000716704991646	0.000716704991646	28.499239480562817
1914.1083984375	-1.042684555053711	-0.000715035828762	0.000715035828762	28.499239480562817
1914.150390625	-0.92017936706543	-0.000713236979209	0.000713236979209	28.499239480562817
1914.1923828125	-0.797357559204102	-0.000711087486707	0.000711087486707	28.499239480562817
1914.234375	-0.674877166748047	-0.000708322622813	0.000708322622813	28.499239480562817
1914.2763671875	-0.552099227905273	-0.000704995007254	0.000704995007254	28.499239480562817
1914.318359375	-0.429595947265625	-0.000701167969964	0.000701167969964	28.499239480562817
1914.3603515625	-0.30677604675293	-0.000696321367286	0.000696321367286	28.499239480562817
1914.40234375	-0.184303283691406	-0.00068987288978	0.00068987288978	28.499239480562817
1914.4443359375	-0.061786651611328	-0.000681305420585	0.000681305420585	28.499239480562817
1914.486328125	0.061100006103516	-0.000656916410662	0.000656916410662	28.499239480562817
1914.5283203125	0.183687210083008	-0.000238363747485	0.000238363747485	28.499239480562817
1914.6630859375	0.306577682495117	0.001878621056676	0.001878621056676	28.499239480562817
1914.705078125	0.429203033447266	0.007713261526078	0.007713261526078	28.499239480562817
1914.79296875	0.551881790161133	0.016586065292358	0.016586065292358	28.499239480562817
1914.8349609375	0.67432975769043	0.02559632062912	0.02559632062912	28.499239480562817
1914.876953125	0.79682731628418	0.034818537533283	0.034818537533283	28.499239480562817
1914.9189453125	0.919675827026367	0.044074334204197	0.044074334204197	28.499239480562817
1914.9609375	1.042192459106445	0.053262002766132	0.053262002766132	28.499239480562817
1915.0029296875	1.165016174316406	0.063482724130154	0.063482724130154	28.499239480562817
1915.044921875	1.287187576293945	0.075523115694523	0.075523115694523	28.499239480562817
1915.0869140625	1.409574508666992	0.087798461318016	0.087798461318016	28.499239480562817
1915.12890625	1.51835823059082	0.099786870181561	0.099786870181561	28.499239480562817
1915.1708984375	1.513038635253906	0.100001245737076	0.100001245737076	28.499239480562817
1915.212890625	1.510223388671875	0.100001215934753	0.100001215934753	28.499239480562817
1915.255859375	1.508512496948242	0.100001201033592	0.100001201033592	28.499239480562817
1915.2978515625	1.50727653503418	0.100001186132431	0.100001186132431	28.499239480562817
1915.33984375	1.505878448486328	0.100001201033592	0.100001201033592	28.499239480562817
1915.3818359375	1.504278182983398	0.100001208484173	0.100001208484173	28.499239480562817
1915.4248046875	1.5035400390625	0.100001186132431	0.100001186132431	28.499239480562817
1915.466796875	1.503053665161133	0.100001223385334	0.100001223385334	28.499239480562817
1915.5087890625	1.502527236938477	0.100001186132431	0.100001186132431	28.499239480562817
1915.55078125	1.501937866210937	0.100001193583012	0.100001193583012	28.499239480562817
1915.59375	1.501554489135742	0.10000117123127	0.10000117123127	28.499239480562817
1915.6357421875	1.501293182373047	0.10000117868185	0.10000117868185	28.499239480562817
