[INFO]
Keithley 2400
Meas Time: 2021/1/19 15:54:46
Params: GPIB address = GPIB0::21::INSTR; DataFile = D:\工艺实验\覃彦欣; Compliance  Level (0.1) = 0.100000000000000; Number of Points (5) = 400; Minimum Amplitude (1) = -4.000000000000000; Maximum Amplitude (2) = 4.000000000000000; Timeout (100000 ms) = 100000; Source Mode  (0: Voltage) = 0; 4-wire? = FALSE; delay(S) = 0.000000000000000; Start = ; 

[COMMENT]


[DATA]
time (s)	Voltage (V)	Current (A)	absCurrent (A)	Fitting Resistance (Ohms)

10387.6162109375	-4.002141952514648	-6.45060499664396E-5	6.45060499664396E-5	33.451599617817877
10387.6591796875	-3.982231140136719	-6.488719373010099E-5	6.488719373010099E-5	33.451599617817877
10387.7001953125	-3.961973190307617	-6.504653720185161E-5	6.504653720185161E-5	33.451599617817877
10387.7421875	-3.942075729370117	-6.516529538203031E-5	6.516529538203031E-5	33.451599617817877
10387.7841796875	-3.921834945678711	-6.525446951854974E-5	6.525446951854974E-5	33.451599617817877
10387.826171875	-3.901578903198242	-6.53243187116459E-5	6.53243187116459E-5	33.451599617817877
10387.8681640625	-3.881324768066406	-6.537341687362641E-5	6.537341687362641E-5	33.451599617817877
10387.91015625	-3.861434936523437	-6.542257324326783E-5	6.542257324326783E-5	33.451599617817877
10387.9521484375	-3.841541290283203	-6.546700024046004E-5	6.546700024046004E-5	33.451599617817877
10387.994140625	-3.821283340454102	-6.551410479005426E-5	6.551410479005426E-5	33.451599617817877
10388.0361328125	-3.80137825012207	-6.554293213412166E-5	6.554293213412166E-5	33.451599617817877
10388.078125	-3.781473159790039	-6.55651674605906E-5	6.55651674605906E-5	33.451599617817877
10388.1201171875	-3.761234283447266	-6.559514440596104E-5	6.559514440596104E-5	33.451599617817877
10388.162109375	-3.741317749023437	-6.562986527569592E-5	6.562986527569592E-5	33.451599617817877
10388.2041015625	-3.721065521240234	-6.565713556483388E-5	6.565713556483388E-5	33.451599617817877
10388.24609375	-3.700817108154297	-6.567149830516428E-5	6.567149830516428E-5	33.451599617817877
10388.2880859375	-3.680587768554687	-6.568938260897994E-5	6.568938260897994E-5	33.451599617817877
10388.330078125	-3.660680770874023	-6.571423728018999E-5	6.571423728018999E-5	33.451599617817877
10388.3720703125	-3.640777587890625	-6.574163853656501E-5	6.574163853656501E-5	33.451599617817877
10388.4140625	-3.620532989501953	-6.575181032530963E-5	6.575181032530963E-5	33.451599617817877
10388.4560546875	-3.600625991821289	-6.576140003744513E-5	6.576140003744513E-5	33.451599617817877
10388.498046875	-3.580722808837891	-6.576806481461972E-5	6.576806481461972E-5	33.451599617817877
10388.5400390625	-3.560464859008789	-6.57956552458927E-5	6.57956552458927E-5	33.451599617817877
10388.58203125	-3.540567398071289	-6.580910121556371E-5	6.580910121556371E-5	33.451599617817877
10388.6240234375	-3.520326614379883	-6.581240450032055E-5	6.581240450032055E-5	33.451599617817877
10388.666015625	-3.500064849853516	-6.582023343071342E-5	6.582023343071342E-5	33.451599617817877
10388.7080078125	-3.479825973510742	-6.582558853551745E-5	6.582558853551745E-5	33.451599617817877
10388.75	-3.459901809692383	-6.584395305253565E-5	6.584395305253565E-5	33.451599617817877
10388.7919921875	-3.439998626708984	-6.584702350664884E-5	6.584702350664884E-5	33.451599617817877
10388.833984375	-3.419816970825195	-6.584204675164074E-5	6.584204675164074E-5	33.451599617817877
10388.8759765625	-3.399919509887695	-6.584417133126408E-5	6.584417133126408E-5	33.451599617817877
10388.91796875	-3.379674911499023	-6.585197115782648E-5	6.585197115782648E-5	33.451599617817877
10388.9599609375	-3.359766006469727	-6.586509698536247E-5	6.586509698536247E-5	33.451599617817877
10389.001953125	-3.339881896972656	-6.586477684322745E-5	6.586477684322745E-5	33.451599617817877
10389.0439453125	-3.319629669189453	-6.585723895113915E-5	6.585723895113915E-5	33.451599617817877
10389.0859375	-3.299371719360352	-6.586073141079396E-5	6.586073141079396E-5	33.451599617817877
10389.1279296875	-3.279129028320312	-6.587251846212894E-5	6.587251846212894E-5	33.451599617817877
10389.169921875	-3.259220123291016	-6.58803473925218E-5	6.58803473925218E-5	33.451599617817877
10389.2119140625	-3.23931884765625	-6.586570816580206E-5	6.586570816580206E-5	33.451599617817877
10389.25390625	-3.219060897827148	-6.586319068446755E-5	6.586319068446755E-5	33.451599617817877
10389.2958984375	-3.19915771484375	-6.586553354281932E-5	6.586553354281932E-5	33.451599617817877
10389.337890625	-3.178918838500977	-6.58692151773721E-5	6.58692151773721E-5	33.451599617817877
10389.3798828125	-3.159029006958008	-6.586071685887873E-5	6.586071685887873E-5	33.451599617817877
10389.421875	-3.13914680480957	-6.585021037608385E-5	6.585021037608385E-5	33.451599617817877
10389.4638671875	-3.118867874145508	-6.585159280803055E-5	6.585159280803055E-5	33.451599617817877
10389.505859375	-3.098625183105469	-6.585489609278739E-5	6.585489609278739E-5	33.451599617817877
10389.5478515625	-3.078371047973633	-6.585694791283458E-5	6.585694791283458E-5	33.451599617817877
10389.58984375	-3.058483123779297	-6.584277434740216E-5	6.584277434740216E-5	33.451599617817877
10389.6318359375	-3.038562774658203	-6.583107460755855E-5	6.583107460755855E-5	33.451599617817877
10389.673828125	-3.018318176269531	-6.583210779353976E-5	6.583210779353976E-5	33.451599617817877
10389.7158203125	-2.998411178588867	-6.583752110600471E-5	6.583752110600471E-5	33.451599617817877
10389.7578125	-2.978183746337891	-6.583085632883012E-5	6.583085632883012E-5	33.451599617817877
10389.7998046875	-2.958280563354492	-6.58112985547632E-5	6.58112985547632E-5	33.451599617817877
10389.841796875	-2.938362121582031	-6.580536137335002E-5	6.580536137335002E-5	33.451599617817877
10389.8837890625	-2.918125152587891	-6.580245099030435E-5	6.580245099030435E-5	33.451599617817877
10389.92578125	-2.897876739501953	-6.580595800187439E-5	6.580595800187439E-5	33.451599617817877
10389.9677734375	-2.877630233764648	-6.579255568794906E-5	6.579255568794906E-5	33.451599617817877
10390.009765625	-2.857711791992187	-6.577209569513798E-5	6.577209569513798E-5	33.451599617817877
10390.05078125	-2.837459564208984	-6.576829764526337E-5	6.576829764526337E-5	33.451599617817877
10390.0927734375	-2.817558288574219	-6.576463056262583E-5	6.576463056262583E-5	33.451599617817877
10390.134765625	-2.797666549682617	-6.575437146238983E-5	6.575437146238983E-5	33.451599617817877
10390.1767578125	-2.777414321899414	-6.57391210552305E-5	6.57391210552305E-5	33.451599617817877
10390.21875	-2.757503509521484	-6.572344864252955E-5	6.572344864252955E-5	33.451599617817877
10390.2607421875	-2.737600326538086	-6.571994163095951E-5	6.571994163095951E-5	33.451599617817877
10390.302734375	-2.717357635498047	-6.571642006747425E-5	6.571642006747425E-5	33.451599617817877
10390.3447265625	-2.697164535522461	-6.569313700310886E-5	6.569313700310886E-5	33.451599617817877
10390.38671875	-2.676956176757812	-6.567985110450536E-5	6.567985110450536E-5	33.451599617817877
10390.4287109375	-2.657085418701172	-6.566756928805262E-5	6.566756928805262E-5	33.451599617817877
10390.470703125	-2.636913299560547	-6.566324736922979E-5	6.566324736922979E-5	33.451599617817877
10390.5126953125	-2.617061614990234	-6.564971408806741E-5	6.564971408806741E-5	33.451599617817877
10390.5546875	-2.597198486328125	-6.562771159224212E-5	6.562771159224212E-5	33.451599617817877
10390.5966796875	-2.576999664306641	-6.56107731629163E-5	6.56107731629163E-5	33.451599617817877
10390.638671875	-2.55712890625	-6.560260953847319E-5	6.560260953847319E-5	33.451599617817877
10390.6806640625	-2.537286758422852	-6.559127359651029E-5	6.559127359651029E-5	33.451599617817877
10390.72265625	-2.517101287841797	-6.556793232448399E-5	6.556793232448399E-5	33.451599617817877
10390.7646484375	-2.496889114379883	-6.554574065376073E-5	6.554574065376073E-5	33.451599617817877
10390.806640625	-2.476688385009766	-6.553003913722932E-5	6.553003913722932E-5	33.451599617817877
10390.8486328125	-2.45684814453125	-6.552462582476437E-5	6.552462582476437E-5	33.451599617817877
10390.890625	-2.436664581298828	-6.550477701239288E-5	6.550477701239288E-5	33.451599617817877
10390.9326171875	-2.416793823242187	-6.548097007907927E-5	6.548097007907927E-5	33.451599617817877
10390.974609375	-2.396936416625977	-6.545505311805755E-5	6.545505311805755E-5	33.451599617817877
10391.0166015625	-2.376739501953125	-6.544464849866927E-5	6.544464849866927E-5	33.451599617817877
10391.05859375	-2.35688591003418	-6.543210474774241E-5	6.543210474774241E-5	33.451599617817877
10391.1005859375	-2.337030410766602	-6.54065515846014E-5	6.54065515846014E-5	33.451599617817877
10391.142578125	-2.316822052001953	-6.537282024510205E-5	6.537282024510205E-5	33.451599617817877
10391.1845703125	-2.296270370483398	-6.534720887430012E-5	6.534720887430012E-5	33.451599617817877
10391.2265625	-2.276447296142578	-6.533553823828697E-5	6.533553823828697E-5	33.451599617817877
10391.2685546875	-2.256591796875	-6.531520921271294E-5	6.531520921271294E-5	33.451599617817877
10391.310546875	-2.236383438110352	-6.528846279252321E-5	6.528846279252321E-5	33.451599617817877
10391.3525390625	-2.216520309448242	-6.525682692881674E-5	6.525682692881674E-5	33.451599617817877
10391.39453125	-2.196660995483398	-6.524047057610005E-5	6.524047057610005E-5	33.451599617817877
10391.4365234375	-2.176471710205078	-6.521647446788847E-5	6.521647446788847E-5	33.451599617817877
10391.478515625	-2.156612396240234	-6.519457383546978E-5	6.519457383546978E-5	33.451599617817877
10391.5205078125	-2.136745452880859	-6.515545828733593E-5	6.515545828733593E-5	33.451599617817877
10391.5625	-2.116556167602539	-6.512811523862183E-5	6.512811523862183E-5	33.451599617817877
10391.6044921875	-2.096017837524414	-6.511149695143104E-5	6.511149695143104E-5	33.451599617817877
10391.646484375	-2.076168060302734	-6.508460501208901E-5	6.508460501208901E-5	33.451599617817877
10391.6884765625	-2.056299209594727	-6.504867633339018E-5	6.504867633339018E-5	33.451599617817877
10391.73046875	-2.036092758178711	-6.500906602013856E-5	6.500906602013856E-5	33.451599617817877
10391.7724609375	-2.01629638671875	-6.498646689578891E-5	6.498646689578891E-5	33.451599617817877
10391.814453125	-1.996448516845703	-6.495937122963369E-5	6.495937122963369E-5	33.451599617817877
10391.8564453125	-1.976259231567383	-6.493226101156324E-5	6.493226101156324E-5	33.451599617817877
10391.8984375	-1.956399917602539	-6.488675717264414E-5	6.488675717264414E-5	33.451599617817877
10391.9404296875	-1.936552047729492	-6.484950426965952E-5	6.484950426965952E-5	33.451599617817877
10391.982421875	-1.916355133056641	-6.482732715085149E-5	6.482732715085149E-5	33.451599617817877
10392.0244140625	-1.895803451538086	-6.479890726041049E-5	6.479890726041049E-5	33.451599617817877
10392.06640625	-1.875947952270508	-6.475365080405027E-5	6.475365080405027E-5	33.451599617817877
10392.1083984375	-1.856073379516602	-6.471501546911895E-5	6.471501546911895E-5	33.451599617817877
10392.150390625	-1.835882186889648	-6.467466300819069E-5	6.467466300819069E-5	33.451599617817877
10392.1923828125	-1.81602668762207	-6.464263424277306E-5	6.464263424277306E-5	33.451599617817877
10392.234375	-1.796167373657227	-6.460410077124834E-5	6.460410077124834E-5	33.451599617817877
10392.275390625	-1.775968551635742	-6.456187111325562E-5	6.456187111325562E-5	33.451599617817877
10392.3173828125	-1.756120681762695	-6.451197259593755E-5	6.451197259593755E-5	33.451599617817877
10392.359375	-1.736265182495117	-6.4478037529625E-5	6.4478037529625E-5	33.451599617817877
10392.4013671875	-1.716058731079102	-6.443844176828861E-5	6.443844176828861E-5	33.451599617817877
10392.443359375	-1.695516586303711	-6.439450953621417E-5	6.439450953621417E-5	33.451599617817877
10392.4853515625	-1.675655364990234	-6.433996895793825E-5	6.433996895793825E-5	33.451599617817877
10392.52734375	-1.655807495117187	-6.429404311347753E-5	6.429404311347753E-5	33.451599617817877
10392.5693359375	-1.63560676574707	-6.425245373975486E-5	6.425245373975486E-5	33.451599617817877
10392.611328125	-1.615749359130859	-6.420469435397536E-5	6.420469435397536E-5	33.451599617817877
10392.6533203125	-1.595882415771484	-6.415297684725374E-5	6.415297684725374E-5	33.451599617817877
10392.6953125	-1.575693130493164	-6.409101479221135E-5	6.409101479221135E-5	33.451599617817877
10392.7373046875	-1.555835723876953	-6.404441955965012E-5	6.404441955965012E-5	33.451599617817877
10392.779296875	-1.535970687866211	-6.399804260581732E-5	6.399804260581732E-5	33.451599617817877
10392.8212890625	-1.515777587890625	-6.39383215457201E-5	6.39383215457201E-5	33.451599617817877
10392.86328125	-1.495235443115234	-6.387667963281274E-5	6.387667963281274E-5	33.451599617817877
10392.9052734375	-1.475376129150391	-6.381477578543127E-5	6.381477578543127E-5	33.451599617817877
10392.947265625	-1.455507278442383	-6.375783414114267E-5	6.375783414114267E-5	33.451599617817877
10392.9892578125	-1.435306549072266	-6.3705476350151E-5	6.3705476350151E-5	33.451599617817877
10393.03125	-1.415454864501953	-6.363936699926853E-5	6.363936699926853E-5	33.451599617817877
10393.0732421875	-1.395601272583008	-6.35636824881658E-5	6.35636824881658E-5	33.451599617817877
10393.115234375	-1.375396728515625	-6.350230250973254E-5	6.350230250973254E-5	33.451599617817877
10393.1572265625	-1.355524063110352	-6.344144640024751E-5	6.344144640024751E-5	33.451599617817877
10393.19921875	-1.335668563842773	-6.338144885376096E-5	6.338144885376096E-5	33.451599617817877
10393.2412109375	-1.315435409545898	-6.33035961072892E-5	6.33035961072892E-5	33.451599617817877
10393.283203125	-1.294849395751953	-6.321877299342304E-5	6.321877299342304E-5	33.451599617817877
10393.3251953125	-1.274942398071289	-6.314722122624516E-5	6.314722122624516E-5	33.451599617817877
10393.3671875	-1.255048751831055	-6.308277079369873E-5	6.308277079369873E-5	33.451599617817877
10393.4091796875	-1.234804153442383	-6.299991218838841E-5	6.299991218838841E-5	33.451599617817877
10393.451171875	-1.214910507202148	-6.291612226050347E-5	6.291612226050347E-5	33.451599617817877
10393.4931640625	-1.194990158081055	-6.282814138103276E-5	6.282814138103276E-5	33.451599617817877
10393.53515625	-1.174741744995117	-6.275193300098181E-5	6.275193300098181E-5	33.451599617817877
10393.5771484375	-1.15483283996582	-6.267146090976894E-5	6.267146090976894E-5	33.451599617817877
10393.619140625	-1.134939193725586	-6.257936183828861E-5	6.257936183828861E-5	33.451599617817877
10393.6611328125	-1.114694595336914	-6.248043791856617E-5	6.248043791856617E-5	33.451599617817877
10393.703125	-1.094078063964844	-6.238400237634778E-5	6.238400237634778E-5	33.451599617817877
10393.7451171875	-1.074182510375977	-6.229021528270096E-5	6.229021528270096E-5	33.451599617817877
10393.787109375	-1.054304122924805	-6.220274372026324E-5	6.220274372026324E-5	33.451599617817877
10393.8291015625	-1.034065246582031	-6.209519051481038E-5	6.209519051481038E-5	33.451599617817877
10393.87109375	-1.014137268066406	-6.198551272973418E-5	6.198551272973418E-5	33.451599617817877
10393.9130859375	-0.994234085083008	-6.187529652379453E-5	6.187529652379453E-5	33.451599617817877
10393.955078125	-0.973981857299805	-6.177490286063403E-5	6.177490286063403E-5	33.451599617817877
10393.9970703125	-0.954086303710937	-6.166838284116238E-5	6.166838284116238E-5	33.451599617817877
10394.0390625	-0.933841705322266	-6.154316361062229E-5	6.154316361062229E-5	33.451599617817877
10394.0810546875	-0.913923263549805	-6.14191812928766E-5	6.14191812928766E-5	33.451599617817877
10394.123046875	-0.893335342407227	-6.129745452199131E-5	6.129745452199131E-5	33.451599617817877
10394.1650390625	-0.873443603515625	-6.117878365330398E-5	6.117878365330398E-5	33.451599617817877
10394.20703125	-0.853559494018555	-6.105423381086439E-5	6.105423381086439E-5	33.451599617817877
10394.2490234375	-0.833295822143555	-6.091139221098274E-5	6.091139221098274E-5	33.451599617817877
10394.2900390625	-0.813383102416992	-6.07678375672549E-5	6.07678375672549E-5	33.451599617817877
10394.33203125	-0.793478012084961	-6.06315879849717E-5	6.06315879849717E-5	33.451599617817877
10394.3740234375	-0.773244857788086	-6.049516377970576E-5	6.049516377970576E-5	33.451599617817877
10394.416015625	-0.753330230712891	-6.03439548285678E-5	6.03439548285678E-5	33.451599617817877
10394.4580078125	-0.733074188232422	-6.018047861289233E-5	6.018047861289233E-5	33.451599617817877
10394.5	-0.713178634643555	-6.002449663355947E-5	6.002449663355947E-5	33.451599617817877
10394.5419921875	-0.692590713500977	-5.986705946270376E-5	5.986705946270376E-5	33.451599617817877
10394.583984375	-0.672695159912109	-5.969652556814253E-5	5.969652556814253E-5	33.451599617817877
10394.6259765625	-0.652774810791016	-5.952069477643818E-5	5.952069477643818E-5	33.451599617817877
10394.66796875	-0.632522583007812	-5.932974454481155E-5	5.932974454481155E-5	33.451599617817877
10394.7099609375	-0.612678527832031	-5.91541756875813E-5	5.91541756875813E-5	33.451599617817877
10394.751953125	-0.592782974243164	-5.897616210859269E-5	5.897616210859269E-5	33.451599617817877
10394.7939453125	-0.572532653808594	-5.877434159629047E-5	5.877434159629047E-5	33.451599617817877
10394.8359375	-0.552639007568359	-5.856786447111517E-5	5.856786447111517E-5	33.451599617817877
10394.8779296875	-0.532394409179687	-5.835520278196782E-5	5.835520278196782E-5	33.451599617817877
10394.919921875	-0.512502670288086	-5.814277392346412E-5	5.814277392346412E-5	33.451599617817877
10394.9619140625	-0.491899490356445	-5.79204352106899E-5	5.79204352106899E-5	33.451599617817877
10395.00390625	-0.471988677978516	-5.768757546320558E-5	5.768757546320558E-5	33.451599617817877
10395.0458984375	-0.452077865600586	-5.744455847889185E-5	5.744455847889185E-5	33.451599617817877
10395.087890625	-0.43182373046875	-5.720046465285122E-5	5.720046465285122E-5	33.451599617817877
10395.1298828125	-0.411922454833984	-5.695478466805071E-5	5.695478466805071E-5	33.451599617817877
10395.171875	-0.391681671142578	-5.668605444952846E-5	5.668605444952846E-5	33.451599617817877
10395.2138671875	-0.37177848815918	-5.640457675326616E-5	5.640457675326616E-5	33.451599617817877
10395.255859375	-0.351877212524414	-5.612483073491603E-5	5.612483073491603E-5	33.451599617817877
10395.2978515625	-0.331640243530273	-5.583745951298624E-5	5.583745951298624E-5	33.451599617817877
10395.33984375	-0.311729431152344	-5.553696246352047E-5	5.553696246352047E-5	33.451599617817877
10395.3818359375	-0.291145324707031	-5.521070852410048E-5	5.521070852410048E-5	33.451599617817877
10395.423828125	-0.271224975585937	-5.48789685126394E-5	5.48789685126394E-5	33.451599617817877
10395.4658203125	-0.251319885253906	-5.454750498756766E-5	5.454750498756766E-5	33.451599617817877
10395.5078125	-0.231071472167969	-5.419798253569752E-5	5.419798253569752E-5	33.451599617817877
10395.5498046875	-0.21116828918457	-5.383195821195841E-5	5.383195821195841E-5	33.451599617817877
10395.591796875	-0.190916061401367	-5.344449891708791E-5	5.344449891708791E-5	33.451599617817877
10395.6337890625	-0.171028137207031	-5.304683872964233E-5	5.304683872964233E-5	33.451599617817877
10395.67578125	-0.151115417480469	-5.264014180283993E-5	5.264014180283993E-5	33.451599617817877
10395.7177734375	-0.130870819091797	-5.22136251674965E-5	5.22136251674965E-5	33.451599617817877
10395.759765625	-0.110967636108398	-5.176544073037803E-5	5.176544073037803E-5	33.451599617817877
10395.8017578125	-0.090370178222656	-5.128108023200184E-5	5.128108023200184E-5	33.451599617817877
10395.84375	-0.070468902587891	-5.078857066109776E-5	5.078857066109776E-5	33.451599617817877
10395.8857421875	-0.050539016723633	-5.028520536143333E-5	5.028520536143333E-5	33.451599617817877
10395.927734375	-0.030303955078125	-4.97448054375127E-5	4.97448054375127E-5	33.451599617817877
10395.9697265625	-0.010391235351562	-4.917370097246021E-5	4.917370097246021E-5	33.451599617817877
10396.01171875	0.010143280029297	-4.855016595683992E-5	4.855016595683992E-5	33.451599617817877
10396.0537109375	0.030380249023437	-4.788622027263045E-5	4.788622027263045E-5	33.451599617817877
10396.095703125	0.050281524658203	-4.716801049653441E-5	4.716801049653441E-5	33.451599617817877
10396.1376953125	0.070199966430664	-4.632656055036932E-5	4.632656055036932E-5	33.451599617817877
10396.1796875	0.090456008911133	-4.523051029536873E-5	4.523051029536873E-5	33.451599617817877
10396.2216796875	0.110692977905273	-4.368368536233902E-5	4.368368536233902E-5	33.451599617817877
10396.263671875	0.130952835083008	-4.123574763070792E-5	4.123574763070792E-5	33.451599617817877
10396.3056640625	0.150861740112305	-3.701739478856325E-5	3.701739478856325E-5	33.451599617817877
10396.34765625	0.170793533325195	-2.912755007855594E-5	2.912755007855594E-5	33.451599617817877
10396.3896484375	0.191070556640625	-1.352377876173705E-5	1.352377876173705E-5	33.451599617817877
10396.431640625	0.211027145385742	1.55801244545728E-5	1.55801244545728E-5	33.451599617817877
10396.4736328125	0.23138427734375	7.55228684283793E-5	7.55228684283793E-5	33.451599617817877
10396.609375	0.251184463500977	0.00019814807456	0.00019814807456	33.451599617817877
10396.650390625	0.2711181640625	0.000406438368373	0.000406438368373	33.451599617817877
10396.6923828125	0.291435241699219	0.000760576804169	0.000760576804169	33.451599617817877
10396.8271484375	0.311548233032227	0.001320611685514	0.001320611685514	33.451599617817877
10396.869140625	0.331821441650391	0.002050951123238	0.002050951123238	33.451599617817877
10396.9111328125	0.35174560546875	0.002941115759313	0.002941115759313	33.451599617817877
10396.953125	0.371639251708984	0.00396993290633	0.00396993290633	33.451599617817877
10396.9951171875	0.391925811767578	0.00513310264796	0.00513310264796	33.451599617817877
10397.037109375	0.411861419677734	0.006365953013301	0.006365953013301	33.451599617817877
10397.0791015625	0.432138442993164	0.007691895589232	0.007691895589232	33.451599617817877
10397.12109375	0.452066421508789	0.009052232839167	0.009052232839167	33.451599617817877
10397.1630859375	0.47199821472168	0.010456092655659	0.010456092655659	33.451599617817877
10397.2509765625	0.492050170898437	0.011946856975555	0.011946856975555	33.451599617817877
10397.29296875	0.512308120727539	0.013440161943436	0.013440161943436	33.451599617817877
10397.3349609375	0.532550811767578	0.014963373541832	0.014963373541832	33.451599617817877
10397.376953125	0.552438735961914	0.016478769481182	0.016478769481182	33.451599617817877
10397.4189453125	0.572336196899414	0.018013253808022	0.018013253808022	33.451599617817877
10397.4609375	0.592601776123047	0.019589722156525	0.019589722156525	33.451599617817877
10397.5029296875	0.612504959106445	0.021150812506676	0.021150812506676	33.451599617817877
10397.544921875	0.632743835449219	0.022748857736588	0.022748857736588	33.451599617817877
10397.5869140625	0.652591705322266	0.024324104189873	0.024324104189873	33.451599617817877
10397.62890625	0.672504425048828	0.025909461081028	0.025909461081028	33.451599617817877
10397.6708984375	0.692764282226562	0.027529917657375	0.027529917657375	33.451599617817877
10397.712890625	0.713016510009766	0.029154412448406	0.029154412448406	33.451599617817877
10397.7548828125	0.733242034912109	0.030781053006649	0.030781053006649	33.451599617817877
10397.796875	0.753149032592773	0.032382920384407	0.032382920384407	33.451599617817877
10397.8388671875	0.773065567016602	0.033990249037743	0.033990249037743	33.451599617817877
10397.880859375	0.793312072753906	0.035626865923405	0.035626865923405	33.451599617817877
10397.9228515625	0.813217163085937	0.037236832082272	0.037236832082272	33.451599617817877
10397.96484375	0.833131790161133	0.038853473961353	0.038853473961353	33.451599617817877
10398.0068359375	0.853382110595703	0.040494598448277	0.040494598448277	33.451599617817877
10398.048828125	0.873306274414062	0.042112395167351	0.042112395167351	33.451599617817877
10398.0908203125	0.893545150756836	0.043752655386925	0.043752655386925	33.451599617817877
10398.1328125	0.913784027099609	0.045394748449326	0.045394748449326	33.451599617817877
10398.1748046875	0.93403434753418	0.047043949365616	0.047043949365616	33.451599617817877
10398.216796875	0.953948974609375	0.0486671179533	0.0486671179533	33.451599617817877
10398.2587890625	0.973842620849609	0.050289146602154	0.050289146602154	33.451599617817877
10398.30078125	0.994087219238281	0.051934622228146	0.051934622228146	33.451599617817877
10398.3427734375	1.013998031616211	0.053548477590084	0.053548477590084	33.451599617817877
10398.384765625	1.033910751342773	0.055166408419609	0.055166408419609	33.451599617817877
10398.4267578125	1.05415153503418	0.056818895041943	0.056818895041943	33.451599617817877
10398.4677734375	1.074033737182617	0.058456405997276	0.058456405997276	33.451599617817877
10398.509765625	1.094306945800781	0.060097709298134	0.060097709298134	33.451599617817877
10398.5517578125	1.114557266235352	0.06172401458025	0.06172401458025	33.451599617817877
10398.59375	1.134817123413086	0.06334163993597	0.06334163993597	33.451599617817877
10398.6357421875	1.15471076965332	0.064932644367218	0.064932644367218	33.451599617817877
10398.677734375	1.174627304077148	0.066540122032166	0.066540122032166	33.451599617817877
10398.7197265625	1.194875717163086	0.06842815130949	0.06842815130949	33.451599617817877
10398.76171875	1.214792251586914	0.070772670209408	0.070772670209408	33.451599617817877
10398.8037109375	1.234689712524414	0.072490535676479	0.072490535676479	33.451599617817877
10398.845703125	1.254922866821289	0.074231833219528	0.074231833219528	33.451599617817877
10398.8876953125	1.274833679199219	0.075934082269669	0.075934082269669	33.451599617817877
10398.9296875	1.295087814331055	0.077589198946953	0.077589198946953	33.451599617817877
10398.9716796875	1.315340042114258	0.079226061701775	0.079226061701775	33.451599617817877
10399.013671875	1.335580825805664	0.080840013921261	0.080840013921261	33.451599617817877
10399.0556640625	1.355464935302734	0.082396641373634	0.082396641373634	33.451599617817877
10399.09765625	1.375324249267578	0.083971172571182	0.083971172571182	33.451599617817877
10399.1396484375	1.395542144775391	0.085559517145157	0.085559517145157	33.451599617817877
10399.181640625	1.415399551391602	0.087111629545689	0.087111629545689	33.451599617817877
10399.2236328125	1.435234069824219	0.088638104498386	0.088638104498386	33.451599617817877
10399.265625	1.455440521240234	0.090064272284508	0.090064272284508	33.451599617817877
10399.306640625	1.475313186645508	0.091348610818386	0.091348610818386	33.451599617817877
10399.3486328125	1.495517730712891	0.092469528317451	0.092469528317451	33.451599617817877
10399.390625	1.515714645385742	0.09346416592598	0.09346416592598	33.451599617817877
10399.4326171875	1.535984039306641	0.093888953328133	0.093888953328133	33.451599617817877
10399.474609375	1.555625915527344	0.087978668510914	0.087978668510914	33.451599617817877
10399.5166015625	1.575634002685547	0.089644707739353	0.089644707739353	33.451599617817877
10399.55859375	1.595836639404297	0.091347053647041	0.091347053647041	33.451599617817877
10399.6005859375	1.615671157836914	0.09289139509201	0.09289139509201	33.451599617817877
10399.642578125	1.635515213012695	0.093383498489857	0.093383498489857	33.451599617817877
10399.6845703125	1.588850021362305	0.09998244792223	0.09998244792223	33.451599617817877
10399.7265625	1.566183090209961	0.100002855062485	0.100002855062485	33.451599617817877
10399.7685546875	1.56538200378418	0.100002847611904	0.100002847611904	33.451599617817877
10399.8115234375	1.56243896484375	0.100002840161324	0.100002840161324	33.451599617817877
10399.853515625	1.560117721557617	0.100002825260162	0.100002825260162	33.451599617817877
10399.8955078125	1.556594848632812	0.100002847611904	0.100002847611904	33.451599617817877
10399.9375	1.554634094238281	0.100002817809582	0.100002817809582	33.451599617817877
10399.98046875	1.553598403930664	0.100002817809582	0.100002817809582	33.451599617817877
10400.0224609375	1.55348014831543	0.100002802908421	0.100002802908421	33.451599617817877
10400.064453125	1.551433563232422	0.100002817809582	0.100002817809582	33.451599617817877
10400.1064453125	1.550262451171875	0.100002802908421	0.100002802908421	33.451599617817877
10400.1494140625	1.549776077270508	0.100002840161324	0.100002840161324	33.451599617817877
10400.19140625	1.548160552978516	0.100002847611904	0.100002847611904	33.451599617817877
10400.2333984375	1.548328399658203	0.100002847611904	0.100002847611904	33.451599617817877
10400.275390625	1.548990249633789	0.100002862513065	0.100002862513065	33.451599617817877
10400.318359375	1.549276351928711	0.100002855062485	0.100002855062485	33.451599617817877
10400.3603515625	1.548974990844727	0.100002855062485	0.100002855062485	33.451599617817877
10400.40234375	1.547046661376953	0.100002862513065	0.100002862513065	33.451599617817877
10400.4443359375	1.546693801879883	0.100002855062485	0.100002855062485	33.451599617817877
10400.4873046875	1.545719146728516	0.100002855062485	0.100002855062485	33.451599617817877
10400.529296875	1.545501708984375	0.100002862513065	0.100002862513065	33.451599617817877
10400.5712890625	1.545984268188477	0.100002877414227	0.100002877414227	33.451599617817877
10400.61328125	1.545135498046875	0.100002855062485	0.100002855062485	33.451599617817877
10400.65625	1.544490814208984	0.100002877414227	0.100002877414227	33.451599617817877
10400.6982421875	1.540971755981445	0.100002884864807	0.100002884864807	33.451599617817877
10400.740234375	1.541072845458984	0.100002840161324	0.100002840161324	33.451599617817877
10400.7822265625	1.540464401245117	0.100002899765968	0.100002899765968	33.451599617817877
10400.8251953125	1.538564682006836	0.100002847611904	0.100002847611904	33.451599617817877
10400.8671875	1.536045074462891	0.100002862513065	0.100002862513065	33.451599617817877
10400.9091796875	1.535543441772461	0.100002862513065	0.100002862513065	33.451599617817877
10400.951171875	1.535804748535156	0.100002862513065	0.100002862513065	33.451599617817877
10400.994140625	1.534814834594727	0.100002832710743	0.100002832710743	33.451599617817877
10401.0361328125	1.533731460571289	0.100002847611904	0.100002847611904	33.451599617817877
10401.078125	1.533607482910156	0.100002869963646	0.100002869963646	33.451599617817877
10401.12109375	1.532756805419922	0.100002907216549	0.100002907216549	33.451599617817877
10401.1630859375	1.532670974731445	0.100002892315388	0.100002892315388	33.451599617817877
10401.205078125	1.532394409179687	0.100002877414227	0.100002877414227	33.451599617817877
10401.2470703125	1.531530380249023	0.100002869963646	0.100002869963646	33.451599617817877
10401.2900390625	1.530942916870117	0.100002862513065	0.100002862513065	33.451599617817877
10401.33203125	1.529747009277344	0.100002877414227	0.100002877414227	33.451599617817877
10401.3740234375	1.529924392700195	0.100002892315388	0.100002892315388	33.451599617817877
10401.416015625	1.529750823974609	0.100002884864807	0.100002884864807	33.451599617817877
10401.458984375	1.529356002807617	0.100002825260162	0.100002825260162	33.451599617817877
10401.5009765625	1.529216766357422	0.100002862513065	0.100002862513065	33.451599617817877
10401.54296875	1.528865814208984	0.100002832710743	0.100002832710743	33.451599617817877
10401.5849609375	1.528656005859375	0.100002832710743	0.100002832710743	33.451599617817877
10401.6279296875	1.528156280517578	0.100002840161324	0.100002840161324	33.451599617817877
10401.669921875	1.527292251586914	0.100002817809582	0.100002817809582	33.451599617817877
10401.7119140625	1.526901245117187	0.100002810359001	0.100002810359001	33.451599617817877
10401.75390625	1.526067733764648	0.100002788007259	0.100002788007259	33.451599617817877
10401.796875	1.525331497192383	0.10000279545784	0.10000279545784	33.451599617817877
10401.8388671875	1.524959564208984	0.10000279545784	0.10000279545784	33.451599617817877
10401.880859375	1.524951934814453	0.100002780556679	0.100002780556679	33.451599617817877
10401.9228515625	1.524267196655273	0.100002840161324	0.100002840161324	33.451599617817877
10401.9658203125	1.523954391479492	0.100002825260162	0.100002825260162	33.451599617817877
10402.0078125	1.523185729980469	0.100002810359001	0.100002810359001	33.451599617817877
10402.0498046875	1.523124694824219	0.100002817809582	0.100002817809582	33.451599617817877
10402.0927734375	1.523324966430664	0.100002855062485	0.100002855062485	33.451599617817877
10402.134765625	1.523965835571289	0.100002862513065	0.100002862513065	33.451599617817877
10402.1767578125	1.523609161376953	0.100002862513065	0.100002862513065	33.451599617817877
10402.21875	1.523946762084961	0.100002840161324	0.100002840161324	33.451599617817877
10402.26171875	1.524478912353516	0.100002877414227	0.100002877414227	33.451599617817877
10402.3037109375	1.524559020996094	0.100002840161324	0.100002840161324	33.451599617817877
10402.345703125	1.524085998535156	0.100002847611904	0.100002847611904	33.451599617817877
10402.3876953125	1.524497985839844	0.100002825260162	0.100002825260162	33.451599617817877
10402.4306640625	1.524328231811523	0.100002855062485	0.100002855062485	33.451599617817877
10402.47265625	1.52446174621582	0.100002802908421	0.100002802908421	33.451599617817877
10402.5146484375	1.524484634399414	0.100002840161324	0.100002840161324	33.451599617817877
10402.556640625	1.524566650390625	0.100002825260162	0.100002825260162	33.451599617817877
10402.599609375	1.524585723876953	0.100002810359001	0.100002810359001	33.451599617817877
10402.6416015625	1.524318695068359	0.100002840161324	0.100002840161324	33.451599617817877
10402.68359375	1.523395538330078	0.100002847611904	0.100002847611904	33.451599617817877
10402.7265625	1.522287368774414	0.100002810359001	0.100002810359001	33.451599617817877
10402.7685546875	1.522226333618164	0.100002810359001	0.100002810359001	33.451599617817877
10402.810546875	1.522315979003906	0.100002825260162	0.100002825260162	33.451599617817877
10402.8525390625	1.522584915161133	0.100002810359001	0.100002810359001	33.451599617817877
10402.8955078125	1.522558212280273	0.10000279545784	0.10000279545784	33.451599617817877
10402.9375	1.522550582885742	0.100002810359001	0.100002810359001	33.451599617817877
10402.9794921875	1.522336959838867	0.100002802908421	0.100002802908421	33.451599617817877
10403.021484375	1.522373199462891	0.100002788007259	0.100002788007259	33.451599617817877
10403.064453125	1.522109985351562	0.10000279545784	0.10000279545784	33.451599617817877
10403.1064453125	1.521982192993164	0.100002810359001	0.100002810359001	33.451599617817877
10403.1484375	1.521905899047852	0.100002802908421	0.100002802908421	33.451599617817877
10403.1904296875	1.521675109863281	0.10000279545784	0.10000279545784	33.451599617817877
10403.2333984375	1.521707534790039	0.100002817809582	0.100002817809582	33.451599617817877
10403.275390625	1.521446228027344	0.100002780556679	0.100002780556679	33.451599617817877
10403.3173828125	1.521198272705078	0.100002847611904	0.100002847611904	33.451599617817877
10403.3603515625	1.521167755126953	0.100002825260162	0.100002825260162	33.451599617817877
10403.40234375	1.520298004150391	0.100002810359001	0.100002810359001	33.451599617817877
10403.4443359375	1.520059585571289	0.100002825260162	0.100002825260162	33.451599617817877
10403.486328125	1.520994186401367	0.100002788007259	0.100002788007259	33.451599617817877
10403.529296875	1.520973205566406	0.10000279545784	0.10000279545784	33.451599617817877
10403.5712890625	1.521202087402344	0.100002817809582	0.100002817809582	33.451599617817877
10403.61328125	1.521553039550781	0.100002825260162	0.100002825260162	33.451599617817877
10403.6552734375	1.521764755249023	0.100002840161324	0.100002840161324	33.451599617817877
10403.6982421875	1.521900177001953	0.100002832710743	0.100002832710743	33.451599617817877
10403.740234375	1.522056579589844	0.100002788007259	0.100002788007259	33.451599617817877
10403.7822265625	1.522224426269531	0.100002817809582	0.100002817809582	33.451599617817877
10403.8251953125	1.522073745727539	0.100002817809582	0.100002817809582	33.451599617817877
10403.8671875	1.521856307983398	0.100002810359001	0.100002810359001	33.451599617817877
10403.9091796875	1.521751403808594	0.100002840161324	0.100002840161324	33.451599617817877
10403.951171875	1.521511077880859	0.100002825260162	0.100002825260162	33.451599617817877
10403.994140625	1.521364212036133	0.100002817809582	0.100002817809582	33.451599617817877
10404.0361328125	1.521406173706055	0.100002780556679	0.100002780556679	33.451599617817877
10404.078125	1.521476745605469	0.100002840161324	0.100002840161324	33.451599617817877
10404.1201171875	1.52137565612793	0.100002855062485	0.100002855062485	33.451599617817877
10404.1630859375	1.521049499511719	0.100002855062485	0.100002855062485	33.451599617817877
10404.205078125	1.5216064453125	0.100002817809582	0.100002817809582	33.451599617817877
10404.2470703125	1.521730422973633	0.100002817809582	0.100002817809582	33.451599617817877
10404.2890625	1.521844863891602	0.100002825260162	0.100002825260162	33.451599617817877
10404.33203125	1.522026062011719	0.100002832710743	0.100002832710743	33.451599617817877
10404.3740234375	1.52198600769043	0.100002810359001	0.100002810359001	33.451599617817877
10404.416015625	1.521732330322266	0.100002810359001	0.100002810359001	33.451599617817877
10404.458984375	1.522043228149414	0.100002810359001	0.100002810359001	33.451599617817877
10404.5009765625	1.522182464599609	0.100002788007259	0.100002788007259	33.451599617817877
10404.54296875	1.522274017333984	0.100002802908421	0.100002802908421	33.451599617817877
10404.5849609375	1.522375106811523	0.100002773106098	0.100002773106098	33.451599617817877
10404.6279296875	1.522199630737305	0.10000279545784	0.10000279545784	33.451599617817877
