[INFO]
Keithley 2400
Meas Time: 2021/1/19 16:00:36
Params: GPIB address = GPIB0::21::INSTR; DataFile = D:\工艺实验\谭子龙; Compliance  Level (0.1) = 0.100000000000000; Number of Points (5) = 300; Minimum Amplitude (1) = -4.000000000000000; Maximum Amplitude (2) = 4.000000000000000; Timeout (100000 ms) = 100000; Source Mode  (0: Voltage) = 0; 4-wire? = FALSE; delay(S) = 0.000000000000000; Start = ; 

[COMMENT]


[DATA]
time (s)	Voltage (V)	Current (A)	absCurrent (A)	Fitting Resistance (Ohms)

10741.9609375	-4.002010345458984	-0.001293844543397	0.001293844543397	33.920929070782684
10742.0029296875	-3.974910736083984	-0.001294356770813	0.001294356770813	33.920929070782684
10742.044921875	-3.948471069335937	-0.001294673420489	0.001294673420489	33.920929070782684
10742.0869140625	-3.921371459960937	-0.001295480877161	0.001295480877161	33.920929070782684
10742.12890625	-3.894939422607422	-0.001296062022448	0.001296062022448	33.920929070782684
10742.1708984375	-3.867839813232422	-0.001296126283705	0.001296126283705	33.920929070782684
10742.212890625	-3.841426849365234	-0.001296044327319	0.001296044327319	33.920929070782684
10742.2548828125	-3.814292907714844	-0.001296457834542	0.001296457834542	33.920929070782684
10742.296875	-3.787862777709961	-0.001296705566347	0.001296705566347	33.920929070782684
10742.3388671875	-3.760774612426758	-0.001296943053603	0.001296943053603	33.920929070782684
10742.380859375	-3.733993530273437	-0.001296970061958	0.001296970061958	33.920929070782684
10742.4228515625	-3.707223892211914	-0.001296862959862	0.001296862959862	33.920929070782684
10742.46484375	-3.680473327636719	-0.001297283917665	0.001297283917665	33.920929070782684
10742.5068359375	-3.65369987487793	-0.001297494396567	0.001297494396567	33.920929070782684
10742.548828125	-3.626937866210937	-0.001297416165471	0.001297416165471	33.920929070782684
10742.5908203125	-3.599824905395508	-0.001297240145504	0.001297240145504	33.920929070782684
10742.6328125	-3.573398590087891	-0.001297435723245	0.001297435723245	33.920929070782684
10742.6748046875	-3.546276092529297	-0.001297662034631	0.001297662034631	33.920929070782684
10742.716796875	-3.519859313964844	-0.001297613605857	0.001297613605857	33.920929070782684
10742.7587890625	-3.492763519287109	-0.001297454349697	0.001297454349697	33.920929070782684
10742.80078125	-3.466310501098633	-0.001297377049923	0.001297377049923	33.920929070782684
10742.8427734375	-3.439199447631836	-0.001297642476857	0.001297642476857	33.920929070782684
10742.884765625	-3.41285514831543	-0.001297791488469	0.001297791488469	33.920929070782684
10742.9267578125	-3.3857421875	-0.001297760754824	0.001297760754824	33.920929070782684
10742.96875	-3.359315872192383	-0.001297311857343	0.001297311857343	33.920929070782684
10743.0107421875	-3.332216262817383	-0.001297584734857	0.001297584734857	33.920929070782684
10743.052734375	-3.30579948425293	-0.001297703944147	0.001297703944147	33.920929070782684
10743.0947265625	-3.278680801391602	-0.001297703944147	0.001297703944147	33.920929070782684
10743.13671875	-3.251914978027344	-0.001297571696341	0.001297571696341	33.920929070782684
10743.177734375	-3.225147247314453	-0.001297467388213	0.001297467388213	33.920929070782684
10743.2197265625	-3.198371887207031	-0.001297701150179	0.001297701150179	33.920929070782684
10743.26171875	-3.171590805053711	-0.001297747716308	0.001297747716308	33.920929070782684
10743.3037109375	-3.144863128662109	-0.001297693699598	0.001297693699598	33.920929070782684
10743.345703125	-3.117740631103516	-0.001297450624406	0.001297450624406	33.920929070782684
10743.3876953125	-3.091297149658203	-0.001297449693084	0.001297449693084	33.920929070782684
10743.4296875	-3.064201354980469	-0.00129761826247	0.00129761826247	33.920929070782684
10743.4716796875	-3.037769317626953	-0.001297754235566	0.001297754235566	33.920929070782684
10743.513671875	-3.010662078857422	-0.001297486014664	0.001297486014664	33.920929070782684
10743.5556640625	-2.984245300292969	-0.00129721686244	0.00129721686244	33.920929070782684
10743.59765625	-2.957132339477539	-0.001297313719988	0.001297313719988	33.920929070782684
10743.6396484375	-2.930692672729492	-0.001297377049923	0.001297377049923	33.920929070782684
10743.681640625	-2.903573989868164	-0.001297201029956	0.001297201029956	33.920929070782684
10743.7236328125	-2.877166748046875	-0.001296879723668	0.001296879723668	33.920929070782684
10743.765625	-2.850040435791016	-0.001296766102314	0.001296766102314	33.920929070782684
10743.8076171875	-2.822927474975586	-0.001296921633184	0.001296921633184	33.920929070782684
10743.849609375	-2.796512603759766	-0.001296705566347	0.001296705566347	33.920929070782684
10743.8916015625	-2.769401550292969	-0.001296442933381	0.001296442933381	33.920929070782684
10743.93359375	-2.742979049682617	-0.001296105794609	0.001296105794609	33.920929070782684
10743.9755859375	-2.715862274169922	-0.001296202652156	0.001296202652156	33.920929070782684
10744.017578125	-2.689506530761719	-0.001296047121286	0.001296047121286	33.920929070782684
10744.0595703125	-2.662471771240234	-0.001295836642385	0.001295836642385	33.920929070782684
10744.1015625	-2.636117935180664	-0.001295528374612	0.001295528374612	33.920929070782684
10744.1435546875	-2.609073638916016	-0.001295206137002	0.001295206137002	33.920929070782684
10744.185546875	-2.582365036010742	-0.001295193098485	0.001295193098485	33.920929070782684
10744.2275390625	-2.555646896362305	-0.001295040361583	0.001295040361583	33.920929070782684
10744.26953125	-2.528959274291992	-0.001294700428843	0.001294700428843	33.920929070782684
10744.3115234375	-2.502256393432617	-0.001294238492846	0.001294238492846	33.920929070782684
10744.353515625	-2.475528717041016	-0.001294082030654	0.001294082030654	33.920929070782684
10744.3955078125	-2.448509216308594	-0.001294144429266	0.001294144429266	33.920929070782684
10744.4375	-2.422149658203125	-0.001293869689107	0.001293869689107	33.920929070782684
10744.4794921875	-2.395099639892578	-0.001293390057981	0.001293390057981	33.920929070782684
10744.521484375	-2.36872673034668	-0.001292899250984	0.001292899250984	33.920929070782684
10744.5634765625	-2.341691970825195	-0.001292961649597	0.001292961649597	33.920929070782684
10744.60546875	-2.315328598022461	-0.001292832195759	0.001292832195759	33.920929070782684
10744.6474609375	-2.288297653198242	-0.001292281784117	0.001292281784117	33.920929070782684
10744.689453125	-2.261940002441406	-0.001291866414249	0.001291866414249	33.920929070782684
10744.7314453125	-2.234874725341797	-0.001291535794735	0.001291535794735	33.920929070782684
10744.7734375	-2.208507537841797	-0.001291519030929	0.001291519030929	33.920929070782684
10744.8154296875	-2.181482315063477	-0.001291334629059	0.001291334629059	33.920929070782684
10744.857421875	-2.15510368347168	-0.001290624961257	0.001290624961257	33.920929070782684
10744.8994140625	-2.128057479858398	-0.001290054991841	0.001290054991841	33.920929070782684
10744.94140625	-2.101715087890625	-0.001289811916649	0.001289811916649	33.920929070782684
10744.9833984375	-2.074672698974609	-0.00128963124007	0.00128963124007	33.920929070782684
10745.025390625	-2.04796028137207	-0.001289136707783	0.001289136707783	33.920929070782684
10745.06640625	-2.021310806274414	-0.001288563944399	0.001288563944399	33.920929070782684
10745.109375	-1.994621276855469	-0.001288054510951	0.001288054510951	33.920929070782684
10745.1513671875	-1.967912673950195	-0.001287787221372	0.001287787221372	33.920929070782684
10745.193359375	-1.941211700439453	-0.001287554390728	0.001287554390728	33.920929070782684
10745.2353515625	-1.9141845703125	-0.001286902464926	0.001286902464926	33.920929070782684
10745.27734375	-1.887807846069336	-0.001286051236093	0.001286051236093	33.920929070782684
10745.3193359375	-1.860750198364258	-0.00128585845232	0.00128585845232	33.920929070782684
10745.361328125	-1.834390640258789	-0.001285667531192	0.001285667531192	33.920929070782684
10745.4033203125	-1.807346343994141	-0.001285034231842	0.001285034231842	33.920929070782684
10745.4443359375	-1.780990600585937	-0.001284344121814	0.001284344121814	33.920929070782684
10745.486328125	-1.753942489624023	-0.001283783465624	0.001283783465624	33.920929070782684
10745.5283203125	-1.727582931518555	-0.00128336623311	0.00128336623311	33.920929070782684
10745.5703125	-1.700536727905273	-0.001283037476242	0.001283037476242	33.920929070782684
10745.6123046875	-1.673490524291992	-0.001282158307731	0.001282158307731	33.920929070782684
10745.654296875	-1.647134780883789	-0.001281472854316	0.001281472854316	33.920929070782684
10745.6962890625	-1.620075225830078	-0.001281055621803	0.001281055621803	33.920929070782684
10745.73828125	-1.593713760375977	-0.001280646771193	0.001280646771193	33.920929070782684
10745.7802734375	-1.566692352294922	-0.001279773190618	0.001279773190618	33.920929070782684
10745.822265625	-1.540307998657227	-0.001278966665268	0.001278966665268	33.920929070782684
10745.8642578125	-1.513254165649414	-0.001278283074498	0.001278283074498	33.920929070782684
10745.90625	-1.486898422241211	-0.001277829520404	0.001277829520404	33.920929070782684
10745.9482421875	-1.459846496582031	-0.001277129165828	0.001277129165828	33.920929070782684
10745.990234375	-1.433143615722656	-0.001276273280382	0.001276273280382	33.920929070782684
10746.0322265625	-1.406455993652344	-0.001275077462196	0.001275077462196	33.920929070782684
10746.07421875	-1.379741668701172	-0.001274505630136	0.001274505630136	33.920929070782684
10746.1162109375	-1.35302734375	-0.001273842528462	0.001273842528462	33.920929070782684
10746.158203125	-1.326299667358398	-0.001272949390113	0.001272949390113	33.920929070782684
10746.2001953125	-1.299203872680664	-0.001271748915315	0.001271748915315	33.920929070782684
10746.2421875	-1.272762298583984	-0.00127078872174	0.00127078872174	33.920929070782684
10746.2841796875	-1.245643615722656	-0.001269947737455	0.001269947737455	33.920929070782684
10746.326171875	-1.219249725341797	-0.001269081607461	0.001269081607461	33.920929070782684
10746.3681640625	-1.192132949829102	-0.001267947256565	0.001267947256565	33.920929070782684
10746.41015625	-1.165708541870117	-0.001266488805413	0.001266488805413	33.920929070782684
10746.4521484375	-1.138591766357422	-0.001265415921807	0.001265415921807	33.920929070782684
10746.494140625	-1.112173080444336	-0.001264559105039	0.001264559105039	33.920929070782684
10746.5361328125	-1.085044860839844	-0.00126329716295	0.00126329716295	33.920929070782684
10746.578125	-1.058643341064453	-0.001261747442186	0.001261747442186	33.920929070782684
10746.6201171875	-1.031530380249023	-0.00126023311168	0.00126023311168	33.920929070782684
10746.662109375	-1.005096435546875	-0.00125898513943	0.00125898513943	33.920929070782684
10746.7041015625	-0.977977752685547	-0.001257873140275	0.001257873140275	33.920929070782684
10746.74609375	-0.951570510864258	-0.001256252638996	0.001256252638996	33.920929070782684
10746.7880859375	-0.924446105957031	-0.001254455186427	0.001254455186427	33.920929070782684
10746.830078125	-0.897684097290039	-0.001252842135727	0.001252842135727	33.920929070782684
10746.8720703125	-0.870935440063477	-0.001251408830285	0.001251408830285	33.920929070782684
10746.9140625	-0.844152450561523	-0.001249803230166	0.001249803230166	33.920929070782684
10746.9560546875	-0.8173828125	-0.001247816719115	0.001247816719115	33.920929070782684
10746.998046875	-0.790616989135742	-0.001245803199708	0.001245803199708	33.920929070782684
10747.0400390625	-0.763498306274414	-0.001243819482625	0.001243819482625	33.920929070782684
10747.08203125	-0.737071990966797	-0.00124207790941	0.00124207790941	33.920929070782684
10747.1240234375	-0.709980010986328	-0.001240090467036	0.001240090467036	33.920929070782684
10747.166015625	-0.683553695678711	-0.001237695105374	0.001237695105374	33.920929070782684
10747.20703125	-0.656425476074219	-0.001235239207745	0.001235239207745	33.920929070782684
10747.2490234375	-0.62999153137207	-0.001233108341694	0.001233108341694	33.920929070782684
10747.291015625	-0.602958679199219	-0.001230781897902	0.001230781897902	33.920929070782684
10747.3330078125	-0.576530456542969	-0.001228139735758	0.001228139735758	33.920929070782684
10747.375	-0.549423217773437	-0.001225156709552	0.001225156709552	33.920929070782684
10747.4169921875	-0.52232551574707	-0.001222386956215	0.001222386956215	33.920929070782684
10747.458984375	-0.495906829833984	-0.001219705678523	0.001219705678523	33.920929070782684
10747.5009765625	-0.468784332275391	-0.001216591335833	0.001216591335833	33.920929070782684
10747.54296875	-0.442359924316406	-0.001213347539306	0.001213347539306	33.920929070782684
10747.5849609375	-0.415254592895508	-0.001209729351103	0.001209729351103	33.920929070782684
10747.626953125	-0.388820648193359	-0.001206315122545	0.001206315122545	33.920929070782684
10747.6689453125	-0.361722946166992	-0.001202896237373	0.001202896237373	33.920929070782684
10747.7109375	-0.335302352905273	-0.001198981888592	0.001198981888592	33.920929070782684
10747.7529296875	-0.308181762695312	-0.001194661483169	0.001194661483169	33.920929070782684
10747.794921875	-0.281745910644531	-0.001190213486552	0.001190213486552	33.920929070782684
10747.8369140625	-0.254640579223633	-0.00118591543287	0.00118591543287	33.920929070782684
10747.87890625	-0.227869033813477	-0.001181261613965	0.001181261613965	33.920929070782684
10747.9208984375	-0.201112747192383	-0.001175903715193	0.001175903715193	33.920929070782684
10747.962890625	-0.174352645874023	-0.001169978640974	0.001169978640974	33.920929070782684
10748.0048828125	-0.147579193115234	-0.001163527369499	0.001163527369499	33.920929070782684
10748.046875	-0.120809555053711	-0.001155479811132	0.001155479811132	33.920929070782684
10748.0888671875	-0.093696594238281	-0.001143122091889	0.001143122091889	33.920929070782684
10748.130859375	-0.067277908325195	-0.001122909598053	0.001122909598053	33.920929070782684
10748.1728515625	-0.04014778137207	-0.00108858011663	0.00108858011663	33.920929070782684
10748.21484375	-0.013711929321289	-0.001037657260895	0.001037657260895	33.920929070782684
10748.3046875	0.013452529907227	-0.000966610154137	0.000966610154137	33.920929070782684
10748.3466796875	0.040246963500977	-0.000882436987013	0.000882436987013	33.920929070782684
10748.388671875	0.067052841186523	-0.000786130083725	0.000786130083725	33.920929070782684
10748.4306640625	0.093830108642578	-0.000680648488924	0.000680648488924	33.920929070782684
10748.47265625	0.1209716796875	-0.000565547845326	0.000565547845326	33.920929070782684
10748.5146484375	0.147415161132812	-0.000445135287009	0.000445135287009	33.920929070782684
10748.556640625	0.174562454223633	-0.000310163712129	0.000310163712129	33.920929070782684
10748.59765625	0.20100212097168	-0.000160428928211	0.000160428928211	33.920929070782684
10748.69140625	0.228200912475586	3.323226701468229E-5	3.323226701468229E-5	33.920929070782684
10748.826171875	0.254631042480469	0.000288093229756	0.000288093229756	33.920929070782684
10748.8681640625	0.281791687011719	0.000647344335448	0.000647344335448	33.920929070782684
10749.0029296875	0.308103561401367	0.001140275038779	0.001140275038779	33.920929070782684
10749.044921875	0.335250854492187	0.001765486784279	0.001765486784279	33.920929070782684
10749.0869140625	0.361682891845703	0.002480520866811	0.002480520866811	33.920929070782684
10749.12890625	0.388799667358398	0.003292539156973	0.003292539156973	33.920929070782684
10749.1708984375	0.41523551940918	0.00414024386555	0.00414024386555	33.920929070782684
10749.212890625	0.442373275756836	0.005047503858805	0.005047503858805	33.920929070782684
10749.2548828125	0.468805313110352	0.005958101246506	0.005958101246506	33.920929070782684
10749.296875	0.495944976806641	0.006906877737492	0.006906877737492	33.920929070782684
10749.3388671875	0.522748947143555	0.007855327799916	0.007855327799916	33.920929070782684
10749.380859375	0.549509048461914	0.008810215629637	0.008810215629637	33.920929070782684
10749.4228515625	0.576286315917969	0.009766182862222	0.009766182862222	33.920929070782684
10749.5107421875	0.602897644042969	0.014739029109478	0.014739029109478	33.920929070782684
10749.552734375	0.629995346069336	0.016005180776119	0.016005180776119	33.920929070782684
10749.5947265625	0.656688690185547	0.017221473157406	0.017221473157406	33.920929070782684
10749.63671875	0.683479309082031	0.018412627279758	0.018412627279758	33.920929070782684
10749.6787109375	0.710245132446289	0.019594430923462	0.019594430923462	33.920929070782684
10749.720703125	0.737003326416016	0.020774498581886	0.020774498581886	33.920929070782684
10749.7626953125	0.763771057128906	0.021964892745018	0.021964892745018	33.920929070782684
10749.8046875	0.790546417236328	0.023162230849266	0.023162230849266	33.920929070782684
10749.8466796875	0.817306518554687	0.024384766817093	0.024384766817093	33.920929070782684
10749.888671875	0.844425201416016	0.025643534958363	0.025643534958363	33.920929070782684
10749.9306640625	0.870866775512695	0.026875130832195	0.026875130832195	33.920929070782684
10749.97265625	0.897966384887695	0.028146423399448	0.028146423399448	33.920929070782684
10750.0146484375	0.92437744140625	0.029353052377701	0.029353052377701	33.920929070782684
10750.056640625	0.951501846313477	0.030468940734863	0.030468940734863	33.920929070782684
10750.0986328125	0.978057861328125	0.031181402504444	0.031181402504444	33.920929070782684
10750.140625	1.004981994628906	0.017077907919884	0.017077907919884	33.920929070782684
10750.1826171875	1.031421661376953	0.016304641962051	0.016304641962051	33.920929070782684
10750.224609375	1.05853271484375	0.019487507641315	0.019487507641315	33.920929070782684
10750.2666015625	1.084962844848633	0.02130613476038	0.02130613476038	33.920929070782684
10750.30859375	1.111589431762695	0.022027611732483	0.022027611732483	33.920929070782684
10750.3505859375	1.138416290283203	0.037987947463989	0.037987947463989	33.920929070782684
10750.392578125	1.16566276550293	0.025100469589233	0.025100469589233	33.920929070782684
10750.4345703125	1.192050933837891	0.027571119368076	0.027571119368076	33.920929070782684
10750.4765625	1.219367980957031	0.030810974538326	0.030810974538326	33.920929070782684
10750.517578125	1.246200561523437	0.031338475644588	0.031338475644588	33.920929070782684
10750.5595703125	1.272674560546875	0.038530342280865	0.038530342280865	33.920929070782684
10750.6015625	1.299501419067383	0.037725031375885	0.037725031375885	33.920929070782684
10750.6435546875	1.326114654541016	0.040441326797009	0.040441326797009	33.920929070782684
10750.685546875	1.352991104125977	0.045109748840332	0.045109748840332	33.920929070782684
10750.7275390625	1.380237579345703	0.047774493694305	0.047774493694305	33.920929070782684
10750.76953125	1.406339645385742	0.051430717110634	0.051430717110634	33.920929070782684
10750.8115234375	1.433446884155273	0.071110874414444	0.071110874414444	33.920929070782684
10750.853515625	1.459884643554687	0.076998881995678	0.076998881995678	33.920929070782684
10750.8955078125	1.486917495727539	0.080384001135826	0.080384001135826	33.920929070782684
10750.9375	1.513275146484375	0.084477357566357	0.084477357566357	33.920929070782684
10750.9794921875	1.540359497070312	0.08846627175808	0.08846627175808	33.920929070782684
10751.021484375	1.566738128662109	0.090989790856838	0.090989790856838	33.920929070782684
10751.0634765625	1.593791961669922	0.093426622450352	0.093426622450352	33.920929070782684
10751.10546875	1.620145797729492	0.09550054371357	0.09550054371357	33.920929070782684
10751.1474609375	1.647916793823242	0.097187951207161	0.097187951207161	33.920929070782684
10751.189453125	1.673452377319336	0.080492250621319	0.080492250621319	33.920929070782684
10751.2314453125	1.700592041015625	0.090225122869015	0.090225122869015	33.920929070782684
10751.2734375	1.727066040039062	0.090200424194336	0.090200424194336	33.920929070782684
10751.3154296875	1.754262924194336	0.093697041273117	0.093697041273117	33.920929070782684
10751.357421875	1.781106948852539	0.095141224563122	0.095141224563122	33.920929070782684
10751.3994140625	1.807214736938477	0.093957521021366	0.093957521021366	33.920929070782684
10751.44140625	1.834161758422852	0.096036940813065	0.096036940813065	33.920929070782684
10751.4833984375	1.860811233520508	0.097143411636353	0.097143411636353	33.920929070782684
10751.525390625	1.88648796081543	0.099059693515301	0.099059693515301	33.920929070782684
10751.5673828125	1.894554138183594	0.099325194954872	0.099325194954872	33.920929070782684
10751.609375	1.778276443481445	0.10000354796648	0.10000354796648	33.920929070782684
10751.6513671875	1.838554382324219	0.100002698600292	0.100002698600292	33.920929070782684
10751.693359375	1.895198822021484	0.100002691149712	0.100002691149712	33.920929070782684
10751.736328125	1.861261367797852	0.100002706050873	0.100002706050873	33.920929070782684
10751.7783203125	1.878032684326172	0.100003056228161	0.100003056228161	33.920929070782684
10751.8203125	1.892648696899414	0.100002869963646	0.100002869963646	33.920929070782684
10751.8623046875	1.861883163452148	0.100002780556679	0.100002780556679	33.920929070782684
10751.9052734375	1.746782302856445	0.100003115832806	0.100003115832806	33.920929070782684
10751.947265625	1.699167251586914	0.100002840161324	0.100002840161324	33.920929070782684
10751.9892578125	1.709447860717773	0.100002802908421	0.100002802908421	33.920929070782684
10752.03125	1.709493637084961	0.100002877414227	0.100002877414227	33.920929070782684
10752.0732421875	1.718034744262695	0.100002810359001	0.100002810359001	33.920929070782684
10752.1162109375	1.722064971923828	0.100002832710743	0.100002832710743	33.920929070782684
10752.158203125	1.727163314819336	0.100002862513065	0.100002862513065	33.920929070782684
10752.2001953125	1.72625732421875	0.100002869963646	0.100002869963646	33.920929070782684
10752.2431640625	1.727575302124023	0.100002877414227	0.100002877414227	33.920929070782684
10752.28515625	1.716094970703125	0.100002937018871	0.100002937018871	33.920929070782684
10752.3271484375	1.70469856262207	0.100002877414227	0.100002877414227	33.920929070782684
10752.369140625	1.701925277709961	0.100002855062485	0.100002855062485	33.920929070782684
10752.412109375	1.696060180664062	0.100002877414227	0.100002877414227	33.920929070782684
10752.4541015625	1.689882278442383	0.100002899765968	0.100002899765968	33.920929070782684
10752.49609375	1.683664321899414	0.100002810359001	0.100002810359001	33.920929070782684
10752.5380859375	1.681310653686523	0.100002855062485	0.100002855062485	33.920929070782684
10752.5810546875	1.680877685546875	0.100002847611904	0.100002847611904	33.920929070782684
10752.623046875	1.68120002746582	0.100002817809582	0.100002817809582	33.920929070782684
10752.6650390625	1.677280426025391	0.100002884864807	0.100002884864807	33.920929070782684
10752.70703125	1.676443099975586	0.100002802908421	0.100002802908421	33.920929070782684
10752.75	1.675926208496094	0.100002862513065	0.100002862513065	33.920929070782684
10752.7919921875	1.675792694091797	0.100002869963646	0.100002869963646	33.920929070782684
10752.833984375	1.658576965332031	0.10000291466713	0.10000291466713	33.920929070782684
10752.8759765625	1.655351638793945	0.100002869963646	0.100002869963646	33.920929070782684
10752.9189453125	1.654314041137695	0.100002847611904	0.100002847611904	33.920929070782684
10752.9609375	1.6539306640625	0.100002869963646	0.100002869963646	33.920929070782684
10753.0029296875	1.654146194458008	0.100002862513065	0.100002862513065	33.920929070782684
10753.0458984375	1.654687881469727	0.100002832710743	0.100002832710743	33.920929070782684
10753.087890625	1.65544319152832	0.100002802908421	0.100002802908421	33.920929070782684
10753.1298828125	1.655828475952148	0.100002869963646	0.100002869963646	33.920929070782684
10753.171875	1.656478881835937	0.100002877414227	0.100002877414227	33.920929070782684
10753.21484375	1.650390625	0.100002907216549	0.100002907216549	33.920929070782684
10753.2568359375	1.650691986083984	0.100002832710743	0.100002832710743	33.920929070782684
10753.298828125	1.651002883911133	0.100002847611904	0.100002847611904	33.920929070782684
10753.3408203125	1.651449203491211	0.100002862513065	0.100002862513065	33.920929070782684
10753.3837890625	1.652002334594727	0.100002840161324	0.100002840161324	33.920929070782684
10753.42578125	1.652898788452148	0.100002862513065	0.100002862513065	33.920929070782684
10753.4677734375	1.653964996337891	0.100002802908421	0.100002802908421	33.920929070782684
10753.509765625	1.654829025268555	0.10000279545784	0.10000279545784	33.920929070782684
10753.552734375	1.655431747436523	0.100002855062485	0.100002855062485	33.920929070782684
10753.5947265625	1.656356811523437	0.100002832710743	0.100002832710743	33.920929070782684
10753.63671875	1.657346725463867	0.100002802908421	0.100002802908421	33.920929070782684
10753.6787109375	1.658287048339844	0.100002855062485	0.100002855062485	33.920929070782684
10753.7216796875	1.659246444702148	0.100002855062485	0.100002855062485	33.920929070782684
10753.763671875	1.660099029541016	0.100002840161324	0.100002840161324	33.920929070782684
10753.8056640625	1.660976409912109	0.100002810359001	0.100002810359001	33.920929070782684
10753.84765625	1.661680221557617	0.100002802908421	0.100002802908421	33.920929070782684
10753.890625	1.662467956542969	0.100002810359001	0.100002810359001	33.920929070782684
10753.9326171875	1.663278579711914	0.100002825260162	0.100002825260162	33.920929070782684
10753.974609375	1.664255142211914	0.100002810359001	0.100002810359001	33.920929070782684
10754.0166015625	1.665281295776367	0.100002847611904	0.100002847611904	33.920929070782684
10754.0595703125	1.665990829467773	0.100002802908421	0.100002802908421	33.920929070782684
10754.1015625	1.666969299316406	0.10000279545784	0.10000279545784	33.920929070782684
10754.1435546875	1.66783332824707	0.100002847611904	0.100002847611904	33.920929070782684
10754.185546875	1.668800354003906	0.100002832710743	0.100002832710743	33.920929070782684
10754.228515625	1.669755935668945	0.100002840161324	0.100002840161324	33.920929070782684
10754.2705078125	1.670932769775391	0.100002802908421	0.100002802908421	33.920929070782684
10754.3125	1.671974182128906	0.100002825260162	0.100002825260162	33.920929070782684
10754.3544921875	1.672798156738281	0.100002810359001	0.100002810359001	33.920929070782684
10754.3974609375	1.673847198486328	0.100002847611904	0.100002847611904	33.920929070782684
10754.439453125	1.674947738647461	0.100002825260162	0.100002825260162	33.920929070782684
10754.4814453125	1.676069259643555	0.100002855062485	0.100002855062485	33.920929070782684
10754.5234375	1.677408218383789	0.100002802908421	0.100002802908421	33.920929070782684
10754.56640625	1.678550720214844	0.100002832710743	0.100002832710743	33.920929070782684
10754.6083984375	1.679914474487305	0.100002810359001	0.100002810359001	33.920929070782684
10754.650390625	1.681175231933594	0.100002862513065	0.100002862513065	33.920929070782684
10754.693359375	1.682374954223633	0.100002847611904	0.100002847611904	33.920929070782684
10754.7353515625	1.683568954467773	0.100002832710743	0.100002832710743	33.920929070782684
10754.77734375	1.6845703125	0.100002802908421	0.100002802908421	33.920929070782684
10754.8193359375	1.685462951660156	0.100002832710743	0.100002832710743	33.920929070782684
10754.8623046875	1.686603546142578	0.100002832710743	0.100002832710743	33.920929070782684
10788.046875	-4.002159118652344	-7.260833808686584E-5	7.260833808686584E-5	36.029545160076246
10788.08984375	-3.975053787231445	-7.290679786819965E-5	7.290679786819965E-5	36.029545160076246
10788.1318359375	-3.948623657226562	-7.304440077859908E-5	7.304440077859908E-5	36.029545160076246
10788.173828125	-3.921518325805664	-7.312213710974902E-5	7.312213710974902E-5	36.029545160076246
10788.2158203125	-3.89506721496582	-7.318607822526246E-5	7.318607822526246E-5	36.029545160076246
10788.2578125	-3.867984771728516	-7.324661419261247E-5	7.324661419261247E-5	36.029545160076246
10788.2998046875	-3.841585159301758	-7.330301741603762E-5	7.330301741603762E-5	36.029545160076246
10788.341796875	-3.814453125	-7.333852408919483E-5	7.333852408919483E-5	36.029545160076246
10788.3837890625	-3.788005828857422	-7.336334965657443E-5	7.336334965657443E-5	36.029545160076246
10788.42578125	-3.760917663574219	-7.339516014326364E-5	7.339516014326364E-5	36.029545160076246
10788.4677734375	-3.734142303466797	-7.343362085521221E-5	7.343362085521221E-5	36.029545160076246
10788.509765625	-3.707380294799805	-7.346140046138316E-5	7.346140046138316E-5	36.029545160076246
10788.5517578125	-3.680625915527344	-7.347979408223182E-5	7.347979408223182E-5	36.029545160076246
10788.59375	-3.653844833374023	-7.348481449298561E-5	7.348481449298561E-5	36.029545160076246
10788.6357421875	-3.627080917358398	-7.351014937739819E-5	7.351014937739819E-5	36.029545160076246
10788.677734375	-3.599960327148437	-7.35301582608372E-5	7.35301582608372E-5	36.029545160076246
10788.7197265625	-3.573545455932617	-7.354261470027268E-5	7.354261470027268E-5	36.029545160076246
10788.7607421875	-3.546419143676758	-7.354812987614423E-5	7.354812987614423E-5	36.029545160076246
10788.802734375	-3.52000617980957	-7.355607522185892E-5	7.355607522185892E-5	36.029545160076246
10788.8447265625	-3.492912292480469	-7.357211143244058E-5	7.357211143244058E-5	36.029545160076246
10788.88671875	-3.466470718383789	-7.358664879575372E-5	7.358664879575372E-5	36.029545160076246
10788.9287109375	-3.439346313476562	-7.358829316217452E-5	7.358829316217452E-5	36.029545160076246
10788.970703125	-3.412994384765625	-7.358370930887759E-5	7.358370930887759E-5	36.029545160076246
10789.0126953125	-3.385881423950195	-7.359072333201766E-5	7.359072333201766E-5	36.029545160076246
10789.0546875	-3.359472274780273	-7.360392191912979E-5	7.360392191912979E-5	36.029545160076246
10789.0966796875	-3.332368850708008	-7.360000745393336E-5	7.360000745393336E-5	36.029545160076246
10789.138671875	-3.305932998657227	-7.359153823927045E-5	7.359153823927045E-5	36.029545160076246
10789.1806640625	-3.278820037841797	-7.35912035452202E-5	7.35912035452202E-5	36.029545160076246
10789.22265625	-3.25206184387207	-7.360069139394909E-5	7.360069139394909E-5	36.029545160076246
10789.2646484375	-3.225303649902344	-7.360133167821914E-5	7.360133167821914E-5	36.029545160076246
10789.306640625	-3.198522567749023	-7.35917710699141E-5	7.35917710699141E-5	36.029545160076246
10789.3486328125	-3.171749114990234	-7.358223956543952E-5	7.358223956543952E-5	36.029545160076246
10789.390625	-3.145013809204102	-7.358392758760601E-5	7.358392758760601E-5	36.029545160076246
10789.4326171875	-3.117895126342773	-7.358948641922325E-5	7.358948641922325E-5	36.029545160076246
10789.474609375	-3.091447830200195	-7.357502181548625E-5	7.357502181548625E-5	36.029545160076246
10789.5166015625	-3.064348220825195	-7.355901470873505E-5	7.355901470873505E-5	36.029545160076246
10789.55859375	-3.037908554077148	-7.35577050363645E-5	7.35577050363645E-5	36.029545160076246
10789.6005859375	-3.010822296142578	-7.355456182267517E-5	7.355456182267517E-5	36.029545160076246
10789.642578125	-2.984407424926758	-7.354318222496659E-5	7.354318222496659E-5	36.029545160076246
10789.6845703125	-2.957300186157227	-7.352211105171591E-5	7.352211105171591E-5	36.029545160076246
10789.7265625	-2.930850982666016	-7.35108187654987E-5	7.35108187654987E-5	36.029545160076246
10789.7685546875	-2.90373420715332	-7.350924715865403E-5	7.350924715865403E-5	36.029545160076246
10789.810546875	-2.877325057983398	-7.350245141424239E-5	7.350245141424239E-5	36.029545160076246
10789.8525390625	-2.850204467773437	-7.347938662860543E-5	7.347938662860543E-5	36.029545160076246
10789.89453125	-2.823081970214844	-7.345632184296846E-5	7.345632184296846E-5	36.029545160076246
10789.9365234375	-2.796676635742187	-7.344099867623299E-5	7.344099867623299E-5	36.029545160076246
10789.978515625	-2.769559860229492	-7.343621109612286E-5	7.343621109612286E-5	36.029545160076246
10790.0205078125	-2.743125915527344	-7.342144090216607E-5	7.342144090216607E-5	36.029545160076246
10790.0625	-2.716024398803711	-7.339347212109715E-5	7.339347212109715E-5	36.029545160076246
10790.1044921875	-2.689643859863281	-7.337138231378049E-5	7.337138231378049E-5	36.029545160076246
10790.146484375	-2.662628173828125	-7.335665577556938E-5	7.335665577556938E-5	36.029545160076246
10790.1884765625	-2.636280059814453	-7.334470865316689E-5	7.334470865316689E-5	36.029545160076246
10790.23046875	-2.609230041503906	-7.331928645726293E-5	7.331928645726293E-5	36.029545160076246
10790.2724609375	-2.58251953125	-7.328011270146817E-5	7.328011270146817E-5	36.029545160076246
10790.314453125	-2.555801391601562	-7.326822378672659E-5	7.326822378672659E-5	36.029545160076246
10790.3564453125	-2.529123306274414	-7.324595935642719E-5	7.324595935642719E-5	36.029545160076246
10790.3984375	-2.502410888671875	-7.322337478399277E-5	7.322337478399277E-5	36.029545160076246
10790.4404296875	-2.475702285766602	-7.318130519706756E-5	7.318130519706756E-5	36.029545160076246
10790.482421875	-2.448665618896484	-7.315435505006462E-5	7.315435505006462E-5	36.029545160076246
10790.5244140625	-2.422304153442383	-7.313712558243424E-5	7.313712558243424E-5	36.029545160076246
10790.56640625	-2.395263671875	-7.311195076908916E-5	7.311195076908916E-5	36.029545160076246
10790.6083984375	-2.368892669677734	-7.307439227588475E-5	7.307439227588475E-5	36.029545160076246
10790.650390625	-2.341850280761719	-7.303323945961893E-5	7.303323945961893E-5	36.029545160076246
10790.6923828125	-2.31549072265625	-7.300497964024544E-5	7.300497964024544E-5	36.029545160076246
10790.734375	-2.288454055786133	-7.297801494132727E-5	7.297801494132727E-5	36.029545160076246
10790.7763671875	-2.262115478515625	-7.293568341992795E-5	7.293568341992795E-5	36.029545160076246
10790.818359375	-2.235034942626953	-7.289049972314388E-5	7.289049972314388E-5	36.029545160076246
10790.8603515625	-2.208673477172852	-7.285538595169783E-5	7.285538595169783E-5	36.029545160076246
10790.90234375	-2.181636810302734	-7.282357546500862E-5	7.282357546500862E-5	36.029545160076246
10790.9443359375	-2.1552734375	-7.27838632883504E-5	7.27838632883504E-5	36.029545160076246
10790.986328125	-2.128219604492187	-7.272954098880291E-5	7.272954098880291E-5	36.029545160076246
10791.0283203125	-2.101856231689453	-7.267943874467164E-5	7.267943874467164E-5	36.029545160076246
10791.0703125	-2.074831008911133	-7.264292798936367E-5	7.264292798936367E-5	36.029545160076246
10791.1123046875	-2.048118591308594	-7.260042184498161E-5	7.260042184498161E-5	36.029545160076246
10791.1533203125	-2.021474838256836	-7.254756928887218E-5	7.254756928887218E-5	36.029545160076246
10791.1953125	-1.994766235351562	-7.249109330587089E-5	7.249109330587089E-5	36.029545160076246
10791.2373046875	-1.968063354492187	-7.243792060762644E-5	7.243792060762644E-5	36.029545160076246
10791.279296875	-1.941377639770508	-7.239649130497128E-5	7.239649130497128E-5	36.029545160076246
10791.3212890625	-1.914331436157227	-7.234072836581618E-5	7.234072836581618E-5	36.029545160076246
10791.36328125	-1.887969970703125	-7.227731111925095E-5	7.227731111925095E-5	36.029545160076246
10791.4052734375	-1.860910415649414	-7.220875704661012E-5	7.220875704661012E-5	36.029545160076246
10791.447265625	-1.834556579589844	-7.215805817395449E-5	7.215805817395449E-5	36.029545160076246
10791.4892578125	-1.807512283325195	-7.210188778117299E-5	7.210188778117299E-5	36.029545160076246
10791.53125	-1.781147003173828	-7.203042332548648E-5	7.203042332548648E-5	36.029545160076246
10791.5732421875	-1.754104614257812	-7.195305079221725E-5	7.195305079221725E-5	36.029545160076246
10791.615234375	-1.727748870849609	-7.189200550783426E-5	7.189200550783426E-5	36.029545160076246
10791.6572265625	-1.70069694519043	-7.18289811629802E-5	7.18289811629802E-5	36.029545160076246
10791.69921875	-1.673646926879883	-7.174976053647697E-5	7.174976053647697E-5	36.029545160076246
10791.7412109375	-1.647294998168945	-7.166290015447885E-5	7.166290015447885E-5	36.029545160076246
10791.783203125	-1.620235443115234	-7.158567314036191E-5	7.158567314036191E-5	36.029545160076246
10791.8251953125	-1.5938720703125	-7.151247700676322E-5	7.151247700676322E-5	36.029545160076246
10791.8671875	-1.566848754882812	-7.143277616705745E-5	7.143277616705745E-5	36.029545160076246
10791.9091796875	-1.54047966003418	-7.133203325793147E-5	7.133203325793147E-5	36.029545160076246
10791.951171875	-1.513412475585937	-7.123682007659227E-5	7.123682007659227E-5	36.029545160076246
10791.9931640625	-1.487051010131836	-7.115238986443728E-5	7.115238986443728E-5	36.029545160076246
10792.03515625	-1.460006713867187	-7.106756675057113E-5	7.106756675057113E-5	36.029545160076246
10792.0771484375	-1.43330192565918	-7.095973705872893E-5	7.095973705872893E-5	36.029545160076246
10792.119140625	-1.406604766845703	-7.085036486387253E-5	7.085036486387253E-5	36.029545160076246
10792.1611328125	-1.379903793334961	-7.07464205333963E-5	7.07464205333963E-5	36.029545160076246
10792.203125	-1.353181838989258	-7.06500286469236E-5	7.06500286469236E-5	36.029545160076246
10792.2451171875	-1.326467514038086	-7.053420995362103E-5	7.053420995362103E-5	36.029545160076246
10792.287109375	-1.299365997314453	-7.040846685413271E-5	7.040846685413271E-5	36.029545160076246
10792.3291015625	-1.272918701171875	-7.028675463516265E-5	7.028675463516265E-5	36.029545160076246
10792.37109375	-1.245805740356445	-7.016884046606719E-5	7.016884046606719E-5	36.029545160076246
10792.4130859375	-1.219413757324219	-7.004693907219917E-5	7.004693907219917E-5	36.029545160076246
10792.455078125	-1.192293167114258	-6.990543624851853E-5	6.990543624851853E-5	36.029545160076246
10792.4970703125	-1.165863037109375	-6.976129952818155E-5	6.976129952818155E-5	36.029545160076246
10792.5390625	-1.138748168945312	-6.962052430026233E-5	6.962052430026233E-5	36.029545160076246
10792.5810546875	-1.112335205078125	-6.948177178855985E-5	6.948177178855985E-5	36.029545160076246
10792.623046875	-1.085214614868164	-6.932792894076556E-5	6.932792894076556E-5	36.029545160076246
10792.6650390625	-1.058795928955078	-6.91642053425312E-5	6.91642053425312E-5	36.029545160076246
10792.70703125	-1.031682968139648	-6.898844731040299E-5	6.898844731040299E-5	36.029545160076246
10792.7490234375	-1.005252838134766	-6.883368769194931E-5	6.883368769194931E-5	36.029545160076246
10792.791015625	-0.97813606262207	-6.866159674245864E-5	6.866159674245864E-5	36.029545160076246
10792.8330078125	-0.951736450195312	-6.847952317912132E-5	6.847952317912132E-5	36.029545160076246
10792.875	-0.924604415893555	-6.827978359069675E-5	6.827978359069675E-5	36.029545160076246
10792.9169921875	-0.897829055786133	-6.808643229305744E-5	6.808643229305744E-5	36.029545160076246
10792.958984375	-0.871091842651367	-6.789459439460188E-5	6.789459439460188E-5	36.029545160076246
10793	-0.844305038452148	-6.767951708752662E-5	6.767951708752662E-5	36.029545160076246
10793.0419921875	-0.817537307739258	-6.745466089341789E-5	6.745466089341789E-5	36.029545160076246
10793.083984375	-0.790771484375	-6.722508987877518E-5	6.722508987877518E-5	36.029545160076246
10793.1259765625	-0.76365852355957	-6.699418008793145E-5	6.699418008793145E-5	36.029545160076246
10793.16796875	-0.737224578857422	-6.675646000076085E-5	6.675646000076085E-5	36.029545160076246
10793.2099609375	-0.71013069152832	-6.649654824286699E-5	6.649654824286699E-5	36.029545160076246
10793.251953125	-0.683692932128906	-6.622591172344983E-5	6.622591172344983E-5	36.029545160076246
10793.2939453125	-0.65656852722168	-6.595764716621488E-5	6.595764716621488E-5	36.029545160076246
10793.3359375	-0.63014030456543	-6.568129174411297E-5	6.568129174411297E-5	36.029545160076246
10793.3779296875	-0.603111267089844	-6.53760798741132E-5	6.53760798741132E-5	36.029545160076246
10793.419921875	-0.57667350769043	-6.506536738015711E-5	6.506536738015711E-5	36.029545160076246
10793.4619140625	-0.549566268920898	-6.474190740846097E-5	6.474190740846097E-5	36.029545160076246
10793.50390625	-0.522468566894531	-6.441236473619938E-5	6.441236473619938E-5	36.029545160076246
10793.5458984375	-0.496047973632812	-6.406429747585207E-5	6.406429747585207E-5	36.029545160076246
10793.587890625	-0.468923568725586	-6.36860349914059E-5	6.36860349914059E-5	36.029545160076246
10793.6298828125	-0.442497253417969	-6.330899486783892E-5	6.330899486783892E-5	36.029545160076246
10793.671875	-0.415393829345703	-6.291498721111566E-5	6.291498721111566E-5	36.029545160076246
10793.7138671875	-0.38896369934082	-6.251074955798686E-5	6.251074955798686E-5	36.029545160076246
10793.755859375	-0.361858367919922	-6.20632927166298E-5	6.20632927166298E-5	36.029545160076246
10793.7978515625	-0.335439682006836	-6.161018973216414E-5	6.161018973216414E-5	36.029545160076246
10793.83984375	-0.308309555053711	-6.113143172115088E-5	6.113143172115088E-5	36.029545160076246
10793.8818359375	-0.281881332397461	-6.064881745260209E-5	6.064881745260209E-5	36.029545160076246
10793.923828125	-0.254766464233398	-6.011957884766161E-5	6.011957884766161E-5	36.029545160076246
10793.9658203125	-0.227991104125977	-5.95626188442111E-5	5.95626188442111E-5	36.029545160076246
10794.0078125	-0.201238632202148	-5.898441304452717E-5	5.898441304452717E-5	36.029545160076246
10794.0498046875	-0.174472808837891	-5.838683864567429E-5	5.838683864567429E-5	36.029545160076246
10794.091796875	-0.147706985473633	-5.775537283625454E-5	5.775537283625454E-5	36.029545160076246
10794.1337890625	-0.120925903320312	-5.707624950446188E-5	5.707624950446188E-5	36.029545160076246
10794.17578125	-0.093805313110352	-5.634958506561816E-5	5.634958506561816E-5	36.029545160076246
10794.2177734375	-0.067377090454102	-5.561800207942724E-5	5.561800207942724E-5	36.029545160076246
10794.259765625	-0.040266036987305	-5.481751577463001E-5	5.481751577463001E-5	36.029545160076246
10794.3017578125	-0.013828277587891	-5.397506174631417E-5	5.397506174631417E-5	36.029545160076246
10794.34375	0.013545989990234	-5.30401011928916E-5	5.30401011928916E-5	36.029545160076246
10794.3857421875	0.040323257446289	-5.202698230277747E-5	5.202698230277747E-5	36.029545160076246
10794.427734375	0.067096710205078	-5.08545053889975E-5	5.08545053889975E-5	36.029545160076246
10794.4697265625	0.093856811523437	-4.932387673761696E-5	4.932387673761696E-5	36.029545160076246
10794.51171875	0.120977401733398	-4.688397166319191E-5	4.688397166319191E-5	36.029545160076246
10794.5537109375	0.147415161132812	-4.228917532600462E-5	4.228917532600462E-5	36.029545160076246
10794.595703125	0.174545288085937	-3.161370113957673E-5	3.161370113957673E-5	36.029545160076246
10794.6923828125	0.200908660888672	-5.177562343305908E-6	5.177562343305908E-6	36.029545160076246
10794.83203125	0.22825813293457	6.18188496446237E-5	6.18188496446237E-5	36.029545160076246
10794.9677734375	0.254608154296875	0.000219385838136	0.000219385838136	36.029545160076246
10795.009765625	0.281774520874023	0.000553649268113	0.000553649268113	36.029545160076246
10795.14453125	0.308103561401367	0.001162203960121	0.001162203960121	36.029545160076246
10795.1865234375	0.335243225097656	0.002058896236122	0.002058896236122	36.029545160076246
10795.228515625	0.361701965332031	0.003179147839546	0.003179147839546	36.029545160076246
10795.2705078125	0.388822555541992	0.004517291672528	0.004517291672528	36.029545160076246
10795.3115234375	0.415266036987305	0.005953661166131	0.005953661166131	36.029545160076246
10795.353515625	0.442417144775391	0.007531342562288	0.007531342562288	36.029545160076246
10795.3955078125	0.468860626220703	0.009143517352641	0.009143517352641	36.029545160076246
10795.484375	0.495815277099609	0.01087574660778	0.01087574660778	36.029545160076246
10795.5263671875	0.522584915161133	0.012606456875801	0.012606456875801	36.029545160076246
10795.568359375	0.549343109130859	0.014373973011971	0.014373973011971	36.029545160076246
10795.6103515625	0.57611083984375	0.016171410679817	0.016171410679817	36.029545160076246
10795.65234375	0.602897644042969	0.017991125583649	0.017991125583649	36.029545160076246
10795.6943359375	0.629995346069336	0.019852481782436	0.019852481782436	36.029545160076246
10795.736328125	0.656696319580078	0.021701134741306	0.021701134741306	36.029545160076246
10795.7783203125	0.683490753173828	0.023569442331791	0.023569442331791	36.029545160076246
10795.8203125	0.710250854492187	0.025446116924286	0.025446116924286	36.029545160076246
10795.8623046875	0.73701286315918	0.027333401143551	0.027333401143551	36.029545160076246
10795.9033203125	0.763784408569336	0.02922435104847	0.02922435104847	36.029545160076246
10795.9453125	0.790565490722656	0.031124673783779	0.031124673783779	36.029545160076246
10795.9873046875	0.817325592041016	0.033029638230801	0.033029638230801	36.029545160076246
10796.029296875	0.844451904296875	0.034964598715305	0.034964598715305	36.029545160076246
10796.0712890625	0.870893478393555	0.036854684352875	0.036854684352875	36.029545160076246
10796.11328125	0.898000717163086	0.038794413208961	0.038794413208961	36.029545160076246
10796.1552734375	0.924411773681641	0.04068785905838	0.04068785905838	36.029545160076246
10796.197265625	0.951530456542969	0.042631328105927	0.042631328105927	36.029545160076246
10796.2392578125	0.977951049804687	0.044526420533657	0.044526420533657	36.029545160076246
10796.28125	1.005071640014648	0.046471007168293	0.046471007168293	36.029545160076246
10796.3232421875	1.031494140625	0.048367768526077	0.048367768526077	36.029545160076246
10796.365234375	1.058614730834961	0.050311803817749	0.050311803817749	36.029545160076246
10796.4072265625	1.08503532409668	0.052204474806786	0.052204474806786	36.029545160076246
10796.44921875	1.112142562866211	0.05414704233408	0.05414704233408	36.029545160076246
10796.4912109375	1.138576507568359	0.056037902832031	0.056037902832031	36.029545160076246
10796.533203125	1.165683746337891	0.057976402342319	0.057976402342319	36.029545160076246
10796.5751953125	1.192106246948242	0.059861585497856	0.059861585497856	36.029545160076246
10796.6171875	1.219240188598633	0.061800673604012	0.061800673604012	36.029545160076246
10796.6591796875	1.245994567871094	0.063707917928696	0.063707917928696	36.029545160076246
10796.701171875	1.27275276184082	0.065612375736237	0.065612375736237	36.029545160076246
10796.7431640625	1.299531936645508	0.067515090107918	0.067515090107918	36.029545160076246
10796.78515625	1.326290130615234	0.069418475031853	0.069418475031853	36.029545160076246
10796.8271484375	1.353036880493164	0.071315012872219	0.071315012872219	36.029545160076246
10796.869140625	1.380096435546875	0.073226094245911	0.073226094245911	36.029545160076246
10796.9111328125	1.406471252441406	0.075093157589436	0.075093157589436	36.029545160076246
10796.953125	1.433500289916992	0.076993681490421	0.076993681490421	36.029545160076246
10796.9951171875	1.459875106811523	0.078841738402843	0.078841738402843	36.029545160076246
10797.037109375	1.486940383911133	0.080735571682453	0.080735571682453	36.029545160076246
10797.0791015625	1.513286590576172	0.082583084702492	0.082583084702492	36.029545160076246
10797.12109375	1.540349960327148	0.08446628600359	0.08446628600359	36.029545160076246
10797.162109375	1.566717147827148	0.086303748190403	0.086303748190403	36.029545160076246
10797.2041015625	1.593769073486328	0.088169157505035	0.088169157505035	36.029545160076246
10797.24609375	1.620119094848633	0.089952528476715	0.089952528476715	36.029545160076246
10797.2880859375	1.647180557250977	0.091799505054951	0.091799505054951	36.029545160076246
10797.330078125	1.673524856567383	0.093584381043911	0.093584381043911	36.029545160076246
10797.3720703125	1.700580596923828	0.095380678772926	0.095380678772926	36.029545160076246
10797.4140625	1.726943969726562	0.097096800804138	0.097096800804138	36.029545160076246
10797.4560546875	1.754003524780273	0.098897658288479	0.098897658288479	36.029545160076246
10797.498046875	1.771482467651367	0.100002326071262	0.100002326071262	36.029545160076246
10797.5400390625	1.772022247314453	0.100002720952034	0.100002720952034	36.029545160076246
10797.5830078125	1.773103713989258	0.100002743303776	0.100002743303776	36.029545160076246
10797.625	1.773904800415039	0.100002728402615	0.100002728402615	36.029545160076246
10797.6669921875	1.775136947631836	0.100002728402615	0.100002728402615	36.029545160076246
10797.708984375	1.775978088378906	0.100002713501453	0.100002713501453	36.029545160076246
10797.751953125	1.777074813842773	0.100002735853195	0.100002735853195	36.029545160076246
10797.7939453125	1.778095245361328	0.100002713501453	0.100002713501453	36.029545160076246
10797.8359375	1.779096603393555	0.100002691149712	0.100002691149712	36.029545160076246
10797.8779296875	1.780752182006836	0.100002691149712	0.100002691149712	36.029545160076246
10797.9208984375	1.782377243041992	0.100002683699131	0.100002683699131	36.029545160076246
10797.962890625	1.783287048339844	0.100002698600292	0.100002698600292	36.029545160076246
10798.0048828125	1.784749984741211	0.100002713501453	0.100002713501453	36.029545160076246
10798.046875	1.786794662475586	0.100002691149712	0.100002691149712	36.029545160076246
10798.08984375	1.789161682128906	0.100002683699131	0.100002683699131	36.029545160076246
10798.1318359375	1.792064666748047	0.100002713501453	0.100002713501453	36.029545160076246
10798.173828125	1.793281555175781	0.100002713501453	0.100002713501453	36.029545160076246
10798.2158203125	1.7923583984375	0.100002653896809	0.100002653896809	36.029545160076246
10798.2587890625	1.792018890380859	0.100002713501453	0.100002713501453	36.029545160076246
10798.30078125	1.792768478393555	0.100002735853195	0.100002735853195	36.029545160076246
10798.3427734375	1.794158935546875	0.100002713501453	0.100002713501453	36.029545160076246
10798.384765625	1.795330047607422	0.100002728402615	0.100002728402615	36.029545160076246
10798.427734375	1.79655647277832	0.100002713501453	0.100002713501453	36.029545160076246
10798.4697265625	1.797557830810547	0.100002720952034	0.100002720952034	36.029545160076246
10798.51171875	1.797273635864258	0.100002735853195	0.100002735853195	36.029545160076246
10798.5546875	1.79658317565918	0.100002720952034	0.100002720952034	36.029545160076246
10798.5966796875	1.798311233520508	0.100002720952034	0.100002720952034	36.029545160076246
10798.638671875	1.79945182800293	0.100002735853195	0.100002735853195	36.029545160076246
10798.6806640625	1.800125122070312	0.100002720952034	0.100002720952034	36.029545160076246
10798.7236328125	1.800838470458984	0.100002698600292	0.100002698600292	36.029545160076246
10798.765625	1.800786972045898	0.100002720952034	0.100002720952034	36.029545160076246
10798.8076171875	1.801513671875	0.100002720952034	0.100002720952034	36.029545160076246
10798.849609375	1.802238464355469	0.100002720952034	0.100002720952034	36.029545160076246
10798.892578125	1.804986953735352	0.100002713501453	0.100002713501453	36.029545160076246
10798.9345703125	1.806751251220703	0.100002698600292	0.100002698600292	36.029545160076246
10798.9765625	1.808435440063477	0.100002691149712	0.100002691149712	36.029545160076246
10799.01953125	1.810846328735352	0.100002728402615	0.100002728402615	36.029545160076246
10799.0615234375	1.811019897460937	0.100002683699131	0.100002683699131	36.029545160076246
10799.103515625	1.811794281005859	0.100002698600292	0.100002698600292	36.029545160076246
10799.1455078125	1.817235946655273	0.100002653896809	0.100002653896809	36.029545160076246
10799.1884765625	1.943035125732422	0.100002571940422	0.100002571940422	36.029545160076246
10799.23046875	1.884199142456055	0.100003562867641	0.100003562867641	36.029545160076246
10799.2724609375	1.872035980224609	0.100002698600292	0.100002698600292	36.029545160076246
10799.314453125	1.86973762512207	0.100002713501453	0.100002713501453	36.029545160076246
10799.357421875	1.849443435668945	0.100002788007259	0.100002788007259	36.029545160076246
10799.3994140625	1.838850021362305	0.100002758204937	0.100002758204937	36.029545160076246
10799.44140625	1.829452514648437	0.100002750754356	0.100002750754356	36.029545160076246
10799.4833984375	1.828929901123047	0.100002698600292	0.100002698600292	36.029545160076246
10799.5263671875	1.824581146240234	0.100002750754356	0.100002750754356	36.029545160076246
10799.568359375	1.821348190307617	0.100002698600292	0.100002698600292	36.029545160076246
10799.6103515625	1.815492630004883	0.100002765655518	0.100002765655518	36.029545160076246
10799.65234375	1.81513786315918	0.100002728402615	0.100002728402615	36.029545160076246
10799.6953125	1.814613342285156	0.100002728402615	0.100002728402615	36.029545160076246
10799.7373046875	1.811864852905273	0.100002728402615	0.100002728402615	36.029545160076246
10799.779296875	1.813121795654297	0.100002720952034	0.100002720952034	36.029545160076246
10799.8212890625	1.813348770141602	0.100002743303776	0.100002743303776	36.029545160076246
10799.8642578125	1.812414169311523	0.100002788007259	0.100002788007259	36.029545160076246
10799.90625	1.81214714050293	0.100002728402615	0.100002728402615	36.029545160076246
10799.9482421875	1.810741424560547	0.100002773106098	0.100002773106098	36.029545160076246
10799.990234375	1.809852600097656	0.100002750754356	0.100002750754356	36.029545160076246
10800.033203125	1.807718276977539	0.100002743303776	0.100002743303776	36.029545160076246
10800.0751953125	1.806394577026367	0.100002758204937	0.100002758204937	36.029545160076246
10800.1171875	1.804784774780273	0.100002735853195	0.100002735853195	36.029545160076246
10800.1591796875	1.804304122924805	0.100002728402615	0.100002728402615	36.029545160076246
10800.2021484375	1.803855895996094	0.100002728402615	0.100002728402615	36.029545160076246
10800.244140625	1.802566528320312	0.100002765655518	0.100002765655518	36.029545160076246
10800.2861328125	1.801565170288086	0.100002758204937	0.100002758204937	36.029545160076246
10800.328125	1.799837112426758	0.100002750754356	0.100002750754356	36.029545160076246
10800.37109375	1.797540664672852	0.100002750754356	0.100002750754356	36.029545160076246
10800.4130859375	1.79576301574707	0.100002765655518	0.100002765655518	36.029545160076246
10800.455078125	1.795913696289062	0.100002735853195	0.100002735853195	36.029545160076246
10800.4970703125	1.795192718505859	0.100002765655518	0.100002765655518	36.029545160076246
10800.5400390625	1.794862747192383	0.100002683699131	0.100002683699131	36.029545160076246
10800.58203125	1.794801712036133	0.100002713501453	0.100002713501453	36.029545160076246
10800.6240234375	1.794988632202148	0.100002691149712	0.100002691149712	36.029545160076246
10800.6669921875	1.795053482055664	0.100002713501453	0.100002713501453	36.029545160076246
10800.708984375	1.794607162475586	0.100002691149712	0.100002691149712	36.029545160076246
10800.7509765625	1.794553756713867	0.100002713501453	0.100002713501453	36.029545160076246
10800.79296875	1.794567108154297	0.10000267624855	0.10000267624855	36.029545160076246
10800.8359375	1.794647216796875	0.10000266879797	0.10000266879797	36.029545160076246
10800.8779296875	1.79486083984375	0.100002720952034	0.100002720952034	36.029545160076246
10800.919921875	1.79490852355957	0.100002706050873	0.100002706050873	36.029545160076246
10800.9619140625	1.791378021240234	0.100002691149712	0.100002691149712	36.029545160076246
10801.0048828125	1.789239883422852	0.100002720952034	0.100002720952034	36.029545160076246
