[INFO]
Keithley 2400
Meas Time: 2021/1/19 14:59:26
Params: GPIB address = GPIB0::21::INSTR; DataFile = D:\工艺实验\邢展雍; Compliance  Level (0.1) = 0.100000000000000; Number of Points (5) = 400; Minimum Amplitude (1) = -3.000000000000000; Maximum Amplitude (2) = 3.000000000000000; Timeout (100000 ms) = 100000; Source Mode  (0: Voltage) = 0; 4-wire? = FALSE; delay(S) = 0.000000000000000; Start = ; 

[COMMENT]


[DATA]
time (s)	Voltage (V)	Current (A)	absCurrent (A)	Fitting Resistance (Ohms)

7066.83300781249999	-3.000711441040039	-0.00187499448657	0.00187499448657	24.696928431331074
7066.87499999999999	-2.985635757446289	-0.001874917186797	0.001874917186797	24.696928431331074
7066.91699218749999	-2.970880508422852	-0.001873984001577	0.001873984001577	24.696928431331074
7066.95898437499999	-2.955778121948242	-0.001873021014035	0.001873021014035	24.696928431331074
7067.00097656249999	-2.940671920776367	-0.001872236840427	0.001872236840427	24.696928431331074
7067.04296874999999	-2.925565719604492	-0.001871802844107	0.001871802844107	24.696928431331074
7067.08496093749999	-2.910467147827148	-0.001871263608336	0.001871263608336	24.696928431331074
7067.12695312499999	-2.895029067993164	-0.001870221458375	0.001870221458375	24.696928431331074
7067.16894531249999	-2.87993049621582	-0.001869111321867	0.001869111321867	24.696928431331074
7067.21093749999999	-2.865171432495117	-0.001868467777967	0.001868467777967	24.696928431331074
7067.25292968749999	-2.850067138671875	-0.001867886632681	0.001867886632681	24.696928431331074
7067.29492187499999	-2.834970474243164	-0.001866852864623	0.001866852864623	24.696928431331074
7067.33691406249999	-2.819860458374023	-0.001865653321147	0.001865653321147	24.696928431331074
7067.37890624999999	-2.805116653442383	-0.001864789053798	0.001864789053798	24.696928431331074
7067.42089843749999	-2.790031433105469	-0.001864118501544	0.001864118501544	24.696928431331074
7067.46289062499999	-2.774911880493164	-0.001863219775259	0.001863219775259	24.696928431331074
7067.50488281249999	-2.759811401367187	-0.001862112432718	0.001862112432718	24.696928431331074
7067.54687499999999	-2.745058059692383	-0.001860741525888	0.001860741525888	24.696928431331074
7067.58886718749999	-2.729917526245117	-0.0018600076437	0.0018600076437	24.696928431331074
7067.63085937499999	-2.714866638183594	-0.00185935292393	0.00185935292393	24.696928431331074
7067.67285156249999	-2.699468612670898	-0.001858185045421	0.001858185045421	24.696928431331074
7067.71484374999999	-2.684406280517578	-0.001856844872236	0.001856844872236	24.696928431331074
7067.75683593749999	-2.669343948364258	-0.001855676062405	0.001855676062405	24.696928431331074
7067.79882812499999	-2.654623031616211	-0.001855072565377	0.001855072565377	24.696928431331074
7067.84082031249999	-2.639566421508789	-0.001854268833995	0.001854268833995	24.696928431331074
7067.88281249999999	-2.624500274658203	-0.001852801069617	0.001852801069617	24.696928431331074
7067.92480468749999	-2.609441757202148	-0.001851432956755	0.001851432956755	24.696928431331074
7067.96679687499999	-2.594358444213867	-0.001850560307503	0.001850560307503	24.696928431331074
7068.00878906249999	-2.579639434814453	-0.001849811524153	0.001849811524153	24.696928431331074
7068.05078124999999	-2.564582824707031	-0.001848479732871	0.001848479732871	24.696928431331074
7068.09277343749999	-2.549520492553711	-0.001847152598202	0.001847152598202	24.696928431331074
7068.13476562499999	-2.534461975097656	-0.001846024766564	0.001846024766564	24.696928431331074
7068.17675781249999	-2.519742965698242	-0.001844952814281	0.001844952814281	24.696928431331074
7068.21874999999999	-2.504674911499023	-0.001844096928835	0.001844096928835	24.696928431331074
7068.26074218749999	-2.48927116394043	-0.00184275675565	0.00184275675565	24.696928431331074
7068.30273437499999	-2.474197387695312	-0.001841232180595	0.001841232180595	24.696928431331074
7068.34472656249999	-2.459152221679687	-0.001840176992118	0.001840176992118	24.696928431331074
7068.38671874999999	-2.444099426269531	-0.001839342527092	0.001839342527092	24.696928431331074
7068.42871093749999	-2.429365158081055	-0.001838119700551	0.001838119700551	24.696928431331074
7068.47070312499999	-2.414306640625	-0.001836659386754	0.001836659386754	24.696928431331074
7068.51269531249999	-2.399236679077148	-0.001835248433053	0.001835248433053	24.696928431331074
7068.55468749999999	-2.38416862487793	-0.001834221184254	0.001834221184254	24.696928431331074
7068.59667968749999	-2.369112014770508	-0.001833193004131	0.001833193004131	24.696928431331074
7068.63867187499999	-2.354398727416992	-0.001831634901464	0.001831634901464	24.696928431331074
7068.68066406249999	-2.339328765869141	-0.00182990450412	0.00182990450412	24.696928431331074
7068.72265624999999	-2.324256896972656	-0.001828859560192	0.001828859560192	24.696928431331074
7068.76464843749999	-2.309207916259766	-0.001827889122069	0.001827889122069	24.696928431331074
7068.80664062499999	-2.293790817260742	-0.001826577819884	0.001826577819884	24.696928431331074
7068.84765624999999	-2.278743743896484	-0.001825073733926	0.001825073733926	24.696928431331074
7068.88964843749999	-2.264026641845703	-0.001823493279517	0.001823493279517	24.696928431331074
7068.93164062499999	-2.248958587646484	-0.00182241294533	0.00182241294533	24.696928431331074
7068.97363281249999	-2.233880996704102	-0.001821221783757	0.001821221783757	24.696928431331074
7069.01562499999999	-2.218830108642578	-0.00181969255209	0.00181969255209	24.696928431331074
7069.05761718749999	-2.204099655151367	-0.001817928627133	0.001817928627133	24.696928431331074
7069.09960937499999	-2.18903923034668	-0.00181664340198	0.00181664340198	24.696928431331074
7069.14160156249999	-2.173982620239258	-0.001815457828343	0.001815457828343	24.696928431331074
7069.18359374999999	-2.158914566040039	-0.001814180985093	0.001814180985093	24.696928431331074
7069.22558593749999	-2.144184112548828	-0.001812561415136	0.001812561415136	24.696928431331074
7069.26757812499999	-2.129121780395508	-0.001810818910599	0.001810818910599	24.696928431331074
7069.30957031249999	-2.114065170288086	-0.001809623092413	0.001809623092413	24.696928431331074
7069.35156249999999	-2.098665237426758	-0.001808327622712	0.001808327622712	24.696928431331074
7069.39355468749999	-2.083602905273437	-0.001806481741369	0.001806481741369	24.696928431331074
7069.43554687499999	-2.068532943725586	-0.001804845407605	0.001804845407605	24.696928431331074
7069.47753906249999	-2.053462982177734	-0.001803278923035	0.001803278923035	24.696928431331074
7069.51953124999999	-2.038722991943359	-0.001802135258913	0.001802135258913	24.696928431331074
7069.56152343749999	-2.023748397827148	-0.00180062558502	0.00180062558502	24.696928431331074
7069.60351562499999	-2.008684158325195	-0.001798863522708	0.001798863522708	24.696928431331074
7069.64550781249999	-1.993612289428711	-0.001796863041818	0.001796863041818	24.696928431331074
7069.68749999999999	-1.9788818359375	-0.001795535907149	0.001795535907149	24.696928431331074
7069.72949218749999	-1.963829040527344	-0.001794216223061	0.001794216223061	24.696928431331074
7069.77148437499999	-1.948755264282227	-0.001792582683265	0.001792582683265	24.696928431331074
7069.81347656249999	-1.933710098266602	-0.001790443435311	0.001790443435311	24.696928431331074
7069.85546874999999	-1.919002532958984	-0.001788825727999	0.001788825727999	24.696928431331074
7069.89746093749999	-1.9039306640625	-0.001787544228137	0.001787544228137	24.696928431331074
7069.93945312499999	-1.888517379760742	-0.001786044798791	0.001786044798791	24.696928431331074
7069.98144531249999	-1.873441696166992	-0.001784021034837	0.001784021034837	24.696928431331074
7070.02343749999999	-1.858366012573242	-0.001781933940947	0.001781933940947	24.696928431331074
7070.06542968749999	-1.84330940246582	-0.001780422404408	0.001780422404408	24.696928431331074
7070.10742187499999	-1.828250885009766	-0.001778988167644	0.001778988167644	24.696928431331074
7070.14941406249999	-1.813533782958984	-0.00177709851414	0.00177709851414	24.696928431331074
7070.19140624999999	-1.798463821411133	-0.001775084994733	0.001775084994733	24.696928431331074
7070.23339843749999	-1.783403396606445	-0.001773159019649	0.001773159019649	24.696928431331074
7070.27539062499999	-1.768325805664062	-0.001771609298885	0.001771609298885	24.696928431331074
7070.31738281249999	-1.753627777099609	-0.001769972965121	0.001769972965121	24.696928431331074
7070.35937499999999	-1.738574981689453	-0.001767893321812	0.001767893321812	24.696928431331074
7070.40136718749999	-1.723503112792969	-0.001765836961567	0.001765836961567	24.696928431331074
7070.44335937499999	-1.708423614501953	-0.001763962209225	0.001763962209225	24.696928431331074
7070.48535156249999	-1.693019866943359	-0.001762420870364	0.001762420870364	24.696928431331074
7070.52734374999999	-1.677961349487305	-0.001760585233569	0.001760585233569	24.696928431331074
7070.56933593749999	-1.663244247436523	-0.001758280210197	0.001758280210197	24.696928431331074
7070.61132812499999	-1.648191452026367	-0.001756182871759	0.001756182871759	24.696928431331074
7070.65332031249999	-1.633106231689453	-0.001754473894835	0.001754473894835	24.696928431331074
7070.69531249999999	-1.618045806884766	-0.001752513460815	0.001752513460815	24.696928431331074
7070.73730468749999	-1.603328704833984	-0.001750657334924	0.001750657334924	24.696928431331074
7070.77929687499999	-1.588268280029297	-0.001748370938003	0.001748370938003	24.696928431331074
7070.82128906249999	-1.573204040527344	-0.001746146008372	0.001746146008372	24.696928431331074
7070.86328124999999	-1.558143615722656	-0.001744266599417	0.001744266599417	24.696928431331074
7070.90527343749999	-1.54307746887207	-0.001742551103234	0.001742551103234	24.696928431331074
7070.94628906249999	-1.528347015380859	-0.001740185543895	0.001740185543895	24.696928431331074
7070.98828124999999	-1.513275146484375	-0.001737865619361	0.001737865619361	24.696928431331074
7071.03027343749999	-1.49787712097168	-0.001735688187182	0.001735688187182	24.696928431331074
7071.07226562499999	-1.482812881469727	-0.001733778044581	0.001733778044581	24.696928431331074
7071.11425781249999	-1.467739105224609	-0.001731640659273	0.001731640659273	24.696928431331074
7071.15624999999999	-1.452682495117187	-0.001729238778353	0.001729238778353	24.696928431331074
7071.19824218749999	-1.437950134277344	-0.001726661808789	0.001726661808789	24.696928431331074
7071.24023437499999	-1.422885894775391	-0.001724715344608	0.001724715344608	24.696928431331074
7071.28222656249999	-1.407827377319336	-0.001722632907331	0.001722632907331	24.696928431331074
7071.32421874999999	-1.392772674560547	-0.001720258966088	0.001720258966088	24.696928431331074
7071.36621093749999	-1.378053665161133	-0.001717766746879	0.001717766746879	24.696928431331074
7071.40820312499999	-1.36297607421875	-0.001715382561088	0.001715382561088	24.696928431331074
7071.45019531249999	-1.347911834716797	-0.001713213510811	0.001713213510811	24.696928431331074
7071.49218749999999	-1.332834243774414	-0.001710891723633	0.001710891723633	24.696928431331074
7071.53417968749999	-1.317747116088867	-0.001708306372166	0.001708306372166	24.696928431331074
7071.57617187499999	-1.302993774414062	-0.001705684699118	0.001705684699118	24.696928431331074
7071.61816406249999	-1.287206649780273	-0.001703530550003	0.001703530550003	24.696928431331074
7071.66015624999999	-1.272439956665039	-0.001701108179986	0.001701108179986	24.696928431331074
7071.70214843749999	-1.257352828979492	-0.001698511652648	0.001698511652648	24.696928431331074
7071.74414062499999	-1.242233276367187	-0.001695614308119	0.001695614308119	24.696928431331074
7071.78613281249999	-1.227157592773437	-0.001693092286587	0.001693092286587	24.696928431331074
7071.82812499999999	-1.212409973144531	-0.001690790988505	0.001690790988505	24.696928431331074
7071.87011718749999	-1.197301864624023	-0.001688422635198	0.001688422635198	24.696928431331074
7071.91210937499999	-1.182199478149414	-0.001685475930572	0.001685475930572	24.696928431331074
7071.95410156249999	-1.167098999023437	-0.001682496629655	0.001682496629655	24.696928431331074
7071.99609374999999	-1.152334213256836	-0.001680071465671	0.001680071465671	24.696928431331074
7072.03808593749999	-1.137245178222656	-0.001677659340203	0.001677659340203	24.696928431331074
7072.08007812499999	-1.122152328491211	-0.001674816012383	0.001674816012383	24.696928431331074
7072.12207031249999	-1.107040405273437	-0.001671869307756	0.001671869307756	24.696928431331074
7072.16406249999999	-1.091592788696289	-0.001668847166002	0.001668847166002	24.696928431331074
7072.20605468749999	-1.076499938964844	-0.001666187308729	0.001666187308729	24.696928431331074
7072.24804687499999	-1.061748504638672	-0.001663624309003	0.001663624309003	24.696928431331074
7072.29003906249999	-1.046651840209961	-0.001660379581153	0.001660379581153	24.696928431331074
7072.33203124999999	-1.031551361083984	-0.001657101325691	0.001657101325691	24.696928431331074
7072.37402343749999	-1.016443252563477	-0.001654293388128	0.001654293388128	24.696928431331074
7072.41601562499999	-1.001340866088867	-0.001651468686759	0.001651468686759	24.696928431331074
7072.45800781249999	-0.986591339111328	-0.001648725010455	0.001648725010455	24.696928431331074
7072.49999999999999	-0.971494674682617	-0.001645381562412	0.001645381562412	24.696928431331074
7072.54199218749999	-0.956398010253906	-0.001642087474465	0.001642087474465	24.696928431331074
7072.58398437499999	-0.94129753112793	-0.001639173366129	0.001639173366129	24.696928431331074
7072.62597656249999	-0.926538467407227	-0.00163637008518	0.00163637008518	24.696928431331074
7072.66796874999999	-0.911422729492187	-0.001632963307202	0.001632963307202	24.696928431331074
7072.70996093749999	-0.895992279052734	-0.001629448495805	0.001629448495805	24.696928431331074
7072.75195312499999	-0.880901336669922	-0.001626007258892	0.001626007258892	24.696928431331074
7072.79394531249999	-0.865810394287109	-0.00162304379046	0.00162304379046	24.696928431331074
7072.83593749999999	-0.850709915161133	-0.001619735732675	0.001619735732675	24.696928431331074
7072.87792968749999	-0.835945129394531	-0.001616292633116	0.001616292633116	24.696928431331074
7072.91992187499999	-0.820842742919922	-0.001612584106624	0.001612584106624	24.696928431331074
7072.96191406249999	-0.805730819702148	-0.00160906650126	0.00160906650126	24.696928431331074
7073.00390624999999	-0.790641784667969	-0.001605836674571	0.001605836674571	24.696928431331074
7073.04589843749999	-0.775548934936523	-0.001602428965271	0.001602428965271	24.696928431331074
7073.08789062499999	-0.760780334472656	-0.001598630100489	0.001598630100489	24.696928431331074
7073.12988281249999	-0.745677947998047	-0.001594918780029	0.001594918780029	24.696928431331074
7073.17187499999999	-0.730585098266602	-0.001591365784407	0.001591365784407	24.696928431331074
7073.21386718749999	-0.715478897094727	-0.001587885431945	0.001587885431945	24.696928431331074
7073.25585937499999	-0.700738906860352	-0.001583972014487	0.001583972014487	24.696928431331074
7073.29785156249999	-0.684963226318359	-0.00157973356545	0.00157973356545	24.696928431331074
7073.33886718749999	-0.670192718505859	-0.001576069742441	0.001576069742441	24.696928431331074
7073.38085937499999	-0.655086517333984	-0.001572346314788	0.001572346314788	24.696928431331074
7073.42285156249999	-0.639993667602539	-0.001568399369717	0.001568399369717	24.696928431331074
7073.46484374999999	-0.624942779541016	-0.001564303413033	0.001564303413033	24.696928431331074
7073.50683593749999	-0.610197067260742	-0.001560078002512	0.001560078002512	24.696928431331074
7073.54882812499999	-0.595108032226562	-0.00155614130199	0.00155614130199	24.696928431331074
7073.59082031249999	-0.579990386962891	-0.001552229747176	0.001552229747176	24.696928431331074
7073.63281249999999	-0.564886093139648	-0.001547824591398	0.001547824591398	24.696928431331074
7073.67480468749999	-0.550149917602539	-0.001543274149299	0.001543274149299	24.696928431331074
7073.71679687499999	-0.535051345825195	-0.001539085060358	0.001539085060358	24.696928431331074
7073.75878906249999	-0.519962310791016	-0.001535064540803	0.001535064540803	24.696928431331074
7073.80078124999999	-0.504859924316406	-0.001530542969704	0.001530542969704	24.696928431331074
7073.84277343749999	-0.489414215087891	-0.001525668427348	0.001525668427348	24.696928431331074
7073.88476562499999	-0.474309921264648	-0.001521010883152	0.001521010883152	24.696928431331074
7073.92675781249999	-0.459199905395508	-0.001516497693956	0.001516497693956	24.696928431331074
7073.96874999999999	-0.444459915161133	-0.001512286253273	0.001512286253273	24.696928431331074
7074.01074218749999	-0.429363250732422	-0.001507214270532	0.001507214270532	24.696928431331074
7074.05273437499999	-0.414260864257812	-0.001502074301243	0.001502074301243	24.696928431331074
7074.09472656249999	-0.399145126342773	-0.001497223041952	0.001497223041952	24.696928431331074
7074.13671874999999	-0.38438606262207	-0.00149249099195	0.00149249099195	24.696928431331074
7074.17871093749999	-0.369293212890625	-0.001487612724304	0.001487612724304	24.696928431331074
7074.22070312499999	-0.354211807250977	-0.001482119783759	0.001482119783759	24.696928431331074
7074.26269531249999	-0.339109420776367	-0.001476651988924	0.001476651988924	24.696928431331074
7074.30468749999999	-0.324350357055664	-0.001471691764891	0.001471691764891	24.696928431331074
7074.34667968749999	-0.309236526489258	-0.001466379500926	0.001466379500926	24.696928431331074
7074.38867187499999	-0.293798446655273	-0.001460650004447	0.001460650004447	24.696928431331074
7074.43066406249999	-0.278697967529297	-0.001454706303775	0.001454706303775	24.696928431331074
7074.47265624999999	-0.263612747192383	-0.001449041068554	0.001449041068554	24.696928431331074
7074.51464843749999	-0.248516082763672	-0.001443519257009	0.001443519257009	24.696928431331074
7074.55664062499999	-0.233406066894531	-0.001437587663531	0.001437587663531	24.696928431331074
7074.59863281249999	-0.218643188476562	-0.001431507989764	0.001431507989764	24.696928431331074
7074.64062499999999	-0.203550338745117	-0.001425097696483	0.001425097696483	24.696928431331074
7074.68261718749999	-0.188436508178711	-0.00141906645149	0.00141906645149	24.696928431331074
7074.72460937499999	-0.173364639282227	-0.0014129569754	0.0014129569754	24.696928431331074
7074.76660156249999	-0.158613204956055	-0.00140667334199	0.00140667334199	24.696928431331074
7074.80859374999999	-0.143501281738281	-0.001399808563292	0.001399808563292	24.696928431331074
7074.85058593749999	-0.12840461730957	-0.001392996869981	0.001392996869981	24.696928431331074
7074.89257812499999	-0.113302230834961	-0.001386418938637	0.001386418938637	24.696928431331074
7074.93457031249999	-0.09852409362793	-0.001379638910294	0.001379638910294	24.696928431331074
7074.97656249999999	-0.082752227783203	-0.00137197971344	0.00137197971344	24.696928431331074
7075.01855468749999	-0.067996978759766	-0.001364466734231	0.001364466734231	24.696928431331074
7075.06054687499999	-0.052877426147461	-0.001357073895633	0.001357073895633	24.696928431331074
7075.10253906249999	-0.037769317626953	-0.00134898442775	0.00134898442775	24.696928431331074
7075.14453124999999	-0.022680282592773	-0.00134042929858	0.00134042929858	24.696928431331074
7075.18652343749999	-0.007600784301758	-0.00133063737303	0.00133063737303	24.696928431331074
7075.22851562499999	0.007818222045898	-0.001319326460361	0.001319326460361	24.696928431331074
7075.27050781249999	0.022886276245117	-0.001306372694671	0.001306372694671	24.696928431331074
7075.31249999999999	0.037664413452148	-0.001290570013225	0.001290570013225	24.696928431331074
7075.35449218749999	0.052764892578125	-0.001269089058042	0.001269089058042	24.696928431331074
7075.39648437499999	0.067874908447266	-0.001239988952875	0.001239988952875	24.696928431331074
7075.43847656249999	0.082979202270508	-0.001201219856739	0.001201219856739	24.696928431331074
7075.48046874999999	0.097726821899414	-0.001151566393673	0.001151566393673	24.696928431331074
7075.52246093749999	0.113504409790039	-0.001082739792764	0.001082739792764	24.696928431331074
7075.56445312499999	0.12828254699707	-0.001002276316285	0.001002276316285	24.696928431331074
7075.65332031249999	0.143209457397461	-0.000903424224816	0.000903424224816	24.696928431331074
7075.69531249999999	0.15833854675293	-0.000789576093666	0.000789576093666	24.696928431331074
7075.73730468749999	0.173463821411133	-0.000655977404676	0.000655977404676	24.696928431331074
7075.77929687499999	0.188600540161133	-0.000503481947817	0.000503481947817	24.696928431331074
7075.82128906249999	0.203378677368164	-0.000334222568199	0.000334222568199	24.696928431331074
7075.86328124999999	0.218503952026367	-0.000135721289553	0.000135721289553	24.696928431331074
7075.95605468749999	0.233791351318359	9.345824219053611E-5	9.345824219053611E-5	24.696928431331074
7076.09179687499999	0.248805999755859	0.000380588346161	0.000380588346161	24.696928431331074
7076.13378906249999	0.263629913330078	0.000695608963724	0.000695608963724	24.696928431331074
7076.26855468749999	0.278596878051758	0.001127973198891	0.001127973198891	24.696928431331074
7076.31054687499999	0.293701171875	0.001642119139433	0.001642119139433	24.696928431331074
7076.35253906249999	0.309160232543945	0.002295549027622	0.002295549027622	24.696928431331074
7076.39453124999999	0.324274063110352	0.003065652213991	0.003065652213991	24.696928431331074
7076.43652343749999	0.339408874511719	0.003966769203544	0.003966769203544	24.696928431331074
7076.47851562499999	0.354181289672852	0.004964825697243	0.004964825697243	24.696928431331074
7076.52050781249999	0.369300842285156	0.006094015669078	0.006094015669078	24.696928431331074
7076.56249999999999	0.384414672851562	0.007319620344788	0.007319620344788	24.696928431331074
7076.60449218749999	0.399532318115234	0.008627288974822	0.008627288974822	24.696928431331074
7076.64648437499999	0.414318084716797	0.009974051266909	0.009974051266909	24.696928431331074
7076.73437499999999	0.42924690246582	0.01143704354763	0.01143704354763	24.696928431331074
7076.77636718749999	0.444337844848633	0.012918196618557	0.012918196618557	24.696928431331074
7076.81835937499999	0.45942497253418	0.014447890222073	0.014447890222073	24.696928431331074
7076.86035156249999	0.474552154541016	0.016018748283386	0.016018748283386	24.696928431331074
7076.90234374999999	0.489301681518555	0.017580844461918	0.017580844461918	24.696928431331074
7076.94433593749999	0.505098342895508	0.019283838570118	0.019283838570118	24.696928431331074
7076.98632812499999	0.519866943359375	0.020898729562759	0.020898729562759	24.696928431331074
7077.02832031249999	0.534954071044922	0.02257101982832	0.02257101982832	24.696928431331074
7077.07031249999999	0.550043106079102	0.02426128834486	0.02426128834486	24.696928431331074
7077.11230468749999	0.565156936645508	0.02596989274025	0.02596989274025	24.696928431331074
7077.15429687499999	0.579910278320312	0.027652971446514	0.027652971446514	24.696928431331074
7077.19628906249999	0.595014572143555	0.029388651251793	0.029388651251793	24.696928431331074
7077.23828124999999	0.610118865966797	0.03113566339016	0.03113566339016	24.696928431331074
7077.28027343749999	0.625215530395508	0.032891467213631	0.032891467213631	24.696928431331074
7077.32226562499999	0.639896392822266	0.03460868448019	0.03460868448019	24.696928431331074
7077.36425781249999	0.655006408691406	0.03638469427824	0.03638469427824	24.696928431331074
7077.40624999999999	0.670110702514648	0.038167469203472	0.038167469203472	24.696928431331074
7077.44824218749999	0.68522834777832	0.039957232773304	0.039957232773304	24.696928431331074
7077.49023437499999	0.699991226196289	0.041712038218975	0.041712038218975	24.696928431331074
7077.53222656249999	0.715774536132812	0.043593809008598	0.043593809008598	24.696928431331074
7077.57421874999999	0.730520248413086	0.045356757938862	0.045356757938862	24.696928431331074
7077.61621093749999	0.745628356933594	0.047169782221317	0.047169782221317	24.696928431331074
7077.65722656249999	0.76072883605957	0.048980958759785	0.048980958759785	24.696928431331074
7077.69921874999999	0.775842666625977	0.050800494849682	0.050800494849682	24.696928431331074
7077.74121093749999	0.790599822998047	0.052579887211323	0.052579887211323	24.696928431331074
7077.78320312499999	0.805694580078125	0.054404355585575	0.054404355585575	24.696928431331074
7077.82519531249999	0.820796966552734	0.056230090558529	0.056230090558529	24.696928431331074
7077.86718749999999	0.835903167724609	0.058061994612217	0.058061994612217	24.696928431331074
7077.90917968749999	0.851007461547852	0.059895277023315	0.059895277023315	24.696928431331074
7077.95117187499999	0.865787506103516	0.061689384281635	0.061689384281635	24.696928431331074
7077.99316406249999	0.880882263183594	0.063524425029755	0.063524425029755	24.696928431331074
7078.03515624999999	0.895978927612305	0.065364345908165	0.065364345908165	24.696928431331074
7078.07714843749999	0.911422729492187	0.06724464148283	0.06724464148283	24.696928431331074
7078.11914062499999	0.926517486572266	0.069083295762539	0.069083295762539	24.696928431331074
7078.16113281249999	0.941614151000977	0.070921801030636	0.070921801030636	24.696928431331074
7078.20312499999999	0.956388473510742	0.072724863886833	0.072724863886833	24.696928431331074
7078.24511718749999	0.97148323059082	0.074563980102539	0.074563980102539	24.696928431331074
7078.28710937499999	0.986574172973633	0.076404422521591	0.076404422521591	24.696928431331074
7078.32910156249999	1.00169563293457	0.078251652419567	0.078251652419567	24.696928431331074
7078.37109374999999	1.016454696655273	0.080056101083755	0.080056101083755	24.696928431331074
7078.41308593749999	1.031551361083984	0.081902526319027	0.081902526319027	24.696928431331074
7078.45507812499999	1.046663284301758	0.083752684295177	0.083752684295177	24.696928431331074
7078.49707031249999	1.061763763427734	0.085599362850189	0.085599362850189	24.696928431331074
7078.53906249999999	1.076505661010742	0.087403900921345	0.087403900921345	24.696928431331074
7078.58105468749999	1.091619491577148	0.08924975246191	0.08924975246191	24.696928431331074
7078.62207031249999	1.107065200805664	0.091132491827011	0.091132491827011	24.696928431331074
7078.66406249999999	1.122167587280273	0.092968232929707	0.092968232929707	24.696928431331074
7078.70605468749999	1.137277603149414	0.094813130795956	0.094813130795956	24.696928431331074
7078.74804687499999	1.152368545532227	0.096652306616306	0.096652306616306	24.696928431331074
7078.79003906249999	1.167469024658203	0.098488062620163	0.098488062620163	24.696928431331074
7078.83203124999999	1.179843902587891	0.099998839199543	0.099998839199543	24.696928431331074
7078.87499999999999	1.179813385009766	0.100002706050873	0.100002706050873	24.696928431331074
7078.91699218749999	1.179716110229492	0.100002713501453	0.100002713501453	24.696928431331074
7078.95898437499999	1.179622650146484	0.100002691149712	0.100002691149712	24.696928431331074
7079.00097656249999	1.179555892944336	0.100002683699131	0.100002683699131	24.696928431331074
7079.04394531249999	1.179523468017578	0.100002720952034	0.100002720952034	24.696928431331074
7079.08593749999999	1.179496765136719	0.100002706050873	0.100002706050873	24.696928431331074
7079.12792968749999	1.179372787475586	0.100002706050873	0.100002706050873	24.696928431331074
7079.16992187499999	1.17930793762207	0.100002691149712	0.100002691149712	24.696928431331074
7079.21289062499999	1.179262161254883	0.100002735853195	0.100002735853195	24.696928431331074
7079.25488281249999	1.179172515869141	0.100002735853195	0.100002735853195	24.696928431331074
7079.29687499999999	1.179136276245117	0.100002713501453	0.100002713501453	24.696928431331074
7079.33886718749999	1.179115295410156	0.100002735853195	0.100002735853195	24.696928431331074
7079.38085937499999	1.179059982299805	0.100002780556679	0.100002780556679	24.696928431331074
7079.42382812499999	1.178960800170898	0.100002758204937	0.100002758204937	24.696928431331074
7079.46582031249999	1.178913116455078	0.100002743303776	0.100002743303776	24.696928431331074
7079.50781249999999	1.178895950317383	0.100002758204937	0.100002758204937	24.696928431331074
7079.54980468749999	1.178901672363281	0.100002743303776	0.100002743303776	24.696928431331074
7079.59277343749999	1.17884635925293	0.100002758204937	0.100002758204937	24.696928431331074
7079.63476562499999	1.178829193115234	0.100002758204937	0.100002758204937	24.696928431331074
7079.67675781249999	1.178850173950195	0.100002735853195	0.100002735853195	24.696928431331074
7079.71874999999999	1.178794860839844	0.100002765655518	0.100002765655518	24.696928431331074
7079.76171874999999	1.178766250610352	0.100002758204937	0.100002758204937	24.696928431331074
7079.80371093749999	1.178735733032227	0.100002735853195	0.100002735853195	24.696928431331074
7079.84570312499999	1.178695678710937	0.100002758204937	0.100002758204937	24.696928431331074
7079.88769531249999	1.178653717041016	0.100002735853195	0.100002735853195	24.696928431331074
7079.93066406249999	1.178661346435547	0.100002728402615	0.100002728402615	24.696928431331074
7079.97265624999999	1.178634643554687	0.100002720952034	0.100002720952034	24.696928431331074
7080.01464843749999	1.178619384765625	0.100002713501453	0.100002713501453	24.696928431331074
7080.05664062499999	1.178607940673828	0.100002735853195	0.100002735853195	24.696928431331074
7080.09960937499999	1.178596496582031	0.10000267624855	0.10000267624855	24.696928431331074
7080.14160156249999	1.178564071655273	0.100002691149712	0.100002691149712	24.696928431331074
7080.18359374999999	1.178544998168945	0.100002713501453	0.100002713501453	24.696928431331074
7080.22558593749999	1.178520202636719	0.100002683699131	0.100002683699131	24.696928431331074
7080.26855468749999	1.178525924682617	0.100002735853195	0.100002735853195	24.696928431331074
7080.31054687499999	1.178478240966797	0.100002758204937	0.100002758204937	24.696928431331074
7080.35253906249999	1.178438186645508	0.100002758204937	0.100002758204937	24.696928431331074
7080.39453124999999	1.178424835205078	0.100002713501453	0.100002713501453	24.696928431331074
7080.43749999999999	1.178403854370117	0.100002750754356	0.100002750754356	24.696928431331074
7080.47949218749999	1.178394317626953	0.100002735853195	0.100002735853195	24.696928431331074
7080.52148437499999	1.178369522094727	0.100002758204937	0.100002758204937	24.696928431331074
7080.56347656249999	1.178350448608398	0.100002750754356	0.100002750754356	24.696928431331074
7080.60644531249999	1.178337097167969	0.100002765655518	0.100002765655518	24.696928431331074
7080.64843749999999	1.178308486938477	0.100002780556679	0.100002780556679	24.696928431331074
7080.69042968749999	1.178302764892578	0.100002743303776	0.100002743303776	24.696928431331074
7080.73242187499999	1.178285598754883	0.100002758204937	0.100002758204937	24.696928431331074
7080.77539062499999	1.178251266479492	0.100002788007259	0.100002788007259	24.696928431331074
7080.81738281249999	1.17822265625	0.100002780556679	0.100002780556679	24.696928431331074
7080.85937499999999	1.17822265625	0.100002713501453	0.100002713501453	24.696928431331074
7080.90136718749999	1.178205490112305	0.100002780556679	0.100002780556679	24.696928431331074
7080.94433593749999	1.178213119506836	0.100002773106098	0.100002773106098	24.696928431331074
7080.98632812499999	1.178195953369141	0.100002788007259	0.100002788007259	24.696928431331074
7081.02832031249999	1.178184509277344	0.100002802908421	0.100002802908421	24.696928431331074
7081.07031249999999	1.178188323974609	0.100002720952034	0.100002720952034	24.696928431331074
7081.11328124999999	1.178165435791016	0.100002743303776	0.100002743303776	24.696928431331074
7081.15527343749999	1.178121566772461	0.100002743303776	0.100002743303776	24.696928431331074
7081.19726562499999	1.178112030029297	0.100002713501453	0.100002713501453	24.696928431331074
7081.23925781249999	1.178096771240234	0.100002780556679	0.100002780556679	24.696928431331074
7081.28222656249999	1.178098678588867	0.100002713501453	0.100002713501453	24.696928431331074
7081.32421874999999	1.178071975708008	0.100002720952034	0.100002720952034	24.696928431331074
7081.36621093749999	1.178045272827148	0.100002735853195	0.100002735853195	24.696928431331074
7081.40820312499999	1.178066253662109	0.100002720952034	0.100002720952034	24.696928431331074
7081.45117187499999	1.178045272827148	0.100002720952034	0.100002720952034	24.696928431331074
7081.49316406249999	1.17803955078125	0.100002706050873	0.100002706050873	24.696928431331074
7081.53515624999999	1.178031921386719	0.100002713501453	0.100002713501453	24.696928431331074
7081.57714843749999	1.178012847900391	0.100002735853195	0.100002735853195	24.696928431331074
7081.62011718749999	1.17799186706543	0.100002698600292	0.100002698600292	24.696928431331074
7081.66210937499999	1.177967071533203	0.100002735853195	0.100002735853195	24.696928431331074
7081.70410156249999	1.177961349487305	0.100002735853195	0.100002735853195	24.696928431331074
7081.74609374999999	1.177968978881836	0.100002735853195	0.100002735853195	24.696928431331074
7081.78906249999999	1.17793083190918	0.100002735853195	0.100002735853195	24.696928431331074
7081.83105468749999	1.177915573120117	0.100002713501453	0.100002713501453	24.696928431331074
7081.87304687499999	1.177902221679687	0.100002713501453	0.100002713501453	24.696928431331074
7081.91503906249999	1.177894592285156	0.100002720952034	0.100002720952034	24.696928431331074
7081.95800781249999	1.177890777587891	0.100002743303776	0.100002743303776	24.696928431331074
7081.99999999999999	1.177846908569336	0.100002728402615	0.100002728402615	24.696928431331074
7082.04199218749999	1.177841186523437	0.100002743303776	0.100002743303776	24.696928431331074
7082.08398437499999	1.177833557128906	0.100002743303776	0.100002743303776	24.696928431331074
7082.12695312499999	1.177814483642578	0.100002691149712	0.100002691149712	24.696928431331074
7082.16894531249999	1.177806854248047	0.100002691149712	0.100002691149712	24.696928431331074
7082.21093749999999	1.177827835083008	0.100002706050873	0.100002706050873	24.696928431331074
7082.25292968749999	1.177822113037109	0.100002735853195	0.100002735853195	24.696928431331074
7082.29589843749999	1.177806854248047	0.100002706050873	0.100002706050873	24.696928431331074
7082.33789062499999	1.177806854248047	0.100002706050873	0.100002706050873	24.696928431331074
7082.37988281249999	1.177797317504883	0.100002691149712	0.100002691149712	24.696928431331074
7082.42187499999999	1.177806854248047	0.100002706050873	0.100002706050873	24.696928431331074
7082.46484374999999	1.177822113037109	0.100002706050873	0.100002706050873	24.696928431331074
7082.50683593749999	1.177812576293945	0.100002691149712	0.100002691149712	24.696928431331074
7082.54882812499999	1.177810668945312	0.100002735853195	0.100002735853195	24.696928431331074
7082.59082031249999	1.177787780761719	0.100002713501453	0.100002713501453	24.696928431331074
7082.63378906249999	1.177783966064453	0.100002691149712	0.100002691149712	24.696928431331074
7082.67578124999999	1.177780151367187	0.10000266879797	0.10000266879797	24.696928431331074
7082.71777343749999	1.177764892578125	0.10000267624855	0.10000267624855	24.696928431331074
7082.75976562499999	1.177753448486328	0.100002743303776	0.100002743303776	24.696928431331074
7082.80273437499999	1.17774772644043	0.100002728402615	0.100002728402615	24.696928431331074
7082.84472656249999	1.177764892578125	0.100002706050873	0.100002706050873	24.696928431331074
7082.88671874999999	1.177764892578125	0.100002720952034	0.100002720952034	24.696928431331074
7082.92871093749999	1.177759170532227	0.100002735853195	0.100002735853195	24.696928431331074
7082.97167968749999	1.177761077880859	0.100002735853195	0.100002735853195	24.696928431331074
7083.01367187499999	1.177736282348633	0.100002713501453	0.100002713501453	24.696928431331074
7083.05566406249999	1.177726745605469	0.100002735853195	0.100002735853195	24.696928431331074
7083.09765624999999	1.177722930908203	0.100002706050873	0.100002706050873	24.696928431331074
7083.14062499999999	1.177724838256836	0.100002713501453	0.100002713501453	24.696928431331074
7083.18261718749999	1.177703857421875	0.100002713501453	0.100002713501453	24.696928431331074
7083.22460937499999	1.177663803100586	0.100002706050873	0.100002706050873	24.696928431331074
7083.26660156249999	1.177652359008789	0.100002713501453	0.100002713501453	24.696928431331074
7083.30957031249999	1.177642822265625	0.100002683699131	0.100002683699131	24.696928431331074
7083.35156249999999	1.177642822265625	0.100002713501453	0.100002713501453	24.696928431331074
7083.39355468749999	1.177640914916992	0.10000266879797	0.10000266879797	24.696928431331074
7083.43554687499999	1.177621841430664	0.100002698600292	0.100002698600292	24.696928431331074
7083.47851562499999	1.177606582641602	0.100002728402615	0.100002728402615	24.696928431331074
7083.52050781249999	1.177602767944336	0.100002735853195	0.100002735853195	24.696928431331074
7083.56249999999999	1.177576065063477	0.100002720952034	0.100002720952034	24.696928431331074
7083.60449218749999	1.177570343017578	0.100002728402615	0.100002728402615	24.696928431331074
7083.64746093749999	1.177545547485352	0.100002750754356	0.100002750754356	24.696928431331074
7083.68945312499999	1.177520751953125	0.100002691149712	0.100002691149712	24.696928431331074
7083.73144531249999	1.177522659301758	0.100002743303776	0.100002743303776	24.696928431331074
7083.77343749999999	1.177516937255859	0.100002691149712	0.100002691149712	24.696928431331074
7083.81640624999999	1.177513122558594	0.100002735853195	0.100002735853195	24.696928431331074
7083.85839843749999	1.177509307861328	0.100002706050873	0.100002706050873	24.696928431331074
7083.90039062499999	1.177490234375	0.100002706050873	0.100002706050873	24.696928431331074
7083.94335937499999	1.177515029907227	0.100002720952034	0.100002720952034	24.696928431331074
