[INFO]
Keithley 2400
Meas Time: 2021/1/19 15:51:40
Params: GPIB address = GPIB0::21::INSTR; DataFile = D:\工艺实验\邹维; Compliance  Level (0.1) = 0.100000000000000; Number of Points (5) = 400; Minimum Amplitude (1) = -4.000000000000000; Maximum Amplitude (2) = 4.000000000000000; Timeout (100000 ms) = 100000; Source Mode  (0: Voltage) = 0; 4-wire? = FALSE; delay(S) = 0.000000000000000; Start = ; 

[COMMENT]


[DATA]
time (s)	Voltage (V)	Current (A)	absCurrent (A)	Fitting Resistance (Ohms)

10200.8203125	-4.002033233642578	-0.000229681259952	0.000229681259952	32.222185450695484
10200.8623046875	-3.982131958007812	-0.000229786732234	0.000229786732234	32.222185450695484
10200.904296875	-3.961868286132812	-0.000229748548009	0.000229748548009	32.222185450695484
10200.9462890625	-3.941974639892578	-0.000229693250731	0.000229693250731	32.222185450695484
10200.98828125	-3.921735763549805	-0.000229655997828	0.000229655997828	32.222185450695484
10201.0302734375	-3.901466369628906	-0.00022958824411	0.00022958824411	32.222185450695484
10201.072265625	-3.8812255859375	-0.000229505123571	0.000229505123571	32.222185450695484
10201.1142578125	-3.861331939697266	-0.000229381839745	0.000229381839745	32.222185450695484
10201.15625	-3.841442108154297	-0.000229260302149	0.000229260302149	32.222185450695484
10201.1982421875	-3.821184158325195	-0.000229168916121	0.000229168916121	32.222185450695484
10201.240234375	-3.801277160644531	-0.000229068449698	0.000229068449698	32.222185450695484
10201.2822265625	-3.781366348266602	-0.000228914315812	0.000228914315812	32.222185450695484
10201.32421875	-3.761125564575195	-0.000228746095672	0.000228746095672	32.222185450695484
10201.3662109375	-3.7412109375	-0.000228634453379	0.000228634453379	32.222185450695484
10201.408203125	-3.720966339111328	-0.000228499528021	0.000228499528021	32.222185450695484
10201.4501953125	-3.700717926025391	-0.000228333170526	0.000228333170526	32.222185450695484
10201.4921875	-3.680482864379883	-0.000228148768656	0.000228148768656	32.222185450695484
10201.5341796875	-3.660575866699219	-0.000227994518355	0.000227994518355	32.222185450695484
10201.576171875	-3.640665054321289	-0.00022785377223	0.00022785377223	32.222185450695484
10201.6181640625	-3.620420455932617	-0.000227701384574	0.000227701384574	32.222185450695484
10201.66015625	-3.600517272949219	-0.000227515003644	0.000227515003644	32.222185450695484
10201.7021484375	-3.580619812011719	-0.000227322801948	0.000227322801948	32.222185450695484
10201.744140625	-3.560358047485352	-0.000227167620324	0.000227167620324	32.222185450695484
10201.7861328125	-3.540464401245117	-0.00022700545378	0.00022700545378	32.222185450695484
10201.828125	-3.520212173461914	-0.000226811040193	0.000226811040193	32.222185450695484
10201.8701171875	-3.499975204467773	-0.000226600212045	0.000226600212045	32.222185450695484
10201.912109375	-3.479726791381836	-0.000226412783377	0.000226412783377	32.222185450695484
10201.9541015625	-3.459812164306641	-0.00022624747362	0.00022624747362	32.222185450695484
10201.99609375	-3.439899444580078	-0.000226045958698	0.000226045958698	32.222185450695484
10202.0380859375	-3.419723510742187	-0.000225843279622	0.000225843279622	32.222185450695484
10202.080078125	-3.399831771850586	-0.000225610448979	0.000225610448979	32.222185450695484
10202.1220703125	-3.379570007324219	-0.000225447118282	0.000225447118282	32.222185450695484
10202.1640625	-3.359668731689453	-0.000225260737352	0.000225260737352	32.222185450695484
10202.2060546875	-3.339773178100586	-0.000225025345571	0.000225025345571	32.222185450695484
10202.248046875	-3.319534301757812	-0.000224783434533	0.000224783434533	32.222185450695484
10202.2900390625	-3.299272537231445	-0.000224579474889	0.000224579474889	32.222185450695484
10202.33203125	-3.279029846191406	-0.000224394141696	0.000224394141696	32.222185450695484
10202.3740234375	-3.259117126464844	-0.00022416212596	0.00022416212596	32.222185450695484
10202.416015625	-3.239223480224609	-0.000223930925131	0.000223930925131	32.222185450695484
10202.4580078125	-3.218975067138672	-0.000223692855798	0.000223692855798	32.222185450695484
10202.5	-3.199054718017578	-0.000223479350097	0.000223479350097	32.222185450695484
10202.5419921875	-3.178812026977539	-0.000223276903853	0.000223276903853	32.222185450695484
10202.583984375	-3.15892219543457	-0.000223006703891	0.000223006703891	32.222185450695484
10202.6259765625	-3.139032363891602	-0.000222761998884	0.000222761998884	32.222185450695484
10202.66796875	-3.118766784667969	-0.000222531380132	0.000222531380132	32.222185450695484
10202.7099609375	-3.098522186279297	-0.00022231193725	0.00022231193725	32.222185450695484
10202.751953125	-3.078268051147461	-0.000222064438276	0.000222064438276	32.222185450695484
10202.7939453125	-3.058370590209961	-0.000221782131121	0.000221782131121	32.222185450695484
10202.8359375	-3.038459777832031	-0.000221538124606	0.000221538124606	32.222185450695484
10202.8779296875	-3.018211364746094	-0.000221310649067	0.000221310649067	32.222185450695484
10202.919921875	-2.998317718505859	-0.000221039517783	0.000221039517783	32.222185450695484
10202.9619140625	-2.978076934814453	-0.000220766291022	0.000220766291022	32.222185450695484
10203.00390625	-2.958175659179687	-0.000220485264435	0.000220485264435	32.222185450695484
10203.0458984375	-2.938262939453125	-0.000220234971493	0.000220234971493	32.222185450695484
10203.087890625	-2.918022155761719	-0.000219970825128	0.000219970825128	32.222185450695484
10203.1298828125	-2.897762298583984	-0.000219690962695	0.000219690962695	32.222185450695484
10203.171875	-2.877521514892578	-0.000219382694922	0.000219382694922	32.222185450695484
10203.2138671875	-2.857610702514648	-0.000219120876864	0.000219120876864	32.222185450695484
10203.255859375	-2.837362289428711	-0.000218857661821	0.000218857661821	32.222185450695484
10203.2978515625	-2.817455291748047	-0.000218572677113	0.000218572677113	32.222185450695484
10203.33984375	-2.797552108764648	-0.000218265689909	0.000218265689909	32.222185450695484
10203.3818359375	-2.777313232421875	-0.00021794741042	0.00021794741042	32.222185450695484
10203.423828125	-2.757392883300781	-0.000217676511966	0.000217676511966	32.222185450695484
10203.4658203125	-2.737489700317383	-0.000217402586713	0.000217402586713	32.222185450695484
10203.5078125	-2.717241287231445	-0.000217085005715	0.000217085005715	32.222185450695484
10203.5498046875	-2.697059631347656	-0.000216747634113	0.000216747634113	32.222185450695484
10203.591796875	-2.676855087280273	-0.000216468353756	0.000216468353756	32.222185450695484
10203.6337890625	-2.657001495361328	-0.000216176966205	0.000216176966205	32.222185450695484
10203.67578125	-2.636814117431641	-0.000215865671635	0.000215865671635	32.222185450695484
10203.716796875	-2.616968154907227	-0.000215524341911	0.000215524341911	32.222185450695484
10203.7587890625	-2.597097396850586	-0.000215210951865	0.000215210951865	32.222185450695484
10203.80078125	-2.576902389526367	-0.000214907457121	0.000214907457121	32.222185450695484
10203.8427734375	-2.557031631469727	-0.000214587547816	0.000214587547816	32.222185450695484
10203.884765625	-2.537189483642578	-0.000214247615077	0.000214247615077	32.222185450695484
10203.9267578125	-2.516984939575195	-0.000213881954551	0.000213881954551	32.222185450695484
10203.96875	-2.496786117553711	-0.000213564140722	0.000213564140722	32.222185450695484
10204.0107421875	-2.476581573486328	-0.000213243300095	0.000213243300095	32.222185450695484
10204.052734375	-2.456735610961914	-0.000212884508073	0.000212884508073	32.222185450695484
10204.0947265625	-2.436555862426758	-0.00021250883583	0.00021250883583	32.222185450695484
10204.13671875	-2.416677474975586	-0.000212183222175	0.000212183222175	32.222185450695484
10204.1787109375	-2.396820068359375	-0.000211848062463	0.000211848062463	32.222185450695484
10204.220703125	-2.376625061035156	-0.000211488688365	0.000211488688365	32.222185450695484
10204.2626953125	-2.356779098510742	-0.000211106264032	0.000211106264032	32.222185450695484
10204.3046875	-2.336919784545898	-0.000210725702345	0.000210725702345	32.222185450695484
10204.3466796875	-2.316713333129883	-0.00021037098486	0.00021037098486	32.222185450695484
10204.388671875	-2.296169281005859	-0.000210005091503	0.000210005091503	32.222185450695484
10204.4306640625	-2.276332855224609	-0.00020961696282	0.00020961696282	32.222185450695484
10204.47265625	-2.256477355957031	-0.000209214398637	0.000209214398637	32.222185450695484
10204.5146484375	-2.236263275146484	-0.000208830693737	0.000208830693737	32.222185450695484
10204.556640625	-2.216419219970703	-0.000208463869058	0.000208463869058	32.222185450695484
10204.5986328125	-2.196559906005859	-0.000208074343391	0.000208074343391	32.222185450695484
10204.640625	-2.176370620727539	-0.000207652687095	0.000207652687095	32.222185450695484
10204.6826171875	-2.156505584716797	-0.000207245466299	0.000207245466299	32.222185450695484
10204.724609375	-2.136638641357422	-0.000206850003451	0.000206850003451	32.222185450695484
10204.7666015625	-2.116451263427734	-0.00020644441247	0.00020644441247	32.222185450695484
10204.80859375	-2.095911026000977	-0.000206018332392	0.000206018332392	32.222185450695484
10204.8505859375	-2.076061248779297	-0.000205578282475	0.000205578282475	32.222185450695484
10204.892578125	-2.056182861328125	-0.000205155462027	0.000205155462027	32.222185450695484
10204.9345703125	-2.035980224609375	-0.000204737647437	0.000204737647437	32.222185450695484
10204.9765625	-2.016191482543945	-0.000204304116778	0.000204304116778	32.222185450695484
10205.0185546875	-1.996343612670898	-0.000203855452128	0.000203855452128	32.222185450695484
10205.060546875	-1.976131439208984	-0.000203380128369	0.000203380128369	32.222185450695484
10205.1025390625	-1.956287384033203	-0.000202959519811	0.000202959519811	32.222185450695484
10205.14453125	-1.936441421508789	-0.000202523428015	0.000202523428015	32.222185450695484
10205.1865234375	-1.916254043579102	-0.000202043447644	0.000202043447644	32.222185450695484
10205.228515625	-1.895700454711914	-0.000201556831598	0.000201556831598	32.222185450695484
10205.2705078125	-1.875844955444336	-0.000201088027097	0.000201088027097	32.222185450695484
10205.3125	-1.855979919433594	-0.000200632843189	0.000200632843189	32.222185450695484
10205.3544921875	-1.835784912109375	-0.000200154376216	0.000200154376216	32.222185450695484
10205.396484375	-1.815923690795898	-0.00019965309184	0.00019965309184	32.222185450695484
10205.4384765625	-1.796056747436523	-0.000199157278985	0.000199157278985	32.222185450695484
10205.48046875	-1.775859832763672	-0.000198666006327	0.000198666006327	32.222185450695484
10205.5224609375	-1.756013870239258	-0.000198189401999	0.000198189401999	32.222185450695484
10205.564453125	-1.736171722412109	-0.000197666930035	0.000197666930035	32.222185450695484
10205.6064453125	-1.715938568115234	-0.000197132001631	0.000197132001631	32.222185450695484
10205.6484375	-1.695413589477539	-0.000196600682102	0.000196600682102	32.222185450695484
10205.6904296875	-1.675546646118164	-0.000196097767912	0.000196097767912	32.222185450695484
10205.732421875	-1.655696868896484	-0.000195582979359	0.000195582979359	32.222185450695484
10205.7744140625	-1.635490417480469	-0.000195011729375	0.000195011729375	32.222185450695484
10205.8154296875	-1.615636825561523	-0.00019446585793	0.00019446585793	32.222185450695484
10205.857421875	-1.595771789550781	-0.000193940708414	0.000193940708414	32.222185450695484
10205.8994140625	-1.575593948364258	-0.000193396117538	0.000193396117538	32.222185450695484
10205.94140625	-1.555740356445312	-0.000192822772078	0.000192822772078	32.222185450695484
10205.9833984375	-1.535863876342773	-0.000192251172848	0.000192251172848	32.222185450695484
10206.025390625	-1.51567268371582	-0.000191665720195	0.000191665720195	32.222185450695484
10206.0673828125	-1.495132446289062	-0.000191093422472	0.000191093422472	32.222185450695484
10206.109375	-1.475278854370117	-0.0001905009849	0.0001905009849	32.222185450695484
10206.1513671875	-1.455400466918945	-0.000189891085029	0.000189891085029	32.222185450695484
10206.193359375	-1.435188293457031	-0.000189272337593	0.000189272337593	32.222185450695484
10206.2353515625	-1.415363311767578	-0.000188694219105	0.000188694219105	32.222185450695484
10206.27734375	-1.395502090454102	-0.000188090954907	0.000188090954907	32.222185450695484
10206.3193359375	-1.375307083129883	-0.000187450321391	0.000187450321391	32.222185450695484
10206.361328125	-1.355436325073242	-0.00018679862842	0.00018679862842	32.222185450695484
10206.4033203125	-1.335573196411133	-0.000186194898561	0.000186194898561	32.222185450695484
10206.4453125	-1.315332412719727	-0.000185543787666	0.000185543787666	32.222185450695484
10206.4873046875	-1.294754028320312	-0.000184866366908	0.000184866366908	32.222185450695484
10206.529296875	-1.274837493896484	-0.000184195581824	0.000184195581824	32.222185450695484
10206.5712890625	-1.254951477050781	-0.00018352328334	0.00018352328334	32.222185450695484
10206.61328125	-1.234704971313477	-0.000182852731086	0.000182852731086	32.222185450695484
10206.6552734375	-1.214805603027344	-0.000182174844667	0.000182174844667	32.222185450695484
10206.697265625	-1.194892883300781	-0.000181482173502	0.000181482173502	32.222185450695484
10206.7392578125	-1.174642562866211	-0.000180744100362	0.000180744100362	32.222185450695484
10206.78125	-1.154729843139648	-0.000180054805242	0.000180054805242	32.222185450695484
10206.8232421875	-1.134836196899414	-0.00017935060896	0.00017935060896	32.222185450695484
10206.865234375	-1.114591598510742	-0.000178618473001	0.000178618473001	32.222185450695484
10206.9072265625	-1.093988418579102	-0.000177835230716	0.000177835230716	32.222185450695484
10206.94921875	-1.074090957641602	-0.000177079346031	0.000177079346031	32.222185450695484
10206.9912109375	-1.054203033447266	-0.000176345114596	0.000176345114596	32.222185450695484
10207.033203125	-1.033958435058594	-0.000175569206476	0.000175569206476	32.222185450695484
10207.0751953125	-1.014036178588867	-0.000174795626663	0.000174795626663	32.222185450695484
10207.1171875	-0.994138717651367	-0.000173990847543	0.000173990847543	32.222185450695484
10207.1591796875	-0.973884582519531	-0.000173200271092	0.000173200271092	32.222185450695484
10207.201171875	-0.953994750976562	-0.000172407133505	0.000172407133505	32.222185450695484
10207.2431640625	-0.933738708496094	-0.000171579536982	0.000171579536982	32.222185450695484
10207.28515625	-0.913837432861328	-0.000170730403624	0.000170730403624	32.222185450695484
10207.3271484375	-0.893238067626953	-0.000169860897586	0.000169860897586	32.222185450695484
10207.369140625	-0.873346328735352	-0.000169030972756	0.000169030972756	32.222185450695484
10207.4111328125	-0.853458404541016	-0.000168188591488	0.000168188591488	32.222185450695484
10207.453125	-0.833194732666016	-0.000167287886143	0.000167287886143	32.222185450695484
10207.4951171875	-0.813297271728516	-0.000166383804753	0.000166383804753	32.222185450695484
10207.537109375	-0.793388366699219	-0.000165501609445	0.000165501609445	32.222185450695484
10207.5791015625	-0.773149490356445	-0.00016459019389	0.00016459019389	32.222185450695484
10207.62109375	-0.753229141235352	-0.000163679360412	0.000163679360412	32.222185450695484
10207.6630859375	-0.73298454284668	-0.000162706710398	0.000162706710398	32.222185450695484
10207.705078125	-0.713077545166016	-0.000161746982485	0.000161746982485	32.222185450695484
10207.7470703125	-0.692481994628906	-0.000160783762112	0.000160783762112	32.222185450695484
10207.7890625	-0.672588348388672	-0.000159811112098	0.000159811112098	32.222185450695484
10207.8310546875	-0.652667999267578	-0.000158810056746	0.000158810056746	32.222185450695484
10207.873046875	-0.632406234741211	-0.000157761736773	0.000157761736773	32.222185450695484
10207.9150390625	-0.612586975097656	-0.000156758120283	0.000156758120283	32.222185450695484
10207.95703125	-0.592685699462891	-0.000155742513016	0.000155742513016	32.222185450695484
10207.9990234375	-0.572437286376953	-0.000154674169607	0.000154674169607	32.222185450695484
10208.041015625	-0.552532196044922	-0.000153585337102	0.000153585337102	32.222185450695484
10208.0830078125	-0.53228759765625	-0.000152473454364	0.000152473454364	32.222185450695484
10208.125	-0.512393951416016	-0.000151385902427	0.000151385902427	32.222185450695484
10208.1669921875	-0.491794586181641	-0.000150241539814	0.000150241539814	32.222185450695484
10208.208984375	-0.471889495849609	-0.00014908821322	0.00014908821322	32.222185450695484
10208.25	-0.45196533203125	-0.000147919170558	0.000147919170558	32.222185450695484
10208.2919921875	-0.431737899780273	-0.000146728940308	0.000146728940308	32.222185450695484
10208.333984375	-0.411832809448242	-0.000145550468005	0.000145550468005	32.222185450695484
10208.3759765625	-0.391571044921875	-0.000144310295582	0.000144310295582	32.222185450695484
10208.41796875	-0.371669769287109	-0.000143058947287	0.000143058947287	32.222185450695484
10208.4599609375	-0.351781845092773	-0.000141781754792	0.000141781754792	32.222185450695484
10208.501953125	-0.331537246704102	-0.00014049501624	0.00014049501624	32.222185450695484
10208.5439453125	-0.311620712280273	-0.000139195006341	0.000139195006341	32.222185450695484
10208.5859375	-0.291032791137695	-0.000137814320624	0.000137814320624	32.222185450695484
10208.6279296875	-0.271125793457031	-0.000136434216984	0.000136434216984	32.222185450695484
10208.669921875	-0.251228332519531	-0.000135062960908	0.000135062960908	32.222185450695484
10208.7119140625	-0.230976104736328	-0.000133634428494	0.000133634428494	32.222185450695484
10208.75390625	-0.211053848266602	-0.000132204615511	0.000132204615511	32.222185450695484
10208.7958984375	-0.190805435180664	-0.000130687607452	0.000130687607452	32.222185450695484
10208.837890625	-0.170917510986328	-0.000129187013954	0.000129187013954	32.222185450695484
10208.8798828125	-0.151027679443359	-0.000127682462335	0.000127682462335	32.222185450695484
10208.921875	-0.130762100219727	-0.000126093043946	0.000126093043946	32.222185450695484
10208.9638671875	-0.110864639282227	-0.00012448488269	0.00012448488269	32.222185450695484
10209.005859375	-0.090263366699219	-0.0001227830071	0.0001227830071	32.222185450695484
10209.0478515625	-0.07037353515625	-0.000121124554425	0.000121124554425	32.222185450695484
10209.08984375	-0.050457000732422	-0.00011941336561	0.00011941336561	32.222185450695484
10209.1318359375	-0.030208587646484	-0.000117633724585	0.000117633724585	32.222185450695484
10209.173828125	-0.010311126708984	-0.000115814968012	0.000115814968012	32.222185450695484
10209.2158203125	0.010211944580078	-0.000113889458589	0.000113889458589	32.222185450695484
10209.2578125	0.030448913574219	-0.000111946137622	0.000111946137622	32.222185450695484
10209.2998046875	0.050359725952148	-0.000109944376163	0.000109944376163	32.222185450695484
10209.341796875	0.070270538330078	-0.00010777823627	0.00010777823627	32.222185450695484
10209.3837890625	0.090511322021484	-0.000105331768282	0.000105331768282	32.222185450695484
10209.42578125	0.110755920410156	-0.000102431164123	0.000102431164123	32.222185450695484
10209.51953125	0.13084602355957	-9.862467413768172E-5	9.862467413768172E-5	32.222185450695484
10209.5615234375	0.150747299194336	-9.308854350820184E-5	9.308854350820184E-5	32.222185450695484
10209.603515625	0.170680999755859	-8.380856888834387E-5	8.380856888834387E-5	32.222185450695484
10209.6455078125	0.190958023071289	-6.655900506302714E-5	6.655900506302714E-5	32.222185450695484
10209.6865234375	0.210922241210937	-3.422898589633405E-5	3.422898589633405E-5	32.222185450695484
10209.728515625	0.231300354003906	2.645041240612045E-5	2.645041240612045E-5	32.222185450695484
10209.8642578125	0.251174926757812	0.000160958734341	0.000160958734341	32.222185450695484
10209.90625	0.271112442016602	0.000386777392123	0.000386777392123	32.222185450695484
10209.9482421875	0.291431427001953	0.000775840133429	0.000775840133429	32.222185450695484
10210.0830078125	0.311544418334961	0.001401614397764	0.001401614397764	32.222185450695484
10210.125	0.331825256347656	0.002223242074251	0.002223242074251	32.222185450695484
10210.1669921875	0.351757049560547	0.003233692608774	0.003233692608774	32.222185450695484
10210.208984375	0.371650695800781	0.0044080382213	0.0044080382213	32.222185450695484
10210.2509765625	0.391935348510742	0.005741003900766	0.005741003900766	32.222185450695484
10210.29296875	0.411865234375	0.007157636806369	0.007157636806369	32.222185450695484
10210.3349609375	0.432153701782227	0.00868512224406	0.00868512224406	32.222185450695484
10210.376953125	0.452081680297852	0.010252837091684	0.010252837091684	32.222185450695484
10210.46484375	0.471796035766602	0.011899217963219	0.011899217963219	32.222185450695484
10210.5068359375	0.492040634155273	0.013588517904282	0.013588517904282	32.222185450695484
10210.548828125	0.512311935424805	0.015320010483265	0.015320010483265	32.222185450695484
10210.5908203125	0.53254508972168	0.017081953585148	0.017081953585148	32.222185450695484
10210.6328125	0.552438735961914	0.018837168812752	0.018837168812752	32.222185450695484
10210.6748046875	0.572341918945312	0.020615167915821	0.020615167915821	32.222185450695484
10210.716796875	0.592599868774414	0.022442281246185	0.022442281246185	32.222185450695484
10210.7587890625	0.612508773803711	0.024251513183117	0.024251513183117	32.222185450695484
10210.80078125	0.632745742797852	0.026105232536793	0.026105232536793	32.222185450695484
10210.8427734375	0.652593612670898	0.027934156358242	0.027934156358242	32.222185450695484
10210.884765625	0.672510147094727	0.029777035117149	0.029777035117149	32.222185450695484
10210.9267578125	0.692771911621094	0.031660608947277	0.031660608947277	32.222185450695484
10210.96875	0.713018417358398	0.033549778163433	0.033549778163433	32.222185450695484
10211.0107421875	0.733247756958008	0.03544208407402	0.03544208407402	32.222185450695484
10211.052734375	0.753158569335937	0.037310771644115	0.037310771644115	32.222185450695484
10211.0947265625	0.773080825805664	0.039183147251606	0.039183147251606	32.222185450695484
10211.13671875	0.793312072753906	0.041088059544563	0.041088059544563	32.222185450695484
10211.1787109375	0.813217163085937	0.042963825166225	0.042963825166225	32.222185450695484
10211.220703125	0.8331298828125	0.044843517243862	0.044843517243862	32.222185450695484
10211.2626953125	0.853384017944336	0.046757996082306	0.046757996082306	32.222185450695484
10211.3046875	0.87330436706543	0.048640921711922	0.048640921711922	32.222185450695484
10211.3466796875	0.893558502197266	0.050553053617477	0.050553053617477	32.222185450695484
10211.388671875	0.913797378540039	0.052462838590145	0.052462838590145	32.222185450695484
10211.4306640625	0.934041976928711	0.054376527667046	0.054376527667046	32.222185450695484
10211.4716796875	0.95396614074707	0.056255362927914	0.056255362927914	32.222185450695484
10211.513671875	0.973850250244141	0.058129161596298	0.058129161596298	32.222185450695484
10211.5556640625	0.994104385375977	0.060034230351448	0.060034230351448	32.222185450695484
10211.59765625	1.014015197753906	0.061905905604362	0.061905905604362	32.222185450695484
10211.6396484375	1.033945083618164	0.063777223229408	0.063777223229408	32.222185450695484
10211.681640625	1.054180145263672	0.065671265125275	0.065671265125275	32.222185450695484
10211.7236328125	1.074058532714844	0.067524127662182	0.067524127662182	32.222185450695484
10211.765625	1.094327926635742	0.069422915577888	0.069422915577888	32.222185450695484
10211.8076171875	1.114572525024414	0.071316286921501	0.071316286921501	32.222185450695484
10211.849609375	1.134841918945312	0.073203317821026	0.073203317821026	32.222185450695484
10211.8916015625	1.154739379882812	0.075051374733448	0.075051374733448	32.222185450695484
10211.93359375	1.174655914306641	0.076899409294128	0.076899409294128	32.222185450695484
10211.9755859375	1.194904327392578	0.078763008117676	0.078763008117676	32.222185450695484
10212.017578125	1.214817047119141	0.080590292811394	0.080590292811394	32.222185450695484
10212.0595703125	1.234720230102539	0.082418747246265	0.082418747246265	32.222185450695484
10212.1015625	1.254953384399414	0.08426982909441	0.08426982909441	32.222185450695484
10212.1435546875	1.274856567382812	0.086081117391586	0.086081117391586	32.222185450695484
10212.185546875	1.295112609863281	0.087924361228943	0.087924361228943	32.222185450695484
10212.2275390625	1.315361022949219	0.08974489569664	0.08974489569664	32.222185450695484
10212.26953125	1.335609436035156	0.091569565236568	0.091569565236568	32.222185450695484
10212.3115234375	1.355485916137695	0.093348652124405	0.093348652124405	32.222185450695484
10212.353515625	1.375354766845703	0.095121577382088	0.095121577382088	32.222185450695484
10212.3955078125	1.395565032958984	0.096917524933815	0.096917524933815	32.222185450695484
10212.4375	1.415422439575195	0.098659813404083	0.098659813404083	32.222185450695484
10212.478515625	1.430402755737305	0.100001193583012	0.100001193583012	32.222185450695484
10212.521484375	1.430095672607422	0.100002862513065	0.100002862513065	32.222185450695484
10212.5634765625	1.429986953735352	0.100002892315388	0.100002892315388	32.222185450695484
10212.60546875	1.429904937744141	0.100002884864807	0.100002884864807	32.222185450695484
10212.6474609375	1.429861068725586	0.100002899765968	0.100002899765968	32.222185450695484
10212.6904296875	1.429737091064453	0.100002907216549	0.100002907216549	32.222185450695484
10212.732421875	1.429628372192383	0.100002899765968	0.100002899765968	32.222185450695484
10212.7744140625	1.429533004760742	0.100002907216549	0.100002907216549	32.222185450695484
10212.81640625	1.429454803466797	0.100002877414227	0.100002877414227	32.222185450695484
10212.859375	1.429353713989258	0.100002877414227	0.100002877414227	32.222185450695484
10212.9013671875	1.4293212890625	0.100002877414227	0.100002877414227	32.222185450695484
10212.943359375	1.429277420043945	0.100002892315388	0.100002892315388	32.222185450695484
10212.9853515625	1.429182052612305	0.10000292211771	0.10000292211771	32.222185450695484
10213.0283203125	1.429126739501953	0.10000292211771	0.10000292211771	32.222185450695484
10213.0703125	1.429096221923828	0.10000291466713	0.10000291466713	32.222185450695484
10213.1123046875	1.429027557373047	0.10000291466713	0.10000291466713	32.222185450695484
10213.154296875	1.428979873657227	0.100002907216549	0.100002907216549	32.222185450695484
10213.197265625	1.428949356079102	0.10000291466713	0.10000291466713	32.222185450695484
10213.2392578125	1.428888320922852	0.100002929568291	0.100002929568291	32.222185450695484
10213.28125	1.428855895996094	0.100002907216549	0.100002907216549	32.222185450695484
10213.3232421875	1.428834915161133	0.100002892315388	0.100002892315388	32.222185450695484
10213.3662109375	1.428806304931641	0.100002944469452	0.100002944469452	32.222185450695484
10213.408203125	1.428792953491211	0.10000291466713	0.10000291466713	32.222185450695484
10213.4501953125	1.428764343261719	0.10000291466713	0.10000291466713	32.222185450695484
10213.4921875	1.42872428894043	0.100002929568291	0.100002929568291	32.222185450695484
10213.53515625	1.428680419921875	0.10000291466713	0.10000291466713	32.222185450695484
10213.5771484375	1.428615570068359	0.100002907216549	0.100002907216549	32.222185450695484
10213.619140625	1.428581237792969	0.100002869963646	0.100002869963646	32.222185450695484
10213.6611328125	1.428537368774414	0.100002869963646	0.100002869963646	32.222185450695484
10213.7041015625	1.428493499755859	0.100002884864807	0.100002884864807	32.222185450695484
10213.74609375	1.428476333618164	0.100002892315388	0.100002892315388	32.222185450695484
10213.7880859375	1.42845344543457	0.100002862513065	0.100002862513065	32.222185450695484
10213.8310546875	1.428400039672852	0.100002899765968	0.100002899765968	32.222185450695484
10213.873046875	1.428333282470703	0.100002884864807	0.100002884864807	32.222185450695484
10213.9150390625	1.428350448608398	0.10000292211771	0.10000292211771	32.222185450695484
10213.95703125	1.428333282470703	0.100002877414227	0.100002877414227	32.222185450695484
10213.9990234375	1.428285598754883	0.100002862513065	0.100002862513065	32.222185450695484
10214.0419921875	1.428224563598633	0.100002877414227	0.100002877414227	32.222185450695484
10214.083984375	1.42816162109375	0.100002840161324	0.100002840161324	32.222185450695484
10214.1259765625	1.428112030029297	0.100002869963646	0.100002869963646	32.222185450695484
10214.16796875	1.428068161010742	0.100002862513065	0.100002862513065	32.222185450695484
10214.2109375	1.428028106689453	0.100002862513065	0.100002862513065	32.222185450695484
10214.2529296875	1.427993774414062	0.100002862513065	0.100002862513065	32.222185450695484
10214.294921875	1.427940368652344	0.100002884864807	0.100002884864807	32.222185450695484
10214.3369140625	1.427894592285156	0.100002877414227	0.100002877414227	32.222185450695484
10214.3798828125	1.4278564453125	0.100002847611904	0.100002847611904	32.222185450695484
10214.421875	1.427850723266602	0.100002825260162	0.100002825260162	32.222185450695484
10214.4638671875	1.427804946899414	0.100002847611904	0.100002847611904	32.222185450695484
10214.505859375	1.427772521972656	0.100002847611904	0.100002847611904	32.222185450695484
10214.548828125	1.427732467651367	0.100002832710743	0.100002832710743	32.222185450695484
10214.5908203125	1.427665710449219	0.100002847611904	0.100002847611904	32.222185450695484
10214.6328125	1.427648544311523	0.100002892315388	0.100002892315388	32.222185450695484
10214.6748046875	1.427621841430664	0.100002862513065	0.100002862513065	32.222185450695484
10214.7177734375	1.427591323852539	0.100002877414227	0.100002877414227	32.222185450695484
10214.759765625	1.427545547485352	0.100002847611904	0.100002847611904	32.222185450695484
10214.8017578125	1.427507400512695	0.100002862513065	0.100002862513065	32.222185450695484
10214.84375	1.427505493164062	0.100002892315388	0.100002892315388	32.222185450695484
10214.88671875	1.427469253540039	0.100002869963646	0.100002869963646	32.222185450695484
10214.9287109375	1.427419662475586	0.100002862513065	0.100002862513065	32.222185450695484
10214.970703125	1.427385330200195	0.100002840161324	0.100002840161324	32.222185450695484
10215.0126953125	1.427314758300781	0.100002877414227	0.100002877414227	32.222185450695484
10215.0556640625	1.427310943603516	0.100002869963646	0.100002869963646	32.222185450695484
10215.09765625	1.427263259887695	0.100002840161324	0.100002840161324	32.222185450695484
10215.1396484375	1.427223205566406	0.100002877414227	0.100002877414227	32.222185450695484
10215.181640625	1.427139282226562	0.100002862513065	0.100002862513065	32.222185450695484
10215.224609375	1.427112579345703	0.100002877414227	0.100002877414227	32.222185450695484
10215.2666015625	1.427070617675781	0.100002884864807	0.100002884864807	32.222185450695484
10215.30859375	1.427053451538086	0.100002862513065	0.100002862513065	32.222185450695484
10215.3505859375	1.427017211914062	0.100002937018871	0.100002937018871	32.222185450695484
10215.3935546875	1.426982879638672	0.100002884864807	0.100002884864807	32.222185450695484
10215.435546875	1.426956176757812	0.100002892315388	0.100002892315388	32.222185450695484
10215.4775390625	1.426929473876953	0.100002892315388	0.100002892315388	32.222185450695484
10215.51953125	1.426881790161133	0.100002892315388	0.100002892315388	32.222185450695484
10215.5625	1.426881790161133	0.100002899765968	0.100002899765968	32.222185450695484
10215.6044921875	1.426855087280273	0.100002884864807	0.100002884864807	32.222185450695484
10215.646484375	1.426822662353516	0.100002892315388	0.100002892315388	32.222185450695484
10215.6884765625	1.426807403564453	0.100002877414227	0.100002877414227	32.222185450695484
10215.7314453125	1.426763534545898	0.100002855062485	0.100002855062485	32.222185450695484
10215.7734375	1.4267578125	0.100002899765968	0.100002899765968	32.222185450695484
10215.8154296875	1.426736831665039	0.100002869963646	0.100002869963646	32.222185450695484
10215.857421875	1.426712036132812	0.100002907216549	0.100002907216549	32.222185450695484
10215.900390625	1.426668167114258	0.100002907216549	0.100002907216549	32.222185450695484
10215.9423828125	1.426607131958008	0.100002892315388	0.100002892315388	32.222185450695484
10215.984375	1.426563262939453	0.100002899765968	0.100002899765968	32.222185450695484
10216.02734375	1.426549911499023	0.100002907216549	0.100002907216549	32.222185450695484
10216.0693359375	1.42650032043457	0.100002907216549	0.100002907216549	32.222185450695484
10216.111328125	1.42646598815918	0.10000291466713	0.10000291466713	32.222185450695484
10216.1533203125	1.426408767700195	0.100002869963646	0.100002869963646	32.222185450695484
10216.1962890625	1.426385879516602	0.100002929568291	0.100002929568291	32.222185450695484
10216.23828125	1.426345825195312	0.100002929568291	0.100002929568291	32.222185450695484
10216.2802734375	1.426349639892578	0.100002907216549	0.100002907216549	32.222185450695484
10216.322265625	1.426332473754883	0.100002884864807	0.100002884864807	32.222185450695484
10216.365234375	1.426319122314453	0.100002899765968	0.100002899765968	32.222185450695484
10216.4072265625	1.426275253295898	0.100002899765968	0.100002899765968	32.222185450695484
10216.44921875	1.426223754882812	0.100002877414227	0.100002877414227	32.222185450695484
10216.4912109375	1.426185607910156	0.100002892315388	0.100002892315388	32.222185450695484
10216.5341796875	1.426145553588867	0.100002877414227	0.100002877414227	32.222185450695484
10216.576171875	1.426151275634766	0.100002907216549	0.100002907216549	32.222185450695484
10216.6181640625	1.426124572753906	0.100002877414227	0.100002877414227	32.222185450695484
10216.66015625	1.426071166992187	0.100002862513065	0.100002862513065	32.222185450695484
10216.703125	1.42601203918457	0.10000291466713	0.10000291466713	32.222185450695484
10216.7451171875	1.425994873046875	0.100002937018871	0.100002937018871	32.222185450695484
10216.787109375	1.425998687744141	0.10000291466713	0.10000291466713	32.222185450695484
10216.8291015625	1.425968170166016	0.100002899765968	0.100002899765968	32.222185450695484
10216.8720703125	1.425937652587891	0.100002899765968	0.100002899765968	32.222185450695484
10216.9140625	1.425910949707031	0.100002907216549	0.100002907216549	32.222185450695484
10216.9560546875	1.425910949707031	0.100002899765968	0.100002899765968	32.222185450695484
10216.998046875	1.425874710083008	0.100002907216549	0.100002907216549	32.222185450695484
10217.041015625	1.425825119018555	0.100002907216549	0.100002907216549	32.222185450695484
10217.0830078125	1.425832748413086	0.100002907216549	0.100002907216549	32.222185450695484
10217.125	1.425815582275391	0.100002892315388	0.100002892315388	32.222185450695484
10217.1669921875	1.425737380981445	0.100002877414227	0.100002877414227	32.222185450695484
10217.2099609375	1.425722122192383	0.100002892315388	0.100002892315388	32.222185450695484
10217.251953125	1.425716400146484	0.100002877414227	0.100002877414227	32.222185450695484
10217.2939453125	1.425708770751953	0.100002892315388	0.100002892315388	32.222185450695484
10217.3359375	1.425662994384766	0.100002840161324	0.100002840161324	32.222185450695484
10217.37890625	1.425668716430664	0.100002877414227	0.100002877414227	32.222185450695484
10217.4208984375	1.425628662109375	0.100002877414227	0.100002877414227	32.222185450695484
10217.462890625	1.425588607788086	0.100002892315388	0.100002892315388	32.222185450695484
10217.5048828125	1.42558479309082	0.10000292211771	0.10000292211771	32.222185450695484
10217.5478515625	1.425575256347656	0.100002862513065	0.100002862513065	32.222185450695484
10217.58984375	1.425558090209961	0.100002862513065	0.100002862513065	32.222185450695484
10217.6318359375	1.425531387329102	0.100002869963646	0.100002869963646	32.222185450695484
10217.673828125	1.425506591796875	0.100002869963646	0.100002869963646	32.222185450695484
10217.716796875	1.425491333007812	0.100002855062485	0.100002855062485	32.222185450695484
10217.7587890625	1.425464630126953	0.100002907216549	0.100002907216549	32.222185450695484
10217.80078125	1.425441741943359	0.100002892315388	0.100002892315388	32.222185450695484
10217.8427734375	1.4254150390625	0.100002892315388	0.100002892315388	32.222185450695484
10217.8857421875	1.425424575805664	0.100002892315388	0.100002892315388	32.222185450695484
