[INFO]
Keithley 2400
Meas Time: 2021/1/19 16:09:20
Params: GPIB address = GPIB0::21::INSTR; DataFile = D:\工艺实验\郝翌然; Compliance  Level (0.1) = 0.100000000000000; Number of Points (5) = 300; Minimum Amplitude (1) = -3.000000000000000; Maximum Amplitude (2) = 4.000000000000000; Timeout (100000 ms) = 100000; Source Mode  (0: Voltage) = 0; 4-wire? = FALSE; delay(S) = 0.000000000000000; Start = ; 

[COMMENT]


[DATA]
time (s)	Voltage (V)	Current (A)	absCurrent (A)	Fitting Resistance (Ohms)

11265.826171875	-3.000686645507812	-0.000125371152535	0.000125371152535	25.910919672914211
11265.8681640625	-2.977361679077148	-0.000125453807414	0.000125453807414	25.910919672914211
11265.91015625	-2.953681945800781	-0.000125510268845	0.000125510268845	25.910919672914211
11265.9521484375	-2.930681228637695	-0.000125546357594	0.000125546357594	25.910919672914211
11265.994140625	-2.906997680664062	-0.000125526101328	0.000125526101328	25.910919672914211
11266.0361328125	-2.883674621582031	-0.000125502236187	0.000125502236187	25.910919672914211
11266.078125	-2.8599853515625	-0.000125488382764	0.000125488382764	25.910919672914211
11266.1201171875	-2.836647033691406	-0.000125468359329	0.000125468359329	25.910919672914211
11266.162109375	-2.812982559204102	-0.000125429243781	0.000125429243781	25.910919672914211
11266.2041015625	-2.789995193481445	-0.000125370803289	0.000125370803289	25.910919672914211
11266.24609375	-2.76630973815918	-0.000125327380374	0.000125327380374	25.910919672914211
11266.2880859375	-2.742977142333984	-0.000125282211229	0.000125282211229	25.910919672914211
11266.330078125	-2.719284057617187	-0.000125236809254	0.000125236809254	25.910919672914211
11266.3720703125	-2.696014404296875	-0.000125155551359	0.000125155551359	25.910919672914211
11266.4140625	-2.672393798828125	-0.000125082326122	0.000125082326122	25.910919672914211
11266.4560546875	-2.649452209472656	-0.0001250221394	0.0001250221394	25.910919672914211
11266.498046875	-2.625850677490234	-0.000124955899082	0.000124955899082	25.910919672914211
11266.5400390625	-2.602573394775391	-0.000124871614389	0.000124871614389	25.910919672914211
11266.58203125	-2.578941345214844	-0.000124776153825	0.000124776153825	25.910919672914211
11266.6240234375	-2.55565071105957	-0.000124699552543	0.000124699552543	25.910919672914211
11266.666015625	-2.532726287841797	-0.000124630867504	0.000124630867504	25.910919672914211
11266.7080078125	-2.509099960327148	-0.000124539597891	0.000124539597891	25.910919672914211
11266.75	-2.485471725463867	-0.000124427955598	0.000124427955598	25.910919672914211
11266.7919921875	-2.462198257446289	-0.000124325160868	0.000124325160868	25.910919672914211
11266.833984375	-2.43858528137207	-0.000124234822579	0.000124234822579	25.910919672914211
11266.8759765625	-2.415302276611328	-0.000124140991829	0.000124140991829	25.910919672914211
11266.91796875	-2.392358779907227	-0.000124027719721	0.000124027719721	25.910919672914211
11266.9599609375	-2.36872673034668	-0.000123905600049	0.000123905600049	25.910919672914211
11267.001953125	-2.345108032226562	-0.000123804318719	0.000123804318719	25.910919672914211
11267.0439453125	-2.321828842163086	-0.000123703153804	0.000123703153804	25.910919672914211
11267.0859375	-2.298208236694336	-0.000123585341498	0.000123585341498	25.910919672914211
11267.1279296875	-2.275293350219727	-0.000123448902741	0.000123448902741	25.910919672914211
11267.169921875	-2.252016067504883	-0.000123317702673	0.000123317702673	25.910919672914211
11267.2119140625	-2.228382110595703	-0.000123199308291	0.000123199308291	25.910919672914211
11267.25390625	-2.205095291137695	-0.000123087898828	0.000123087898828	25.910919672914211
11267.2958984375	-2.181482315063477	-0.00012292759493	0.00012292759493	25.910919672914211
11267.337890625	-2.157857894897461	-0.000122787896544	0.000122787896544	25.910919672914211
11267.3798828125	-2.134925842285156	-0.000122662400827	0.000122662400827	25.910919672914211
11267.421875	-2.111652374267578	-0.000122530036606	0.000122530036606	25.910919672914211
11267.4638671875	-2.088029861450195	-0.000122376950458	0.000122376950458	25.910919672914211
11267.505859375	-2.064741134643555	-0.000122206867673	0.000122206867673	25.910919672914211
11267.5478515625	-2.041110992431641	-0.00012205762323	0.00012205762323	25.910919672914211
11267.58984375	-2.017543792724609	-0.000121907796711	0.000121907796711	25.910919672914211
11267.6318359375	-1.994621276855469	-0.000121772987768	0.000121772987768	25.910919672914211
11267.673828125	-1.971332550048828	-0.000121588818729	0.000121588818729	25.910919672914211
11267.7158203125	-1.947704315185547	-0.000121416407637	0.000121416407637	25.910919672914211
11267.7578125	-1.924442291259766	-0.000121246208437	0.000121246208437	25.910919672914211
11267.7998046875	-1.900827407836914	-0.000121085089631	0.000121085089631	25.910919672914211
11267.841796875	-1.877878189086914	-0.000120906857774	0.000120906857774	25.910919672914211
11267.8837890625	-1.854251861572266	-0.000120705342852	0.000120705342852	25.910919672914211
11267.92578125	-1.830982208251953	-0.000120520126075	0.000120520126075	25.910919672914211
11267.9677734375	-1.807348251342773	-0.000120340613648	0.000120340613648	25.910919672914211
11268.0087890625	-1.784067153930664	-0.000120159704238	0.000120159704238	25.910919672914211
11268.05078125	-1.760456085205078	-0.000119944219477	0.000119944219477	25.910919672914211
11268.0927734375	-1.737522125244141	-0.000119726522826	0.000119726522826	25.910919672914211
11268.134765625	-1.713884353637695	-0.000119535834529	0.000119535834529	25.910919672914211
11268.1767578125	-1.690593719482422	-0.000119340489618	0.000119340489618	25.910919672914211
11268.21875	-1.666976928710937	-0.000119112781249	0.000119112781249	25.910919672914211
11268.2607421875	-1.643703460693359	-0.000118878786452	0.000118878786452	25.910919672914211
11268.302734375	-1.620073318481445	-0.000118654221296	0.000118654221296	25.910919672914211
11268.3447265625	-1.597129821777344	-0.000118439085782	0.000118439085782	25.910919672914211
11268.38671875	-1.573528289794922	-0.0001182052074	0.0001182052074	25.910919672914211
11268.4287109375	-1.55024528503418	-0.000117954681627	0.000117954681627	25.910919672914211
11268.470703125	-1.526609420776367	-0.000117703224532	0.000117703224532	25.910919672914211
11268.5126953125	-1.503332138061523	-0.000117473537102	0.000117473537102	25.910919672914211
11268.5546875	-1.480400085449219	-0.000117216724902	0.000117216724902	25.910919672914211
11268.5966796875	-1.456764221191406	-0.000116951065138	0.000116951065138	25.910919672914211
11268.638671875	-1.433141708374023	-0.000116667011753	0.000116667011753	25.910919672914211
11268.6806640625	-1.40986442565918	-0.000116407405585	0.000116407405585	25.910919672914211
11268.72265625	-1.386259078979492	-0.000116139068268	0.000116139068268	25.910919672914211
11268.7646484375	-1.362960815429687	-0.000115845352411	0.000115845352411	25.910919672914211
11268.806640625	-1.340017318725586	-0.000115547562018	0.000115547562018	25.910919672914211
11268.8486328125	-1.316350936889648	-0.000115252332762	0.000115252332762	25.910919672914211
11268.890625	-1.293018341064453	-0.00011496047955	0.00011496047955	25.910919672914211
11268.9326171875	-1.269330978393555	-0.000114653841592	0.000114653841592	25.910919672914211
11268.974609375	-1.245655059814453	-0.000114322756417	0.000114322756417	25.910919672914211
11269.0166015625	-1.222339630126953	-0.000113981892355	0.000113981892355	25.910919672914211
11269.05859375	-1.199337005615234	-0.000113670597784	0.000113670597784	25.910919672914211
11269.1005859375	-1.175662994384766	-0.000113341957331	0.000113341957331	25.910919672914211
11269.142578125	-1.152324676513672	-0.000112995388918	0.000112995388918	25.910919672914211
11269.1845703125	-1.128644943237305	-0.000112616107799	0.000112616107799	25.910919672914211
11269.2265625	-1.104959487915039	-0.000112255103886	0.000112255103886	25.910919672914211
11269.2685546875	-1.08197021484375	-0.000111901783384	0.000111901783384	25.910919672914211
11269.310546875	-1.05864143371582	-0.000111534725875	0.000111534725875	25.910919672914211
11269.3525390625	-1.034975051879883	-0.00011113518849	0.00011113518849	25.910919672914211
11269.39453125	-1.011621475219727	-0.000110734486952	0.000110734486952	25.910919672914211
11269.4365234375	-0.98792839050293	-0.000110334600322	0.000110334600322	25.910919672914211
11269.478515625	-0.964262008666992	-0.000109928660095	0.000109928660095	25.910919672914211
11269.5205078125	-0.941274642944336	-0.000109507120214	0.000109507120214	25.910919672914211
11269.5625	-0.917936325073242	-0.000109060667455	0.000109060667455	25.910919672914211
11269.6044921875	-0.894248962402344	-0.000108625856228	0.000108625856228	25.910919672914211
11269.646484375	-0.870937347412109	-0.000108173117042	0.000108173117042	25.910919672914211
11269.6884765625	-0.847255706787109	-0.000107711879537	0.000107711879537	25.910919672914211
11269.73046875	-0.823907852172852	-0.000107223517261	0.000107223517261	25.910919672914211
11269.7724609375	-0.800567626953125	-0.000106732943095	0.000106732943095	25.910919672914211
11269.814453125	-0.777233123779297	-0.000106248189695	0.000106248189695	25.910919672914211
11269.8564453125	-0.753551483154297	-0.000105740502477	0.000105740502477	25.910919672914211
11269.8984375	-0.730226516723633	-0.000105199404061	0.000105199404061	25.910919672914211
11269.9404296875	-0.706550598144531	-0.000104652484879	0.000104652484879	25.910919672914211
11269.982421875	-0.683561325073242	-0.000104115460999	0.000104115460999	25.910919672914211
11270.0234375	-0.659872055053711	-0.000103559694253	0.000103559694253	25.910919672914211
11270.06640625	-0.636518478393555	-0.000102977151982	0.000102977151982	25.910919672914211
11270.1083984375	-0.612913131713867	-0.000102371093817	0.000102371093817	25.910919672914211
11270.1494140625	-0.589593887329102	-0.000101761659607	0.000101761659607	25.910919672914211
11270.19140625	-0.565900802612305	-0.000101140583865	0.000101140583865	25.910919672914211
11270.2333984375	-0.542901992797852	-0.000100521370769	0.000100521370769	25.910919672914211
11270.3271484375	-0.519809722900391	-9.986183431465179E-5	9.986183431465179E-5	25.910919672914211
11270.369140625	-0.496135711669922	-9.916881390381604E-5	9.916881390381604E-5	25.910919672914211
11270.4111328125	-0.472427368164062	-9.84578364295885E-5	9.84578364295885E-5	25.910919672914211
11270.453125	-0.449089050292969	-9.775492071639746E-5	9.775492071639746E-5	25.910919672914211
11270.4951171875	-0.426115036010742	-9.705281991045922E-5	9.705281991045922E-5	25.910919672914211
11270.537109375	-0.402425765991211	-9.62789636105299E-5	9.62789636105299E-5	25.910919672914211
11270.5791015625	-0.379083633422852	-9.55038849497214E-5	9.55038849497214E-5	25.910919672914211
11270.62109375	-0.355413436889648	-9.469337237533182E-5	9.469337237533182E-5	25.910919672914211
11270.6630859375	-0.33172607421875	-9.387398313265294E-5	9.387398313265294E-5	25.910919672914211
11270.7041015625	-0.308391571044922	-9.304075501859188E-5	9.304075501859188E-5	25.910919672914211
11270.74609375	-0.285390853881836	-9.217431943397969E-5	9.217431943397969E-5	25.910919672914211
11270.7880859375	-0.261690139770508	-9.126061922870576E-5	9.126061922870576E-5	25.910919672914211
11270.830078125	-0.238370895385742	-9.033875539898872E-5	9.033875539898872E-5	25.910919672914211
11270.8720703125	-0.214683532714844	-8.938027895055711E-5	8.938027895055711E-5	25.910919672914211
11270.9140625	-0.190996170043945	-8.837805944494903E-5	8.837805944494903E-5	25.910919672914211
11270.9560546875	-0.167678833007812	-8.735276060178876E-5	8.735276060178876E-5	25.910919672914211
11270.998046875	-0.144676208496094	-8.631471428088844E-5	8.631471428088844E-5	25.910919672914211
11271.0400390625	-0.120992660522461	-8.521878044120967E-5	8.521878044120967E-5	25.910919672914211
11271.08203125	-0.097646713256836	-8.40889842947945E-5	8.40889842947945E-5	25.910919672914211
11271.1240234375	-0.073980331420898	-8.289965626318008E-5	8.289965626318008E-5	25.910919672914211
11271.166015625	-0.050626754760742	-8.167429768946022E-5	8.167429768946022E-5	25.910919672914211
11271.2080078125	-0.027288436889648	-8.041724504437298E-5	8.041724504437298E-5	25.910919672914211
11271.25	-0.00396728515625	-7.911161810625345E-5	7.911161810625345E-5	25.910919672914211
11271.2919921875	0.019994735717773	-7.768074283376336E-5	7.768074283376336E-5	25.910919672914211
11271.333984375	0.043701171875	-7.617140363436192E-5	7.617140363436192E-5	25.910919672914211
11271.3759765625	0.067047119140625	-7.455045124515891E-5	7.455045124515891E-5	25.910919672914211
11271.41796875	0.090732574462891	-7.264461601153016E-5	7.264461601153016E-5	25.910919672914211
11271.4599609375	0.113716125488281	-7.024811930023134E-5	7.024811930023134E-5	25.910919672914211
11271.501953125	0.137416839599609	-6.65374391246587E-5	6.65374391246587E-5	25.910919672914211
11271.5439453125	0.160776138305664	-6.004147871863097E-5	6.004147871863097E-5	25.910919672914211
11271.5859375	0.184482574462891	-4.672091745305806E-5	4.672091745305806E-5	25.910919672914211
11271.6279296875	0.207855224609375	-1.835008151829243E-5	1.835008151829243E-5	25.910919672914211
11271.669921875	0.231666564941406	4.26943734055385E-5	4.26943734055385E-5	25.910919672914211
11271.8056640625	0.254611968994141	0.000190373975784	0.000190373975784	25.910919672914211
11271.84765625	0.278337478637695	0.000479630893096	0.000479630893096	25.910919672914211
11271.8896484375	0.301778793334961	0.000999593758024	0.000999593758024	25.910919672914211
11272.0244140625	0.325288772583008	0.001888453960419	0.001888453960419	25.910919672914211
11272.06640625	0.348659515380859	0.003038527444005	0.003038527444005	25.910919672914211
11272.1083984375	0.371654510498047	0.004439934156835	0.004439934156835	25.910919672914211
11272.150390625	0.395380020141602	0.006100149825215	0.006100149825215	25.910919672914211
11272.1923828125	0.419101715087891	0.007928046397865	0.007928046397865	25.910919672914211
11272.234375	0.442468643188477	0.009856084361672	0.009856084361672	25.910919672914211
11272.322265625	0.465957641601562	0.011938378214836	0.011938378214836	25.910919672914211
11272.3642578125	0.489301681518555	0.014028564095497	0.014028564095497	25.910919672914211
11272.40625	0.512310028076172	0.016153268516064	0.016153268516064	25.910919672914211
11272.4482421875	0.535989761352539	0.018388219177723	0.018388219177723	25.910919672914211
11272.490234375	0.559669494628906	0.020662449300289	0.020662449300289	25.910919672914211
11272.5322265625	0.582988739013672	0.022935874760151	0.022935874760151	25.910919672914211
11272.57421875	0.606681823730469	0.025271698832512	0.025271698832512	25.910919672914211
11272.6162109375	0.630014419555664	0.027592919766903	0.027592919766903	25.910919672914211
11272.658203125	0.652950286865234	0.029895178973675	0.029895178973675	25.910919672914211
11272.7001953125	0.676633834838867	0.032288089394569	0.032288089394569	25.910919672914211
11272.7421875	0.699983596801758	0.034661337733269	0.034661337733269	25.910919672914211
11272.7841796875	0.723644256591797	0.037077456712723	0.037077456712723	25.910919672914211
11272.826171875	0.747331619262695	0.039506874978542	0.039506874978542	25.910919672914211
11272.8681640625	0.770345687866211	0.04187585413456	0.04187585413456	25.910919672914211
11272.91015625	0.793680191040039	0.044285744428635	0.044285744428635	25.910919672914211
11272.9521484375	0.817358016967773	0.046739280223846	0.046739280223846	25.910919672914211
11272.994140625	0.840702056884766	0.049165047705173	0.049165047705173	25.910919672914211
11273.03515625	0.864398956298828	0.05162638425827	0.05162638425827	25.910919672914211
11273.0771484375	0.888080596923828	0.054094322025776	0.054094322025776	25.910919672914211
11273.119140625	0.911062240600586	0.056491792201996	0.056491792201996	25.910919672914211
11273.1611328125	0.934394836425781	0.058944217860699	0.058944217860699	25.910919672914211
11273.203125	0.958084106445312	0.061427280306816	0.061427280306816	25.910919672914211
11273.2451171875	0.981422424316406	0.063885778188705	0.063885778188705	25.910919672914211
11273.287109375	1.005104064941406	0.066372759640217	0.066372759640217	25.910919672914211
11273.3291015625	1.028444290161133	0.068825863301754	0.068825863301754	25.910919672914211
11273.37109375	1.051799774169922	0.071275532245636	0.071275532245636	25.910919672914211
11273.4130859375	1.075105667114258	0.073722317814827	0.073722317814827	25.910919672914211
11273.455078125	1.09880256652832	0.076210685074329	0.076210685074329	25.910919672914211
11273.4970703125	1.122154235839844	0.078660421073437	0.078660421073437	25.910919672914211
11273.5390625	1.145839691162109	0.08114592730999	0.08114592730999	25.910919672914211
11273.5810546875	1.168825149536133	0.083564214408398	0.083564214408398	25.910919672914211
11273.623046875	1.192169189453125	0.08600328117609	0.08600328117609	25.910919672914211
11273.6650390625	1.21586799621582	0.088478796184063	0.088478796184063	25.910919672914211
11273.70703125	1.239553451538086	0.090960577130318	0.090960577130318	25.910919672914211
11273.7490234375	1.262872695922852	0.093403205275536	0.093403205275536	25.910919672914211
11273.791015625	1.286548614501953	0.095873713493347	0.095873713493347	25.910919672914211
11273.8330078125	1.309551239013672	0.098270669579506	0.098270669579506	25.910919672914211
11273.875	1.325620651245117	0.100001029670238	0.100001029670238	25.910919672914211
11273.9169921875	1.325222015380859	0.100002907216549	0.100002907216549	25.910919672914211
11273.958984375	1.3248291015625	0.100002892315388	0.100002892315388	25.910919672914211
11274.001953125	1.324529647827148	0.100002899765968	0.100002899765968	25.910919672914211
11274.0439453125	1.324287414550781	0.100002884864807	0.100002884864807	25.910919672914211
11274.0859375	1.324077606201172	0.100002892315388	0.100002892315388	25.910919672914211
11274.1279296875	1.323909759521484	0.100002929568291	0.100002929568291	25.910919672914211
11274.1708984375	1.323766708374023	0.100002937018871	0.100002937018871	25.910919672914211
11274.212890625	1.323551177978516	0.100002884864807	0.100002884864807	25.910919672914211
11274.2548828125	1.323398590087891	0.10000291466713	0.10000291466713	25.910919672914211
11274.296875	1.323286056518555	0.100002907216549	0.100002907216549	25.910919672914211
11274.33984375	1.323137283325195	0.100002899765968	0.100002899765968	25.910919672914211
11274.3818359375	1.323026657104492	0.100002884864807	0.100002884864807	25.910919672914211
11274.423828125	1.322927474975586	0.100002877414227	0.100002877414227	25.910919672914211
11274.4658203125	1.322854995727539	0.100002929568291	0.100002929568291	25.910919672914211
11274.5087890625	1.322736740112305	0.100002884864807	0.100002884864807	25.910919672914211
11274.55078125	1.322624206542969	0.100002937018871	0.100002937018871	25.910919672914211
11274.5927734375	1.322549819946289	0.100002907216549	0.100002907216549	25.910919672914211
11274.634765625	1.322418212890625	0.100002862513065	0.100002862513065	25.910919672914211
11274.677734375	1.322328567504883	0.100002892315388	0.100002892315388	25.910919672914211
11274.7197265625	1.322229385375977	0.100002899765968	0.100002899765968	25.910919672914211
11274.76171875	1.322153091430664	0.100002884864807	0.100002884864807	25.910919672914211
11274.8037109375	1.322101593017578	0.100002929568291	0.100002929568291	25.910919672914211
11274.8466796875	1.322032928466797	0.100002937018871	0.100002937018871	25.910919672914211
11274.888671875	1.321956634521484	0.100002929568291	0.100002929568291	25.910919672914211
11274.9306640625	1.32188606262207	0.10000292211771	0.10000292211771	25.910919672914211
11274.97265625	1.321844100952148	0.100002884864807	0.100002884864807	25.910919672914211
11275.015625	1.321796417236328	0.10000292211771	0.10000292211771	25.910919672914211
11275.0576171875	1.321723937988281	0.100002899765968	0.100002899765968	25.910919672914211
11275.099609375	1.32164192199707	0.100002907216549	0.100002907216549	25.910919672914211
11275.1416015625	1.321567535400391	0.100002884864807	0.100002884864807	25.910919672914211
11275.1845703125	1.321502685546875	0.100002869963646	0.100002869963646	25.910919672914211
11275.2265625	1.321393966674805	0.100002899765968	0.100002899765968	25.910919672914211
11275.2685546875	1.321315765380859	0.100002937018871	0.100002937018871	25.910919672914211
11275.310546875	1.321239471435547	0.100002937018871	0.100002937018871	25.910919672914211
11275.353515625	1.321193695068359	0.100002929568291	0.100002929568291	25.910919672914211
11275.3955078125	1.321136474609375	0.100002929568291	0.100002929568291	25.910919672914211
11275.4375	1.321081161499023	0.100002899765968	0.100002899765968	25.910919672914211
11275.4794921875	1.321043014526367	0.10000292211771	0.10000292211771	25.910919672914211
11275.5224609375	1.321014404296875	0.100002892315388	0.100002892315388	25.910919672914211
11275.564453125	1.320974349975586	0.100002862513065	0.100002862513065	25.910919672914211
11275.6064453125	1.320949554443359	0.10000292211771	0.10000292211771	25.910919672914211
11275.6484375	1.320928573608398	0.10000291466713	0.10000291466713	25.910919672914211
11275.69140625	1.32087516784668	0.100002855062485	0.100002855062485	25.910919672914211
11275.7333984375	1.320869445800781	0.100002899765968	0.100002899765968	25.910919672914211
11275.775390625	1.320831298828125	0.100002847611904	0.100002847611904	25.910919672914211
11275.8173828125	1.32078742980957	0.100002825260162	0.100002825260162	25.910919672914211
11275.8603515625	1.320755004882812	0.100002817809582	0.100002817809582	25.910919672914211
11275.90234375	1.320711135864258	0.100002855062485	0.100002855062485	25.910919672914211
11275.9443359375	1.320680618286133	0.100002892315388	0.100002892315388	25.910919672914211
11275.986328125	1.320646286010742	0.100002862513065	0.100002862513065	25.910919672914211
11276.029296875	1.320608139038086	0.100002899765968	0.100002899765968	25.910919672914211
11276.0712890625	1.320549011230469	0.100002869963646	0.100002869963646	25.910919672914211
11276.11328125	1.320512771606445	0.100002869963646	0.100002869963646	25.910919672914211
11276.1552734375	1.320438385009766	0.100002840161324	0.100002840161324	25.910919672914211
11276.1982421875	1.320419311523437	0.100002877414227	0.100002877414227	25.910919672914211
11276.240234375	1.320371627807617	0.100002869963646	0.100002869963646	25.910919672914211
11276.2822265625	1.320327758789062	0.100002899765968	0.100002899765968	25.910919672914211
11276.32421875	1.320295333862305	0.100002862513065	0.100002862513065	25.910919672914211
11276.3671875	1.320259094238281	0.100002855062485	0.100002855062485	25.910919672914211
11276.4091796875	1.320247650146484	0.100002869963646	0.100002869963646	25.910919672914211
11276.451171875	1.320205688476562	0.100002862513065	0.100002862513065	25.910919672914211
11276.4931640625	1.320192337036133	0.100002855062485	0.100002855062485	25.910919672914211
11276.5361328125	1.320175170898437	0.100002899765968	0.100002899765968	25.910919672914211
11276.578125	1.320158004760742	0.100002855062485	0.100002855062485	25.910919672914211
11276.6201171875	1.32014274597168	0.100002869963646	0.100002869963646	25.910919672914211
11276.662109375	1.320091247558594	0.100002877414227	0.100002877414227	25.910919672914211
11276.705078125	1.320068359375	0.100002884864807	0.100002884864807	25.910919672914211
11276.7470703125	1.320053100585937	0.100002869963646	0.100002869963646	25.910919672914211
11276.7890625	1.319986343383789	0.100002855062485	0.100002855062485	25.910919672914211
11276.8310546875	1.319969177246094	0.100002877414227	0.100002877414227	25.910919672914211
11276.8740234375	1.319953918457031	0.100002884864807	0.100002884864807	25.910919672914211
11276.916015625	1.319887161254883	0.100002862513065	0.100002862513065	25.910919672914211
11276.9580078125	1.319833755493164	0.100002884864807	0.100002884864807	25.910919672914211
11277	1.319770812988281	0.10000291466713	0.10000291466713	25.910919672914211
11277.04296875	1.319728851318359	0.100002862513065	0.100002862513065	25.910919672914211
11277.0849609375	1.319698333740234	0.100002862513065	0.100002862513065	25.910919672914211
11277.126953125	1.319679260253906	0.100002869963646	0.100002869963646	25.910919672914211
11277.1689453125	1.319622039794922	0.100002877414227	0.100002877414227	25.910919672914211
11277.2119140625	1.319595336914062	0.100002884864807	0.100002884864807	25.910919672914211
11277.25390625	1.319589614868164	0.100002869963646	0.100002869963646	25.910919672914211
11277.2958984375	1.319561004638672	0.100002877414227	0.100002877414227	25.910919672914211
11277.337890625	1.319503784179687	0.100002899765968	0.100002899765968	25.910919672914211
11277.380859375	1.319461822509766	0.100002929568291	0.100002929568291	25.910919672914211
11277.4228515625	1.319324493408203	0.100002899765968	0.100002899765968	25.910919672914211
11277.46484375	1.319250106811523	0.100002884864807	0.100002884864807	25.910919672914211
11277.5078125	1.319242477416992	0.100002899765968	0.100002899765968	25.910919672914211
11277.5498046875	1.319204330444336	0.100002892315388	0.100002892315388	25.910919672914211
11277.591796875	1.319154739379883	0.100002884864807	0.100002884864807	25.910919672914211
11277.6337890625	1.319086074829102	0.100002862513065	0.100002862513065	25.910919672914211
11277.6767578125	1.31907844543457	0.100002862513065	0.100002862513065	25.910919672914211
11277.71875	1.319065093994141	0.100002855062485	0.100002855062485	25.910919672914211
11277.7607421875	1.319042205810547	0.100002884864807	0.100002884864807	25.910919672914211
11277.802734375	1.319025039672852	0.100002862513065	0.100002862513065	25.910919672914211
11277.845703125	1.318988800048828	0.100002847611904	0.100002847611904	25.910919672914211
11277.8876953125	1.318981170654297	0.100002877414227	0.100002877414227	25.910919672914211
11277.9296875	1.318979263305664	0.100002877414227	0.100002877414227	25.910919672914211
11277.9716796875	1.318965911865234	0.100002899765968	0.100002899765968	25.910919672914211
11278.0146484375	1.318939208984375	0.100002877414227	0.100002877414227	25.910919672914211
11278.056640625	1.318918228149414	0.100002892315388	0.100002892315388	25.910919672914211
11278.0986328125	1.318899154663086	0.100002862513065	0.100002862513065	25.910919672914211
11278.140625	1.318878173828125	0.100002869963646	0.100002869963646	25.910919672914211
11278.18359375	1.318868637084961	0.100002884864807	0.100002884864807	25.910919672914211
11278.2255859375	1.318857192993164	0.100002877414227	0.100002877414227	25.910919672914211
11278.267578125	1.318836212158203	0.100002877414227	0.100002877414227	25.910919672914211
11278.3095703125	1.318811416625977	0.100002907216549	0.100002907216549	25.910919672914211
11278.3525390625	1.318775177001953	0.100002892315388	0.100002892315388	25.910919672914211
11278.39453125	1.318752288818359	0.100002884864807	0.100002884864807	25.910919672914211
11278.4365234375	1.318737030029297	0.100002899765968	0.100002899765968	25.910919672914211
11278.478515625	1.3187255859375	0.100002877414227	0.100002877414227	25.910919672914211
11278.521484375	1.318759918212891	0.100002884864807	0.100002884864807	25.910919672914211
11278.5634765625	1.318733215332031	0.100002877414227	0.100002877414227	25.910919672914211
11278.60546875	1.318719863891602	0.100002907216549	0.100002907216549	25.910919672914211
11278.6474609375	1.318708419799805	0.100002899765968	0.100002899765968	25.910919672914211
11278.6904296875	1.31867790222168	0.100002884864807	0.100002884864807	25.910919672914211
