[INFO]
Keithley 2400
Meas Time: 2021/1/19 13:38:18
Params: GPIB address = GPIB0::21::INSTR; DataFile = D:\工艺实验\闵庆庆; Compliance  Level (0.1) = 0.100000000000000; Number of Points (5) = 150; Minimum Amplitude (1) = -3.000000000000000; Maximum Amplitude (2) = 3.000000000000000; Timeout (100000 ms) = 100000; Source Mode  (0: Voltage) = 0; 4-wire? = FALSE; delay(S) = 0.000000000000000; Start = ; 

[COMMENT]


[DATA]
time (s)	Voltage (V)	Current (A)	absCurrent (A)	Fitting Resistance (Ohms)

2210.3427734375	-3.00079345703125	-3.391000791452825E-5	3.391000791452825E-5	27.825892325700273
2210.384765625	-2.960304260253906	-3.404711605980992E-5	3.404711605980992E-5	27.825892325700273
2210.4267578125	-2.920164108276367	-3.410609497223049E-5	3.410609497223049E-5	27.825892325700273
2210.46875	-2.879673004150391	-3.413901140447706E-5	3.413901140447706E-5	27.825892325700273
2210.5107421875	-2.839519500732422	-3.41571430908516E-5	3.41571430908516E-5	27.825892325700273
2210.552734375	-2.799043655395508	-3.417213156353682E-5	3.417213156353682E-5	27.825892325700273
2210.5947265625	-2.758876800537109	-3.419083077460527E-5	3.419083077460527E-5	27.825892325700273
2210.63671875	-2.718385696411133	-3.420114808250219E-5	3.420114808250219E-5	27.825892325700273
2210.6787109375	-2.678676605224609	-3.420221037231386E-5	3.420221037231386E-5	27.825892325700273
2210.720703125	-2.637950897216797	-3.419813583604991E-5	3.419813583604991E-5	27.825892325700273
2210.7626953125	-2.59821891784668	-3.420395660214126E-5	3.420395660214126E-5	27.825892325700273
2210.8046875	-2.557474136352539	-3.420593566261232E-5	3.420593566261232E-5	27.825892325700273
2210.8466796875	-2.517772674560547	-3.419825225137174E-5	3.419825225137174E-5	27.825892325700273
2210.888671875	-2.477354049682617	-3.418955020606518E-5	3.418955020606518E-5	27.825892325700273
2210.9306640625	-2.436630249023437	-3.418544656597078E-5	3.418544656597078E-5	27.825892325700273
2210.97265625	-2.396896362304687	-3.418134292587638E-5	3.418134292587638E-5	27.825892325700273
2211.0146484375	-2.356512069702148	-3.417182597331703E-5	3.417182597331703E-5	27.825892325700273
2211.056640625	-2.316438674926758	-3.415525134187192E-5	3.415525134187192E-5	27.825892325700273
2211.0986328125	-2.276046752929687	-3.414196544326842E-5	3.414196544326842E-5	27.825892325700273
2211.140625	-2.235979080200195	-3.41313862008974E-5	3.41313862008974E-5	27.825892325700273
2211.1826171875	-2.195585250854492	-3.411597572267056E-5	3.411597572267056E-5	27.825892325700273
2211.224609375	-2.155513763427734	-3.409791679587215E-5	3.409791679587215E-5	27.825892325700273
2211.2666015625	-2.115118026733398	-3.407509939279407E-5	3.407509939279407E-5	27.825892325700273
2211.30859375	-2.075056076049805	-3.406016912776977E-5	3.406016912776977E-5	27.825892325700273
2211.3505859375	-2.034639358520508	-3.404101880732924E-5	3.404101880732924E-5	27.825892325700273
2211.392578125	-1.994651794433594	-3.401711001060903E-5	3.401711001060903E-5	27.825892325700273
2211.4345703125	-1.95423698425293	-3.398825356271118E-5	3.398825356271118E-5	27.825892325700273
2211.4765625	-1.914199829101562	-3.396395186427981E-5	3.396395186427981E-5	27.825892325700273
2211.5185546875	-1.873794555664062	-3.394047962501645E-5	3.394047962501645E-5	27.825892325700273
2211.560546875	-1.833381652832031	-3.391128848306835E-5	3.391128848306835E-5	27.825892325700273
2211.6025390625	-1.79332160949707	-3.387621836736798E-5	3.387621836736798E-5	27.825892325700273
2211.64453125	-1.752922058105469	-3.38423706125468E-5	3.38423706125468E-5	27.825892325700273
2211.6865234375	-1.712863922119141	-3.381265560165048E-5	3.381265560165048E-5	27.825892325700273
2211.728515625	-1.672454833984375	-3.378101973794401E-5	3.378101973794401E-5	27.825892325700273
2211.7705078125	-1.632743835449219	-3.373814979568124E-5	3.373814979568124E-5	27.825892325700273
2211.8125	-1.591978073120117	-3.369453770574182E-5	3.369453770574182E-5	27.825892325700273
2211.8544921875	-1.552286148071289	-3.365711017977446E-5	3.365711017977446E-5	27.825892325700273
2211.896484375	-1.511871337890625	-3.361792187206447E-5	3.361792187206447E-5	27.825892325700273
2211.9384765625	-1.471818923950195	-3.356541856192052E-5	3.356541856192052E-5	27.825892325700273
2211.98046875	-1.431404113769531	-3.351322084199637E-5	3.351322084199637E-5	27.825892325700273
2212.0224609375	-1.391349792480469	-3.346134326420724E-5	3.346134326420724E-5	27.825892325700273
2212.064453125	-1.350925445556641	-3.341112460475415E-5	3.341112460475415E-5	27.825892325700273
2212.1064453125	-1.310476303100586	-3.335119981784374E-5	3.335119981784374E-5	27.825892325700273
2212.1474609375	-1.270326614379883	-3.32890049321577E-5	3.32890049321577E-5	27.825892325700273
2212.189453125	-1.2298583984375	-3.322430711705238E-5	3.322430711705238E-5	27.825892325700273
2212.2314453125	-1.189704895019531	-3.315745561849326E-5	3.315745561849326E-5	27.825892325700273
2212.2734375	-1.149213790893555	-3.308747545816004E-5	3.308747545816004E-5	27.825892325700273
2212.3154296875	-1.109060287475586	-3.30064503941685E-5	3.30064503941685E-5	27.825892325700273
2212.357421875	-1.068574905395508	-3.292525070719421E-5	3.292525070719421E-5	27.825892325700273
2212.3994140625	-1.028434753417969	-3.284652484580874E-5	3.284652484580874E-5	27.825892325700273
2212.44140625	-0.987936019897461	-3.275716153439134E-5	3.275716153439134E-5	27.825892325700273
2212.4833984375	-0.947805404663086	-3.266082785557956E-5	3.266082785557956E-5	27.825892325700273
2212.525390625	-0.907308578491211	-3.255488991271704E-5	3.255488991271704E-5	27.825892325700273
2212.5673828125	-0.867179870605469	-3.245561674702913E-5	3.245561674702913E-5	27.825892325700273
2212.609375	-0.826684951782227	-3.234714677091688E-5	3.234714677091688E-5	27.825892325700273
2212.6513671875	-0.78619384765625	-3.221949737053365E-5	3.221949737053365E-5	27.825892325700273
2212.693359375	-0.746026992797852	-3.209077112842351E-5	3.209077112842351E-5	27.825892325700273
2212.7353515625	-0.705562591552734	-3.195770841557533E-5	3.195770841557533E-5	27.825892325700273
2212.77734375	-0.665752410888672	-3.181706415489316E-5	3.181706415489316E-5	27.825892325700273
2212.8193359375	-0.624973297119141	-3.165937960147858E-5	3.165937960147858E-5	27.825892325700273
2212.861328125	-0.585180282592773	-3.149342956021428E-5	3.149342956021428E-5	27.825892325700273
2212.9033203125	-0.544345855712891	-3.131781704723835E-5	3.131781704723835E-5	27.825892325700273
2212.9453125	-0.504556655883789	-3.113600541837513E-5	3.113600541837513E-5	27.825892325700273
2212.9873046875	-0.464065551757812	-3.09323804685846E-5	3.09323804685846E-5	27.825892325700273
2213.029296875	-0.423913955688477	-3.071033279411495E-5	3.071033279411495E-5	27.825892325700273
2213.0712890625	-0.383419036865234	-3.047347126994282E-5	3.047347126994282E-5	27.825892325700273
2213.11328125	-0.343276977539062	-3.02266125800088E-5	3.02266125800088E-5	27.825892325700273
2213.1552734375	-0.302787780761719	-2.995436079800129E-5	2.995436079800129E-5	27.825892325700273
2213.197265625	-0.262292861938477	-2.965125895570964E-5	2.965125895570964E-5	27.825892325700273
2213.2392578125	-0.222143173217773	-2.932536881417036E-5	2.932536881417036E-5	27.825892325700273
2213.28125	-0.181671142578125	-2.897420199587941E-5	2.897420199587941E-5	27.825892325700273
2213.3232421875	-0.141515731811523	-2.859329106286168E-5	2.859329106286168E-5	27.825892325700273
2213.365234375	-0.101018905639648	-2.816382038872689E-5	2.816382038872689E-5	27.825892325700273
2213.4072265625	-0.060869216918945	-2.769050479400903E-5	2.769050479400903E-5	27.825892325700273
2213.44921875	-0.020368576049805	-2.715981099754572E-5	2.715981099754572E-5	27.825892325700273
2213.4912109375	0.020023345947266	-2.654049603734165E-5	2.654049603734165E-5	27.825892325700273
2213.533203125	0.060869216918945	-2.570798096712679E-5	2.570798096712679E-5	27.825892325700273
2213.5751953125	0.100685119628906	-2.421610406599939E-5	2.421610406599939E-5	27.825892325700273
2213.6171875	0.141185760498047	-1.991173485293984E-5	1.991173485293984E-5	27.825892325700273
2213.71484375	0.181295394897461	-3.600759555411059E-6	3.600759555411059E-6	27.825892325700273
2213.853515625	0.22197151184082	6.412954098777846E-5	6.412954098777846E-5	27.825892325700273
2213.9892578125	0.262050628662109	0.00032202876173	0.00032202876173	27.825892325700273
2214.1240234375	0.302505493164062	0.001088602468371	0.001088602468371	27.825892325700273
2214.166015625	0.343032836914062	0.00257704500109	0.00257704500109	27.825892325700273
2214.2080078125	0.383209228515625	0.004665208980441	0.004665208980441	27.825892325700273
2214.25	0.423744201660156	0.007173073943704	0.007173073943704	27.825892325700273
2214.2919921875	0.463933944702148	0.009912747889757	0.009912747889757	27.825892325700273
2214.3798828125	0.504251480102539	0.012948550283909	0.012948550283909	27.825892325700273
2214.421875	0.544406890869141	0.015988178551197	0.015988178551197	27.825892325700273
2214.4638671875	0.584892272949219	0.019135303795338	0.019135303795338	27.825892325700273
2214.505859375	0.625036239624023	0.022318415343761	0.022318415343761	27.825892325700273
2214.5478515625	0.665472030639648	0.025568336248398	0.025568336248398	27.825892325700273
2214.58984375	0.705284118652344	0.028808727860451	0.028808727860451	27.825892325700273
2214.6318359375	0.746110916137695	0.032163672149181	0.032163672149181	27.825892325700273
2214.673828125	0.785924911499023	0.035499751567841	0.035499751567841	27.825892325700273
2214.7158203125	0.826772689819336	0.038977138698101	0.038977138698101	27.825892325700273
2214.7578125	0.867275238037109	0.042504094541073	0.042504094541073	27.825892325700273
2214.7998046875	0.907062530517578	0.046048283576965	0.046048283576965	27.825892325700273
2214.841796875	0.947906494140625	0.049725227057934	0.049725227057934	27.825892325700273
2214.8837890625	0.987701416015625	0.05339964479208	0.05339964479208	27.825892325700273
2214.92578125	1.028200149536133	0.057142943143845	0.057142943143845	27.825892325700273
2214.9677734375	1.068367004394531	0.060929574072361	0.060929574072361	27.825892325700273
2215.009765625	1.108840942382812	0.064735107123852	0.064735107123852	27.825892325700273
2215.0517578125	1.149009704589844	0.06846822053194	0.06846822053194	27.825892325700273
2215.09375	1.189496994018555	0.072258897125721	0.072258897125721	27.825892325700273
2215.1357421875	1.229654312133789	0.076106660068035	0.076106660068035	27.825892325700273
2215.177734375	1.2701416015625	0.080252036452293	0.080252036452293	27.825892325700273
2215.2197265625	1.310297012329102	0.084302879869938	0.084302879869938	27.825892325700273
2215.26171875	1.35076904296875	0.088263504207134	0.088263504207134	27.825892325700273
2215.3037109375	1.391193389892578	0.092169046401978	0.092169046401978	27.825892325700273
2215.3447265625	1.431241989135742	0.096070699393749	0.096070699393749	27.825892325700273
2215.38671875	1.470430374145508	0.099889017641544	0.099889017641544	27.825892325700273
2215.4296875	1.467369079589844	0.100001707673073	0.100001707673073	27.825892325700273
2215.4716796875	1.465568542480469	0.100001692771912	0.100001692771912	27.825892325700273
2215.513671875	1.464300155639648	0.100001700222492	0.100001700222492	27.825892325700273
2215.5556640625	1.463180541992187	0.10000167787075	0.10000167787075	27.825892325700273
2215.5986328125	1.462331771850586	0.100001692771912	0.100001692771912	27.825892325700273
2215.640625	1.461584091186523	0.10000167042017	0.10000167042017	27.825892325700273
2215.6826171875	1.460983276367187	0.100001655519009	0.100001655519009	27.825892325700273
2215.724609375	1.460407257080078	0.10000167042017	0.10000167042017	27.825892325700273
2215.767578125	1.459938049316406	0.100001662969589	0.100001662969589	27.825892325700273
2215.8095703125	1.459495544433594	0.100001692771912	0.100001692771912	27.825892325700273
2215.8515625	1.459064483642578	0.10000167787075	0.10000167787075	27.825892325700273
2215.8935546875	1.45866584777832	0.100001700222492	0.100001700222492	27.825892325700273
2215.9365234375	1.458332061767578	0.100001662969589	0.100001662969589	27.825892325700273
2215.978515625	1.45793342590332	0.100001715123653	0.100001715123653	27.825892325700273
2216.0205078125	1.457635879516602	0.10000167042017	0.10000167042017	27.825892325700273
2216.0625	1.457319259643555	0.100001655519009	0.100001655519009	27.825892325700273
2216.10546875	1.457036972045898	0.100001662969589	0.100001662969589	27.825892325700273
2216.1474609375	1.456764221191406	0.100001700222492	0.100001700222492	27.825892325700273
2216.189453125	1.456546783447266	0.100001722574234	0.100001722574234	27.825892325700273
2216.2314453125	1.456319808959961	0.10000167787075	0.10000167787075	27.825892325700273
2216.2744140625	1.456199645996094	0.100001685321331	0.100001685321331	27.825892325700273
2216.31640625	1.455961227416992	0.100001685321331	0.100001685321331	27.825892325700273
2216.3583984375	1.455787658691406	0.10000167042017	0.10000167042017	27.825892325700273
2216.400390625	1.455593109130859	0.10000167787075	0.10000167787075	27.825892325700273
2216.443359375	1.455364227294922	0.10000167042017	0.10000167042017	27.825892325700273
2216.4853515625	1.455110549926758	0.100001662969589	0.100001662969589	27.825892325700273
2216.52734375	1.454896926879883	0.100001655519009	0.100001655519009	27.825892325700273
2216.5693359375	1.454734802246094	0.100001662969589	0.100001662969589	27.825892325700273
2216.6123046875	1.454618453979492	0.100001685321331	0.100001685321331	27.825892325700273
2216.654296875	1.454477310180664	0.10000167787075	0.10000167787075	27.825892325700273
2216.6962890625	1.454364776611328	0.10000167042017	0.10000167042017	27.825892325700273
2216.73828125	1.454238891601562	0.10000167787075	0.10000167787075	27.825892325700273
2216.78125	1.454122543334961	0.10000167042017	0.10000167042017	27.825892325700273
2216.8232421875	1.454015731811523	0.100001685321331	0.100001685321331	27.825892325700273
2216.865234375	1.453922271728516	0.100001685321331	0.100001685321331	27.825892325700273
2216.9072265625	1.453754425048828	0.10000167042017	0.10000167042017	27.825892325700273
2216.9501953125	1.45367431640625	0.100001655519009	0.100001655519009	27.825892325700273
2216.9921875	1.453563690185547	0.10000167787075	0.10000167787075	27.825892325700273
