[INFO]
Keithley 2400
Meas Time: 2021/1/19 11:04:34
Params: GPIB address = GPIB0::21::INSTR; DataFile = D:\工艺实验\阮嘉恒; Compliance  Level (0.1) = 0.100000000000000; Number of Points (5) = 100; Minimum Amplitude (1) = -3.000000000000000; Maximum Amplitude (2) = 3.000000000000000; Timeout (100000 ms) = 100000; Source Mode  (0: Voltage) = 0; 4-wire? = FALSE; delay(S) = 0.000000000000000; Start = ; 

[COMMENT]


[DATA]
time (s)	Voltage (V)	Current (A)	absCurrent (A)	Fitting Resistance (Ohms)

11241.2880859375	-3.000682830810547	-2.808064891723916E-11	2.808064891723916E-11	-532458932.148727953
11241.330078125	-2.940301895141602	9.58721102506388E-10	9.58721102506388E-10	-532458932.148727953
11241.3720703125	-2.879579544067383	7.380549504887313E-10	7.380549504887313E-10	-532458932.148727953
11241.4140625	-2.818485260009766	1.094122126232833E-9	1.094122126232833E-9	-532458932.148727953
11241.4560546875	-2.758090972900391	1.164721652457956E-9	1.164721652457956E-9	-532458932.148727953
11241.498046875	-2.697385787963867	1.561943463457283E-9	1.561943463457283E-9	-532458932.148727953
11241.5400390625	-2.636800765991211	1.620719558559358E-9	1.620719558559358E-9	-532458932.148727953
11241.58203125	-2.576547622680664	1.837634044932201E-9	1.837634044932201E-9	-532458932.148727953
11241.6240234375	-2.51561164855957	1.252260517503601E-9	1.252260517503601E-9	-532458932.148727953
11241.666015625	-2.455015182495117	1.425860318704508E-9	1.425860318704508E-9	-532458932.148727953
11241.7080078125	-2.39476203918457	1.187459020002279E-9	1.187459020002279E-9	-532458932.148727953
11241.75	-2.334144592285156	1.195871845993679E-9	1.195871845993679E-9	-532458932.148727953
11241.7919921875	-2.273227691650391	1.233615876117256E-9	1.233615876117256E-9	-532458932.148727953
11241.833984375	-2.212970733642578	1.015791895042639E-9	1.015791895042639E-9	-532458932.148727953
11241.8759765625	-2.152379989624023	6.722302714479156E-10	6.722302714479156E-10	-532458932.148727953
11241.91796875	-2.092138290405273	2.559090717113577E-10	2.559090717113577E-10	-532458932.148727953
11241.9599609375	-2.031524658203125	7.327116691158153E-10	7.327116691158153E-10	-532458932.148727953
11242.001953125	-1.970640182495117	8.374172466574237E-10	8.374172466574237E-10	-532458932.148727953
11242.0439453125	-1.910409927368164	1.004309524432756E-9	1.004309524432756E-9	-532458932.148727953
11242.0849609375	-1.84979248046875	1.288753992412239E-9	1.288753992412239E-9	-532458932.148727953
11242.126953125	-1.789548873901367	1.315015651925933E-9	1.315015651925933E-9	-532458932.148727953
11242.1689453125	-1.72894287109375	1.271018845727667E-9	1.271018845727667E-9	-532458932.148727953
11242.2109375	-1.667993545532227	1.303192220802885E-9	1.303192220802885E-9	-532458932.148727953
11242.2529296875	-1.607736587524414	1.312628228333779E-9	1.312628228333779E-9	-532458932.148727953
11242.294921875	-1.547124862670898	1.413013706041966E-9	1.413013706041966E-9	-532458932.148727953
11242.3369140625	-1.486879348754883	1.263629201275762E-9	1.263629201275762E-9	-532458932.148727953
11242.37890625	-1.425933837890625	1.242256075784098E-9	1.242256075784098E-9	-532458932.148727953
11242.4208984375	-1.365346908569336	1.1439169611549E-9	1.1439169611549E-9	-532458932.148727953
11242.462890625	-1.305025100708008	8.98012331163045E-10	8.98012331163045E-10	-532458932.148727953
11242.5048828125	-1.244266510009766	9.13701114768628E-10	9.13701114768628E-10	-532458932.148727953
11242.546875	-1.183544158935547	9.371206033392809E-10	9.371206033392809E-10	-532458932.148727953
11242.5888671875	-1.122467041015625	8.918732419260778E-10	8.918732419260778E-10	-532458932.148727953
11242.630859375	-1.062067031860352	8.279812391265295E-10	8.279812391265295E-10	-532458932.148727953
11242.6728515625	-1.001314163208008	1.095258994610049E-9	1.095258994610049E-9	-532458932.148727953
11242.71484375	-0.940927505493164	1.199055077449884E-9	1.199055077449884E-9	-532458932.148727953
11242.7568359375	-0.880191802978516	1.178136699309107E-9	1.178136699309107E-9	-532458932.148727953
11242.798828125	-0.819091796875	1.335592969553545E-9	1.335592969553545E-9	-532458932.148727953
11242.8408203125	-0.758705139160156	1.214743861055467E-9	1.214743861055467E-9	-532458932.148727953
11242.8828125	-0.697965621948242	1.315015651925933E-9	1.315015651925933E-9	-532458932.148727953
11242.9248046875	-0.637538909912109	1.13470832729945E-9	1.13470832729945E-9	-532458932.148727953
11242.9658203125	-0.576881408691406	1.151420292444527E-9	1.151420292444527E-9	-532458932.148727953
11243.0078125	-0.515813827514648	1.006583261187188E-9	1.006583261187188E-9	-532458932.148727953
11243.0498046875	-0.455402374267578	9.223413144354708E-10	9.223413144354708E-10	-532458932.148727953
11243.091796875	-0.394660949707031	8.501501724822447E-10	8.501501724822447E-10	-532458932.148727953
11243.1337890625	-0.334283828735352	8.013785190996714E-10	8.013785190996714E-10	-532458932.148727953
11243.17578125	-0.273172378540039	1.030230123433284E-9	1.030230123433284E-9	-532458932.148727953
11243.2177734375	-0.212444305419922	1.270336724701338E-9	1.270336724701338E-9	-532458932.148727953
11243.259765625	-0.152063369750977	1.368562152492814E-9	1.368562152492814E-9	-532458932.148727953
11243.3017578125	-0.09130859375	1.436774255125783E-9	1.436774255125783E-9	-532458932.148727953
11243.34375	-0.030902862548828	1.40346401167335E-9	1.40346401167335E-9	-532458932.148727953
11243.3857421875	0.030824661254883	8.475353752146475E-10	8.475353752146475E-10	-532458932.148727953
11243.427734375	0.09156608581543	1.087073542294092E-9	1.087073542294092E-9	-532458932.148727953
11243.4697265625	0.15196418762207	8.944880391936749E-10	8.944880391936749E-10	-532458932.148727953
11243.51171875	0.212692260742187	9.571294867782854E-10	9.571294867782854E-10	-532458932.148727953
11243.5537109375	0.273090362548828	8.32301338959951E-10	8.32301338959951E-10	-532458932.148727953
11243.595703125	0.334178924560547	9.481482265982777E-10	9.481482265982777E-10	-532458932.148727953
11243.6376953125	0.394908905029297	9.703171599539928E-10	9.703171599539928E-10	-532458932.148727953
11243.6796875	0.455320358276367	9.603127182344906E-10	9.603127182344906E-10	-532458932.148727953
11243.7216796875	0.516071319580078	1.112539393943734E-9	1.112539393943734E-9	-532458932.148727953
11243.763671875	0.577121734619141	1.262606019736268E-9	1.262606019736268E-9	-532458932.148727953
11243.8056640625	0.637435913085937	1.325247467320878E-9	1.325247467320878E-9	-532458932.148727953
11243.84765625	0.698196411132812	1.185753717436455E-9	1.185753717436455E-9	-532458932.148727953
11243.8896484375	0.758575439453125	1.127318682847545E-9	1.127318682847545E-9	-532458932.148727953
11243.931640625	0.819316864013672	9.252971722162329E-10	9.252971722162329E-10	-532458932.148727953
11243.9736328125	0.88041877746582	9.798668543226086E-10	9.798668543226086E-10	-532458932.148727953
11244.015625	0.940780639648437	9.957830116036348E-10	9.957830116036348E-10	-532458932.148727953
11244.0576171875	1.001523971557617	1.067633093043696E-9	1.067633093043696E-9	-532458932.148727953
11244.099609375	1.061922073364258	1.2043983588228E-9	1.2043983588228E-9	-532458932.148727953
11244.1416015625	1.122669219970703	1.23952759167878E-9	1.23952759167878E-9	-532458932.148727953
11244.1826171875	1.183734893798828	1.313878783548716E-9	1.313878783548716E-9	-532458932.148727953
11244.224609375	1.244150161743164	1.178136699309107E-9	1.178136699309107E-9	-532458932.148727953
11244.2666015625	1.304889678955078	1.019202500174288E-9	1.019202500174288E-9	-532458932.148727953
11244.30859375	1.365219116210937	8.759570846450515E-10	8.759570846450515E-10	-532458932.148727953
11244.3505859375	1.425811767578125	8.436700227321126E-10	8.436700227321126E-10	-532458932.148727953
11244.392578125	1.48676872253418	8.353708835784346E-10	8.353708835784346E-10	-532458932.148727953
11244.4345703125	1.547025680541992	9.235918696504086E-10	9.235918696504086E-10	-532458932.148727953
11244.4765625	1.60760498046875	1.049670572683681E-9	1.049670572683681E-9	-532458932.148727953
11244.5185546875	1.667873382568359	1.204853106173687E-9	1.204853106173687E-9	-532458932.148727953
11244.560546875	1.728815078735352	1.16290266305441E-9	1.16290266305441E-9	-532458932.148727953
11244.6025390625	1.789409637451172	1.104240254790056E-9	1.104240254790056E-9	-532458932.148727953
11244.64453125	1.849658966064453	1.144485395343509E-9	1.144485395343509E-9	-532458932.148727953
11244.6865234375	1.910270690917969	1.234980118169915E-9	1.234980118169915E-9	-532458932.148727953
11244.728515625	1.97050666809082	1.128569238062482E-9	1.128569238062482E-9	-532458932.148727953
11244.7705078125	2.031448364257812	9.798668543226086E-10	9.798668543226086E-10	-532458932.148727953
11244.8125	2.09197998046875	8.894858183339238E-10	8.894858183339238E-10	-532458932.148727953
11244.8544921875	2.152219772338867	8.338929546880536E-10	8.338929546880536E-10	-532458932.148727953
11244.896484375	2.212810516357422	1.049784259521402E-9	1.049784259521402E-9	-532458932.148727953
11244.9384765625	2.273075103759766	1.150510797742754E-9	1.150510797742754E-9	-532458932.148727953
11244.98046875	2.333986282348633	1.30637545225909E-9	1.30637545225909E-9	-532458932.148727953
11245.0224609375	2.394590377807617	1.206217348226346E-9	1.206217348226346E-9	-532458932.148727953
11245.064453125	2.454849243164062	1.145735950558446E-9	1.145735950558446E-9	-532458932.148727953
11245.1064453125	2.515434265136719	1.108787728298921E-9	1.108787728298921E-9	-532458932.148727953
11245.1474609375	2.57640266418457	1.128228177549317E-9	1.128228177549317E-9	-532458932.148727953
11245.189453125	2.636638641357422	9.19044396141544E-10	9.19044396141544E-10	-532458932.148727953
11245.2314453125	2.697221755981445	6.529035090352409E-10	6.529035090352409E-10	-532458932.148727953
11245.2734375	2.757558822631836	8.584493116359226E-10	8.584493116359226E-10	-532458932.148727953
11245.3154296875	2.818296432495117	9.180212146020494E-10	9.180212146020494E-10	-532458932.148727953
11245.357421875	2.879371643066406	7.129301593522541E-10	7.129301593522541E-10	-532458932.148727953
11245.3994140625	2.939762115478516	1.1523297871463E-9	1.1523297871463E-9	-532458932.148727953
11245.44140625	3.000518798828125	1.324337972619105E-9	1.324337972619105E-9	-532458932.148727953
11295.900390625	-3.000724792480469	-0.000129819381982	0.000129819381982	30.738061525089559
11295.9423828125	-2.940349578857422	-0.000129783293232	0.000129783293232	30.738061525089559
11295.984375	-2.879610061645508	-0.000129683990963	0.000129683990963	30.738061525089559
11296.0263671875	-2.818519592285156	-0.000129564316012	0.000129564316012	30.738061525089559
11296.068359375	-2.758106231689453	-0.000129401101731	0.000129401101731	30.738061525089559
11296.1103515625	-2.697420120239258	-0.000129188294522	0.000129188294522	30.738061525089559
11296.15234375	-2.636842727661133	-0.000128948828205	0.000128948828205	30.738061525089559
11296.1943359375	-2.576572418212891	-0.000128719606437	0.000128719606437	30.738061525089559
11296.236328125	-2.515645980834961	-0.000128460698761	0.000128460698761	30.738061525089559
11296.2783203125	-2.455047607421875	-0.000128168961965	0.000128168961965	30.738061525089559
11296.3203125	-2.394794464111328	-0.000127845676616	0.000127845676616	30.738061525089559
11296.3623046875	-2.334192276000977	-0.000127513543703	0.000127513543703	30.738061525089559
11296.404296875	-2.27326774597168	-0.000127176521346	0.000127176521346	30.738061525089559
11296.4462890625	-2.212987899780273	-0.000126816914417	0.000126816914417	30.738061525089559
11296.48828125	-2.152408599853516	-0.000126407132484	0.000126407132484	30.738061525089559
11296.5302734375	-2.0921630859375	-0.000125978374854	0.000125978374854	30.738061525089559
11296.572265625	-2.031547546386719	-0.00012553925626	0.00012553925626	30.738061525089559
11296.6142578125	-1.970666885375977	-0.000125085585751	0.000125085585751	30.738061525089559
11296.65625	-1.910438537597656	-0.000124591169879	0.000124591169879	30.738061525089559
11296.6982421875	-1.849819183349609	-0.000124053563923	0.000124053563923	30.738061525089559
11296.740234375	-1.789571762084961	-0.000123508041725	0.000123508041725	30.738061525089559
11296.7822265625	-1.728984832763672	-0.000122932018712	0.000122932018712	30.738061525089559
11296.82421875	-1.668018341064453	-0.000122323515825	0.000122323515825	30.738061525089559
11296.8662109375	-1.607770919799805	-0.000121675780974	0.000121675780974	30.738061525089559
11296.908203125	-1.54716682434082	-0.000120980199426	0.000120980199426	30.738061525089559
11296.9501953125	-1.486906051635742	-0.0001202741405	0.0001202741405	30.738061525089559
11296.9921875	-1.425949096679687	-0.000119526521303	0.000119526521303	30.738061525089559
11297.0341796875	-1.365358352661133	-0.00011872232426	0.00011872232426	30.738061525089559
11297.076171875	-1.30504035949707	-0.000117867835797	0.000117867835797	30.738061525089559
11297.1181640625	-1.244291305541992	-0.000116967246868	0.000116967246868	30.738061525089559
11297.16015625	-1.183567047119141	-0.000116039998829	0.000116039998829	30.738061525089559
11297.2021484375	-1.122499465942383	-0.000115041271783	0.000115041271783	30.738061525089559
11297.244140625	-1.062089920043945	-0.000113984104246	0.000113984104246	30.738061525089559
11297.2861328125	-1.001348495483398	-0.000112864305265	0.000112864305265	30.738061525089559
11297.328125	-0.940954208374023	-0.000111689791083	0.000111689791083	30.738061525089559
11297.3701171875	-0.880218505859375	-0.000110441469587	0.000110441469587	30.738061525089559
11297.412109375	-0.819131851196289	-0.000109110376798	0.000109110376798	30.738061525089559
11297.4541015625	-0.758724212646484	-0.000107703031972	0.000107703031972	30.738061525089559
11297.4951171875	-0.697992324829102	-0.000106193125248	0.000106193125248	30.738061525089559
11297.537109375	-0.637582778930664	-0.000104621867649	0.000104621867649	30.738061525089559
11297.5791015625	-0.576908111572266	-0.000102935940959	0.000102935940959	30.738061525089559
11297.62109375	-0.515834808349609	-0.000101112527773	0.000101112527773	30.738061525089559
11297.71484375	-0.455644607543945	-9.916242561303079E-5	9.916242561303079E-5	30.738061525089559
11297.7568359375	-0.394893646240234	-9.709162986837327E-5	9.709162986837327E-5	30.738061525089559
11297.798828125	-0.334514617919922	-9.488269279245287E-5	9.488269279245287E-5	30.738061525089559
11297.8408203125	-0.273399353027344	-9.249213326256722E-5	9.249213326256722E-5	30.738061525089559
11297.8828125	-0.212657928466797	-8.991487266030163E-5	8.991487266030163E-5	30.738061525089559
11297.9248046875	-0.152275085449219	-8.712476119399071E-5	8.712476119399071E-5	30.738061525089559
11297.966796875	-0.091516494750977	-8.407613495364785E-5	8.407613495364785E-5	30.738061525089559
11298.0087890625	-0.031108856201172	-8.076851372607052E-5	8.076851372607052E-5	30.738061525089559
11298.05078125	0.030681610107422	-7.699504203628749E-5	7.699504203628749E-5	30.738061525089559
11298.0927734375	0.091424942016602	-7.237019599415362E-5	7.237019599415362E-5	30.738061525089559
11298.134765625	0.151844024658203	-6.234964530449361E-5	6.234964530449361E-5	30.738061525089559
11298.2314453125	0.212623596191406	-5.832077476952691E-6	5.832077476952691E-6	30.738061525089559
11298.3671875	0.273155212402344	0.000306276138872	0.000306276138872	30.738061525089559
11298.501953125	0.334217071533203	0.001519725658	0.001519725658	30.738061525089559
11298.5439453125	0.394973754882812	0.003361500799656	0.003361500799656	30.738061525089559
11298.5859375	0.455421447753906	0.00553579442203	0.00553579442203	30.738061525089559
11298.6279296875	0.516225814819336	0.007866558618844	0.007866558618844	30.738061525089559
11298.669921875	0.577322006225586	0.010258356109262	0.010258356109262	30.738061525089559
11298.7578125	0.637460708618164	0.016316249966621	0.016316249966621	30.738061525089559
11298.7998046875	0.69822883605957	0.019518978893757	0.019518978893757	30.738061525089559
11298.841796875	0.758617401123047	0.022690527141094	0.022690527141094	30.738061525089559
11298.8837890625	0.819362640380859	0.025853373110294	0.025853373110294	30.738061525089559
11298.92578125	0.880466461181641	0.029006406664848	0.029006406664848	30.738061525089559
11298.9677734375	0.940853118896484	0.032101660966873	0.032101660966873	30.738061525089559
11299.009765625	1.00160026550293	0.035193607211113	0.035193607211113	30.738061525089559
11299.0517578125	1.062004089355469	0.038264647126198	0.038264647126198	30.738061525089559
11299.09375	1.122734069824219	0.041409619152546	0.041409619152546	30.738061525089559
11299.1357421875	1.183822631835937	0.045427747070789	0.045427747070789	30.738061525089559
11299.177734375	1.244234085083008	0.049892418086529	0.049892418086529	30.738061525089559
11299.2197265625	1.304977416992187	0.055574379861355	0.055574379861355	30.738061525089559
11299.26171875	1.365324020385742	0.061488434672356	0.061488434672356	30.738061525089559
11299.3037109375	1.425920486450195	0.067699320614338	0.067699320614338	30.738061525089559
11299.345703125	1.486898422241211	0.073333345353603	0.073333345353603	30.738061525089559
11299.3876953125	1.547168731689453	0.078665010631084	0.078665010631084	30.738061525089559
11299.4296875	1.607761383056641	0.084199085831642	0.084199085831642	30.738061525089559
11299.4716796875	1.668025970458984	0.090121045708656	0.090121045708656	30.738061525089559
11299.513671875	1.728977203369141	0.096061408519745	0.096061408519745	30.738061525089559
11299.5556640625	1.761093139648437	0.10000304877758	0.10000304877758	30.738061525089559
11299.59765625	1.752567291259766	0.100002869963646	0.100002869963646	30.738061525089559
11299.6396484375	1.747293472290039	0.100002847611904	0.100002847611904	30.738061525089559
11299.681640625	1.743988037109375	0.100002847611904	0.100002847611904	30.738061525089559
11299.724609375	1.741897583007812	0.100002832710743	0.100002832710743	30.738061525089559
11299.7666015625	1.738567352294922	0.100002810359001	0.100002810359001	30.738061525089559
11299.80859375	1.736997604370117	0.100002750754356	0.100002750754356	30.738061525089559
11299.8505859375	1.73570442199707	0.100002817809582	0.100002817809582	30.738061525089559
11299.8935546875	1.734491348266602	0.100002773106098	0.100002773106098	30.738061525089559
11299.935546875	1.733224868774414	0.100002810359001	0.100002810359001	30.738061525089559
11299.9775390625	1.730712890625	0.10000279545784	0.10000279545784	30.738061525089559
11300.01953125	1.729143142700195	0.100002847611904	0.100002847611904	30.738061525089559
11300.0625	1.727788925170898	0.100002847611904	0.100002847611904	30.738061525089559
11300.1044921875	1.726669311523437	0.100002810359001	0.100002810359001	30.738061525089559
11300.146484375	1.724601745605469	0.100002847611904	0.100002847611904	30.738061525089559
11300.1884765625	1.723085403442383	0.100002840161324	0.100002840161324	30.738061525089559
11300.2314453125	1.721805572509766	0.100002832710743	0.100002832710743	30.738061525089559
11300.2734375	1.720830917358398	0.100002832710743	0.100002832710743	30.738061525089559
11300.3154296875	1.719619750976562	0.100002825260162	0.100002825260162	30.738061525089559
11300.357421875	1.718338012695312	0.100002877414227	0.100002877414227	30.738061525089559
11300.400390625	1.716936111450195	0.100002780556679	0.100002780556679	30.738061525089559
11308.2734375	-3.000720977783203	-0.000130624510348	0.000130624510348	30.578624408616569
11308.3154296875	-2.940340042114258	-0.000130591331981	0.000130591331981	30.578624408616569
11308.357421875	-2.879594802856445	-0.000130498898216	0.000130498898216	30.578624408616569
11308.3994140625	-2.818515777587891	-0.000130336848088	0.000130336848088	30.578624408616569
11308.44140625	-2.758098602294922	-0.000130148255266	0.000130148255266	30.578624408616569
11308.4833984375	-2.697420120239258	-0.000129950232804	0.000129950232804	30.578624408616569
11308.525390625	-2.636838912963867	-0.00012972636614	0.00012972636614	30.578624408616569
11308.5673828125	-2.576572418212891	-0.000129486899823	0.000129486899823	30.578624408616569
11308.609375	-2.51563835144043	-0.000129199004732	0.000129199004732	30.578624408616569
11308.6513671875	-2.455039978027344	-0.000128889223561	0.000128889223561	30.578624408616569
11308.693359375	-2.394783020019531	-0.00012859411072	0.00012859411072	30.578624408616569
11308.7353515625	-2.334188461303711	-0.000128265586682	0.000128265586682	30.578624408616569
11308.77734375	-2.27325439453125	-0.000127912499011	0.000127912499011	30.578624408616569
11308.8193359375	-2.212985992431641	-0.000127517501824	0.000127517501824	30.578624408616569
11308.861328125	-2.152399063110352	-0.000127120292746	0.000127120292746	30.578624408616569
11308.9033203125	-2.09214973449707	-0.000126707251184	0.000126707251184	30.578624408616569
11308.9453125	-2.031524658203125	-0.000126263592392	0.000126263592392	30.578624408616569
11308.9873046875	-1.970664978027344	-0.00012577790767	0.00012577790767	30.578624408616569
11309.029296875	-1.910430908203125	-0.000125275342725	0.000125275342725	30.578624408616569
11309.0712890625	-1.849811553955078	-0.000124751240946	0.000124751240946	30.578624408616569
11309.11328125	-1.789558410644531	-0.000124214566313	0.000124214566313	30.578624408616569
11309.1552734375	-1.728975296020508	-0.000123624457046	0.000123624457046	30.578624408616569
11309.197265625	-1.668014526367187	-0.000122985220514	0.000122985220514	30.578624408616569
11309.2392578125	-1.607770919799805	-0.000122343073599	0.000122343073599	30.578624408616569
11309.28125	-1.547170639038086	-0.000121669727378	0.000121669727378	30.578624408616569
11309.3232421875	-1.486907958984375	-0.000120951910503	0.000120951910503	30.578624408616569
11309.365234375	-1.425960540771484	-0.000120169483125	0.000120169483125	30.578624408616569
11309.40625	-1.365367889404297	-0.000119355856441	0.000119355856441	30.578624408616569
11309.4482421875	-1.305046081542969	-0.000118519295938	0.000118519295938	30.578624408616569
11309.490234375	-1.244300842285156	-0.000117634888738	0.000117634888738	30.578624408616569
11309.5322265625	-1.183563232421875	-0.000116677489132	0.000116677489132	30.578624408616569
11309.57421875	-1.122488021850586	-0.000115653965622	0.000115653965622	30.578624408616569
11309.6162109375	-1.062082290649414	-0.000114599824883	0.000114599824883	30.578624408616569
11309.658203125	-1.001335144042969	-0.000113491201773	0.000113491201773	30.578624408616569
11309.7001953125	-0.940952301025391	-0.000112310051918	0.000112310051918	30.578624408616569
11309.7421875	-0.880222320556641	-0.000111039611511	0.000111039611511	30.578624408616569
11309.7841796875	-0.819122314453125	-0.000109688262455	0.000109688262455	30.578624408616569
11309.826171875	-0.758710861206055	-0.000108286156319	0.000108286156319	30.578624408616569
11309.8681640625	-0.697992324829102	-0.000106789753772	0.000106789753772	30.578624408616569
11309.91015625	-0.637580871582031	-0.000105191138573	0.000105191138573	30.578624408616569
11309.9521484375	-0.576902389526367	-0.00010347715579	0.00010347715579	30.578624408616569
11309.994140625	-0.515838623046875	-0.000101649900898	0.000101649900898	30.578624408616569
11310.0869140625	-0.455635070800781	-9.969562233891338E-5	9.969562233891338E-5	30.578624408616569
11310.12890625	-0.394889831542969	-9.76346927927807E-5	9.76346927927807E-5	30.578624408616569
11310.1708984375	-0.334512710571289	-9.542240877635777E-5	9.542240877635777E-5	30.578624408616569
11310.212890625	-0.273401260375977	-9.299445082433522E-5	9.299445082433522E-5	30.578624408616569
11310.2548828125	-0.212654113769531	-9.03900945559144E-5	9.03900945559144E-5	30.578624408616569
11310.296875	-0.152263641357422	-8.760129276197404E-5	8.760129276197404E-5	30.578624408616569
11310.3388671875	-0.091518402099609	-8.455933129880577E-5	8.455933129880577E-5	30.578624408616569
11310.380859375	-0.031103134155273	-8.122784493025392E-5	8.122784493025392E-5	30.578624408616569
11310.423828125	0.030664443969727	-7.742746674921364E-5	7.742746674921364E-5	30.578624408616569
11310.4658203125	0.091415405273437	-7.282078149728477E-5	7.282078149728477E-5	30.578624408616569
11310.5078125	0.151840209960937	-6.306693830993026E-5	6.306693830993026E-5	30.578624408616569
11310.6044921875	0.212610244750977	-6.295048478932586E-6	6.295048478932586E-6	30.578624408616569
11310.740234375	0.273168563842773	0.00039221154293	0.00039221154293	30.578624408616569
11310.8740234375	0.334217071533203	0.002004406414926	0.002004406414926	30.578624408616569
11310.916015625	0.394996643066406	0.004909785464406	0.004909785464406	30.578624408616569
11310.9580078125	0.455461502075195	0.008551867678761	0.008551867678761	30.578624408616569
11311.046875	0.516075134277344	0.012649208307266	0.012649208307266	30.578624408616569
11311.0888671875	0.577125549316406	0.016917414963245	0.016917414963245	30.578624408616569
11311.130859375	0.637456893920898	0.021266482770443	0.021266482770443	30.578624408616569
11311.1728515625	0.698232650756836	0.025723531842232	0.025723531842232	30.578624408616569
11311.21484375	0.758625030517578	0.030197657644749	0.030197657644749	30.578624408616569
11311.2568359375	0.819377899169922	0.034721098840237	0.034721098840237	30.578624408616569
11311.298828125	0.880477905273437	0.039286844432354	0.039286844432354	30.578624408616569
11311.3408203125	0.940868377685547	0.04380214959383	0.04380214959383	30.578624408616569
11311.3828125	1.001621246337891	0.048338621854782	0.048338621854782	30.578624408616569
11311.4248046875	1.062030792236328	0.052837394177914	0.052837394177914	30.578624408616569
11311.4658203125	1.122770309448242	0.057344935834408	0.057344935834408	30.578624408616569
11311.5078125	1.18385124206543	0.061855502426624	0.061855502426624	30.578624408616569
11311.5498046875	1.244266510009766	0.066300973296165	0.066300973296165	30.578624408616569
11311.591796875	1.30500602722168	0.070740893483162	0.070740893483162	30.578624408616569
11311.6337890625	1.365346908569336	0.075128331780434	0.075128331780434	30.578624408616569
11311.67578125	1.42595100402832	0.079512171447277	0.079512171447277	30.578624408616569
11311.7177734375	1.48692512512207	0.083891741931438	0.083891741931438	30.578624408616569
11311.759765625	1.547178268432617	0.088187031447887	0.088187031447887	30.578624408616569
11311.8017578125	1.607780456542969	0.092478267848492	0.092478267848492	30.578624408616569
11311.84375	1.668045043945312	0.096731498837471	0.096731498837471	30.578624408616569
11311.8857421875	1.713596343994141	0.100000113248825	0.100000113248825	30.578624408616569
11311.927734375	1.712913513183594	0.100002817809582	0.100002817809582	30.578624408616569
11311.9697265625	1.711814880371094	0.100002825260162	0.100002825260162	30.578624408616569
11312.0126953125	1.711111068725586	0.10000279545784	0.10000279545784	30.578624408616569
11312.0546875	1.71055793762207	0.100002817809582	0.100002817809582	30.578624408616569
11312.0966796875	1.710149765014648	0.100002817809582	0.100002817809582	30.578624408616569
11312.138671875	1.709697723388672	0.100002788007259	0.100002788007259	30.578624408616569
11312.181640625	1.709342956542969	0.100002810359001	0.100002810359001	30.578624408616569
11312.2236328125	1.709054946899414	0.100002810359001	0.100002810359001	30.578624408616569
11312.265625	1.708757400512695	0.100002810359001	0.100002810359001	30.578624408616569
11312.3076171875	1.708452224731445	0.100002847611904	0.100002847611904	30.578624408616569
11312.3505859375	1.708263397216797	0.100002825260162	0.100002825260162	30.578624408616569
11312.392578125	1.708028793334961	0.100002855062485	0.100002855062485	30.578624408616569
11312.4345703125	1.707796096801758	0.100002840161324	0.100002840161324	30.578624408616569
11312.4765625	1.707557678222656	0.100002869963646	0.100002869963646	30.578624408616569
11312.51953125	1.707376480102539	0.100002855062485	0.100002855062485	30.578624408616569
11312.5615234375	1.707096099853516	0.100002765655518	0.100002765655518	30.578624408616569
11312.603515625	1.706979751586914	0.100002810359001	0.100002810359001	30.578624408616569
11312.6455078125	1.706781387329102	0.100002817809582	0.100002817809582	30.578624408616569
11312.6884765625	1.706535339355469	0.100002802908421	0.100002802908421	30.578624408616569
11312.73046875	1.706171035766602	0.100002802908421	0.100002802908421	30.578624408616569
11312.7724609375	1.705949783325195	0.100002840161324	0.100002840161324	30.578624408616569
