[INFO]
Keithley 2400
Meas Time: 2021/1/19 14:46:40
Params: GPIB address = GPIB0::21::INSTR; DataFile = D:\工艺实验\陈京国; Compliance  Level (0.1) = 0.100000000000000; Number of Points (5) = 200; Minimum Amplitude (1) = -3.000000000000000; Maximum Amplitude (2) = 3.000000000000000; Timeout (100000 ms) = 100000; Source Mode  (0: Voltage) = 0; 4-wire? = FALSE; delay(S) = 0.000000000000000; Start = ; 

[COMMENT]


[DATA]
time (s)	Voltage (V)	Current (A)	absCurrent (A)	Fitting Resistance (Ohms)

6309.98925781249999	-3.000888824462891	-8.333417645189911E-5	8.333417645189911E-5	27.351256945688288
6310.03124999999999	-2.971052169799805	-8.36203689686954E-5	8.36203689686954E-5	27.351256945688288
6310.07324218749999	-2.940505981445312	-8.372745651286095E-5	8.372745651286095E-5	27.351256945688288
6310.11523437499999	-2.910303115844727	-8.378706115763634E-5	8.378706115763634E-5	27.351256945688288
6310.15722656249999	-2.880104064941406	-8.380792860407382E-5	8.380792860407382E-5	27.351256945688288
6310.19921874999999	-2.849893569946289	-8.383142994716763E-5	8.383142994716763E-5	27.351256945688288
6310.24121093749999	-2.819686889648437	-8.384800457861274E-5	8.384800457861274E-5	27.351256945688288
6310.28320312499999	-2.789529800415039	-8.385481487493962E-5	8.385481487493962E-5	27.351256945688288
6310.32519531249999	-2.759651184082031	-8.384369721170515E-5	8.384369721170515E-5	27.351256945688288
6310.36718749999999	-2.72907829284668	-8.382507076021284E-5	8.382507076021284E-5	27.351256945688288
6310.40917968749999	-2.698966979980469	-8.38167907204479E-5	8.38167907204479E-5	27.351256945688288
6310.45117187499999	-2.669179916381836	-8.38062260299921E-5	8.38062260299921E-5	27.351256945688288
6310.49316406249999	-2.638723373413086	-8.37798579595983E-5	8.37798579595983E-5	27.351256945688288
6310.53515624999999	-2.608591079711914	-8.374247408937663E-5	8.374247408937663E-5	27.351256945688288
6310.57714843749999	-2.578802108764648	-8.370837895199656E-5	8.370837895199656E-5	27.351256945688288
6310.61914062499999	-2.548334121704102	-8.367809641640633E-5	8.367809641640633E-5	27.351256945688288
6310.66113281249999	-2.518209457397461	-8.365190296899527E-5	8.365190296899527E-5	27.351256945688288
6310.70312499999999	-2.488412857055664	-8.360283391084522E-5	8.360283391084522E-5	27.351256945688288
6310.74511718749999	-2.458293914794922	-8.355423051398247E-5	8.355423051398247E-5	27.351256945688288
6310.78710937499999	-2.427822113037109	-8.351056021638215E-5	8.351056021638215E-5	27.351256945688288
6310.82910156249999	-2.398035049438477	-8.347850234713405E-5	8.347850234713405E-5	27.351256945688288
6310.87109374999999	-2.36790657043457	-8.342675573658198E-5	8.342675573658198E-5	27.351256945688288
6310.91308593749999	-2.337440490722656	-8.336974133271724E-5	8.336974133271724E-5	27.351256945688288
6310.95507812499999	-2.307653427124023	-8.33055964903906E-5	8.33055964903906E-5	27.351256945688288
6310.99707031249999	-2.277538299560547	-8.325690578203648E-5	8.325690578203648E-5	27.351256945688288
6311.03906249999999	-2.2470703125	-8.320390770677477E-5	8.320390770677477E-5	27.351256945688288
6311.08105468749999	-2.217281341552734	-8.313536818604916E-5	8.313536818604916E-5	27.351256945688288
6311.12304687499999	-2.187143325805664	-8.305373194161803E-5	8.305373194161803E-5	27.351256945688288
6311.16503906249999	-2.157003402709961	-8.299025648739189E-5	8.299025648739189E-5	27.351256945688288
6311.20703124999999	-2.126529693603516	-8.292787242680788E-5	8.292787242680788E-5	27.351256945688288
6311.24902343749999	-2.096775054931641	-8.286045340355486E-5	8.286045340355486E-5	27.351256945688288
6311.29101562499999	-2.066633224487305	-8.277165761683136E-5	8.277165761683136E-5	27.351256945688288
6311.33300781249999	-2.036142349243164	-8.268414239864796E-5	8.268414239864796E-5	27.351256945688288
6311.37499999999999	-2.006443023681641	-8.26085451990366E-5	8.26085451990366E-5	27.351256945688288
6311.41699218749999	-1.976312637329102	-8.25289316708222E-5	8.25289316708222E-5	27.351256945688288
6311.45898437499999	-1.945840835571289	-8.244100899901241E-5	8.244100899901241E-5	27.351256945688288
6311.50097656249999	-1.916072845458984	-8.233445987571031E-5	8.233445987571031E-5	27.351256945688288
6311.54296874999999	-1.88592529296875	-8.223691838793457E-5	8.223691838793457E-5	27.351256945688288
6311.58496093749999	-1.856132507324219	-8.214688568841666E-5	8.214688568841666E-5	27.351256945688288
6311.62695312499999	-1.825675964355469	-8.204426558222622E-5	8.204426558222622E-5	27.351256945688288
6311.66894531249999	-1.795558929443359	-8.193364192266017E-5	8.193364192266017E-5	27.351256945688288
6311.71093749999999	-1.765764236450195	-8.181181328836828E-5	8.181181328836828E-5	27.351256945688288
6311.75292968749999	-1.735305786132812	-8.169907960109413E-5	8.169907960109413E-5	27.351256945688288
6311.79492187499999	-1.70515251159668	-8.159439312294126E-5	8.159439312294126E-5	27.351256945688288
6311.83691406249999	-1.675373077392578	-8.147498010657728E-5	8.147498010657728E-5	27.351256945688288
6311.87890624999999	-1.644899368286133	-8.134306699503213E-5	8.134306699503213E-5	27.351256945688288
6311.92089843749999	-1.614765167236328	-8.119984704535455E-5	8.119984704535455E-5	27.351256945688288
6311.96289062499999	-1.584989547729492	-8.108363545034081E-5	8.108363545034081E-5	27.351256945688288
6312.00488281249999	-1.554874420166016	-8.094729855656624E-5	8.094729855656624E-5	27.351256945688288
6312.04687499999999	-1.524383544921875	-8.080026600509882E-5	8.080026600509882E-5	27.351256945688288
6312.08886718749999	-1.494256973266602	-8.064550638664514E-5	8.064550638664514E-5	27.351256945688288
6312.13085937499999	-1.464466094970703	-8.04873852757737E-5	8.04873852757737E-5	27.351256945688288
6312.17285156249999	-1.433988571166992	-8.033648191485554E-5	8.033648191485554E-5	27.351256945688288
6312.21484374999999	-1.403875350952148	-8.017930667847395E-5	8.017930667847395E-5	27.351256945688288
6312.25683593749999	-1.374090194702148	-8.00021953182295E-5	8.00021953182295E-5	27.351256945688288
6312.29882812499999	-1.343597412109375	-7.981355884112418E-5	7.981355884112418E-5	27.351256945688288
6312.34082031249999	-1.313419342041016	-7.964001270011067E-5	7.964001270011067E-5	27.351256945688288
6312.38281249999999	-1.283575057983398	-7.946148980408907E-5	7.946148980408907E-5	27.351256945688288
6312.42480468749999	-1.253374099731445	-7.92631326476112E-5	7.92631326476112E-5	27.351256945688288
6312.46679687499999	-1.222850799560547	-7.905103848315775E-5	7.905103848315775E-5	27.351256945688288
6312.50878906249999	-1.192977905273437	-7.883648504503071E-5	7.883648504503071E-5	27.351256945688288
6312.55078124999999	-1.162769317626953	-7.86298478487879E-5	7.86298478487879E-5	27.351256945688288
6312.59277343749999	-1.132240295410156	-7.840991020202637E-5	7.840991020202637E-5	27.351256945688288
6312.63476562499999	-1.102388381958008	-7.817526056896895E-5	7.817526056896895E-5	27.351256945688288
6312.67675781249999	-1.072162628173828	-7.792550604790449E-5	7.792550604790449E-5	27.351256945688288
6312.71874999999999	-1.041641235351562	-7.768099021632224E-5	7.768099021632224E-5	27.351256945688288
6312.76074218749999	-1.011783599853516	-7.743024616502225E-5	7.743024616502225E-5	27.351256945688288
6312.80273437499999	-0.981575012207031	-7.716134132351726E-5	7.716134132351726E-5	27.351256945688288
6312.84472656249999	-0.951730728149414	-7.687424658797681E-5	7.687424658797681E-5	27.351256945688288
6312.88671874999999	-0.921169281005859	-7.65787553973496E-5	7.65787553973496E-5	27.351256945688288
6312.92871093749999	-0.890972137451172	-7.62859417591244E-5	7.62859417591244E-5	27.351256945688288
6312.97070312499999	-0.860813140869141	-7.598321826662868E-5	7.598321826662868E-5	27.351256945688288
6313.01269531249999	-0.830251693725586	-7.565495616290718E-5	7.565495616290718E-5	27.351256945688288
6313.05468749999999	-0.800378799438477	-7.531234587077051E-5	7.531234587077051E-5	27.351256945688288
6313.09667968749999	-0.770200729370117	-7.496187754441053E-5	7.496187754441053E-5	27.351256945688288
6313.13769531249999	-0.739635467529297	-7.460049528162926E-5	7.460049528162926E-5	27.351256945688288
6313.17968749999999	-0.709798812866211	-7.423195347655565E-5	7.423195347655565E-5	27.351256945688288
6313.22167968749999	-0.679597854614258	-7.383449701592326E-5	7.383449701592326E-5	27.351256945688288
6313.26367187499999	-0.649032592773437	-7.341323362197727E-5	7.341323362197727E-5	27.351256945688288
6313.30566406249999	-0.619241714477539	-7.299707795027643E-5	7.299707795027643E-5	27.351256945688288
6313.34765624999999	-0.589048385620117	-7.256359094753861E-5	7.256359094753861E-5	27.351256945688288
6313.38964843749999	-0.559188842773437	-7.210778130684048E-5	7.210778130684048E-5	27.351256945688288
6313.43164062499999	-0.528671264648437	-7.161404937505722E-5	7.161404937505722E-5	27.351256945688288
6313.47363281249999	-0.498445510864258	-7.110800652299076E-5	7.110800652299076E-5	27.351256945688288
6313.51562499999999	-0.468599319458008	-7.060126517899334E-5	7.060126517899334E-5	27.351256945688288
6313.55761718749999	-0.438060760498047	-7.005230872891843E-5	7.005230872891843E-5	27.351256945688288
6313.59960937499999	-0.407861709594727	-6.947688234504312E-5	6.947688234504312E-5	27.351256945688288
6313.64160156249999	-0.377998352050781	-6.887520430609584E-5	6.887520430609584E-5	27.351256945688288
6313.68359374999999	-0.347471237182617	-6.825097079854459E-5	6.825097079854459E-5	27.351256945688288
6313.72558593749999	-0.317253112792969	-6.760796532034874E-5	6.760796532034874E-5	27.351256945688288
6313.76757812499999	-0.287399291992187	-6.692808528896421E-5	6.692808528896421E-5	27.351256945688288
6313.80957031249999	-0.257196426391602	-6.619699706789106E-5	6.619699706789106E-5	27.351256945688288
6313.85156249999999	-0.226646423339844	-6.542664777953178E-5	6.542664777953178E-5	27.351256945688288
6313.89355468749999	-0.196792602539062	-6.464519537985325E-5	6.464519537985325E-5	27.351256945688288
6313.93554687499999	-0.166595458984375	-6.381234561558813E-5	6.381234561558813E-5	27.351256945688288
6313.97753906249999	-0.136062622070312	-6.290676537901163E-5	6.290676537901163E-5	27.351256945688288
6314.01953124999999	-0.105846405029297	-6.196030881255865E-5	6.196030881255865E-5	27.351256945688288
6314.06152343749999	-0.075990676879883	-6.098032463341951E-5	6.098032463341951E-5	27.351256945688288
6314.10351562499999	-0.045444488525391	-5.992241494823247E-5	5.992241494823247E-5	27.351256945688288
6314.14550781249999	-0.015230178833008	-5.879595119040459E-5	5.879595119040459E-5	27.351256945688288
6314.18749999999999	0.015247344970703	-5.755911115556955E-5	5.755911115556955E-5	27.351256945688288
6314.22949218749999	0.04511833190918	-5.621318996418267E-5	5.621318996418267E-5	27.351256945688288
6314.27148437499999	0.075679779052734	-5.458404484670609E-5	5.458404484670609E-5	27.351256945688288
6314.31347656249999	0.105865478515625	-5.233412957750261E-5	5.233412957750261E-5	27.351256945688288
6314.35546874999999	0.13572883605957	-4.834061837755144E-5	4.834061837755144E-5	27.351256945688288
6314.39746093749999	0.166309356689453	-3.893423127010465E-5	3.893423127010465E-5	27.351256945688288
6314.43945312499999	0.196531295776367	-1.416170562151819E-5	1.416170562151819E-5	27.351256945688288
6314.48144531249999	0.226524353027344	5.077536479802802E-5	5.077536479802802E-5	27.351256945688288
6314.61718749999999	0.257013320922852	0.000251197605394	0.000251197605394	27.351256945688288
6314.65917968749999	0.287286758422852	0.000686178798787	0.000686178798787	27.351256945688288
6314.79394531249999	0.317043304443359	0.001467037945986	0.001467037945986	27.351256945688288
6314.83593749999999	0.347269058227539	0.002605158835649	0.002605158835649	27.351256945688288
6314.87792968749999	0.377826690673828	0.004048731178045	0.004048731178045	27.351256945688288
6314.91992187499999	0.407711029052734	0.005662833340466	0.005662833340466	27.351256945688288
6314.96191406249999	0.437953948974609	0.007442619185895	0.007442619185895	27.351256945688288
6315.00390624999999	0.468530654907227	0.009352424181998	0.009352424181998	27.351256945688288
6315.09179687499999	0.498554229736328	0.011576853692532	0.011576853692532	27.351256945688288
6315.13378906249999	0.528423309326172	0.013625510036945	0.013625510036945	27.351256945688288
6315.17578124999999	0.558961868286133	0.015768423676491	0.015768423676491	27.351256945688288
6315.21777343749999	0.589147567749023	0.017917588353157	0.017917588353157	27.351256945688288
6315.25976562499999	0.619009017944336	0.020077377557755	0.020077377557755	27.351256945688288
6315.30175781249999	0.649148941040039	0.022286623716354	0.022286623716354	27.351256945688288
6315.34374999999999	0.679706573486328	0.024558193981647	0.024558193981647	27.351256945688288
6315.38574218749999	0.709568023681641	0.026849992573261	0.026849992573261	27.351256945688288
6315.42773437499999	0.739765167236328	0.02920451015234	0.02920451015234	27.351256945688288
6315.46972656249999	0.770309448242187	0.031707711517811	0.031707711517811	27.351256945688288
6315.51171874999999	0.800174713134766	0.034470736980438	0.034470736980438	27.351256945688288
6315.55371093749999	0.830375671386719	0.037460401654243	0.037460401654243	27.351256945688288
6315.59570312499999	0.860933303833008	0.040457919239998	0.040457919239998	27.351256945688288
6315.63769531249999	0.890787124633789	0.043433919548988	0.043433919548988	27.351256945688288
6315.67968749999999	0.920974731445312	0.046588651835918	0.046588651835918	27.351256945688288
6315.72167968749999	0.950845718383789	0.049653559923172	0.049653559923172	27.351256945688288
6315.76367187499999	0.981388092041016	0.05260256677866	0.05260256677866	27.351256945688288
6315.80566406249999	1.011585235595703	0.055506244301796	0.055506244301796	27.351256945688288
6315.84667968749999	1.041471481323242	0.0583750680089	0.0583750680089	27.351256945688288
6315.88867187499999	1.07200813293457	0.061351999640465	0.061351999640465	27.351256945688288
6315.93066406249999	1.102193832397461	0.064401291310787	0.064401291310787	27.351256945688288
6315.97265624999999	1.132064819335937	0.067465089261532	0.067465089261532	27.351256945688288
6316.01464843749999	1.162590026855469	0.070619732141495	0.070619732141495	27.351256945688288
6316.05664062499999	1.192802429199219	0.073807582259178	0.073807582259178	27.351256945688288
6316.09863281249999	1.222684860229492	0.076966196298599	0.076966196298599	27.351256945688288
6316.14062499999999	1.253210067749023	0.080137364566326	0.080137364566326	27.351256945688288
6316.18261718749999	1.283416748046875	0.083259828388691	0.083259828388691	27.351256945688288
6316.22460937499999	1.313623428344727	0.08638907968998	0.08638907968998	27.351256945688288
6316.26660156249999	1.343475341796875	0.089476436376572	0.089476436376572	27.351256945688288
6316.30859374999999	1.373956680297852	0.092628389596939	0.092628389596939	27.351256945688288
6316.35058593749999	1.404102325439453	0.09572771936655	0.09572771936655	27.351256945688288
6316.39257812499999	1.433874130249023	0.098846413195133	0.098846413195133	27.351256945688288
6316.43457031249999	1.440698623657227	0.10000317543745	0.10000317543745	27.351256945688288
6316.47656249999999	1.438312530517578	0.100002840161324	0.100002840161324	27.351256945688288
6316.51855468749999	1.435916900634766	0.100002855062485	0.100002855062485	27.351256945688288
6316.56152343749999	1.433855056762695	0.100002862513065	0.100002862513065	27.351256945688288
6316.60351562499999	1.432394027709961	0.100002832710743	0.100002832710743	27.351256945688288
6316.64550781249999	1.431085586547852	0.100002840161324	0.100002840161324	27.351256945688288
6316.68749999999999	1.428474426269531	0.100002847611904	0.100002847611904	27.351256945688288
6316.72949218749999	1.427942276000977	0.100002862513065	0.100002862513065	27.351256945688288
6316.77246093749999	1.427402496337891	0.100002810359001	0.100002810359001	27.351256945688288
6316.81445312499999	1.426790237426758	0.100002832710743	0.100002832710743	27.351256945688288
6316.85644531249999	1.426279067993164	0.100002832710743	0.100002832710743	27.351256945688288
6316.89843749999999	1.425830841064453	0.100002855062485	0.100002855062485	27.351256945688288
6316.94140624999999	1.42546272277832	0.100002840161324	0.100002840161324	27.351256945688288
6316.98339843749999	1.425079345703125	0.100002840161324	0.100002840161324	27.351256945688288
6317.02539062499999	1.424880981445312	0.100002810359001	0.100002810359001	27.351256945688288
6317.06738281249999	1.424215316772461	0.100002832710743	0.100002832710743	27.351256945688288
6317.11035156249999	1.423809051513672	0.100002832710743	0.100002832710743	27.351256945688288
6317.15234374999999	1.423429489135742	0.100002788007259	0.100002788007259	27.351256945688288
6317.19433593749999	1.423433303833008	0.100002825260162	0.100002825260162	27.351256945688288
6317.23632812499999	1.423410415649414	0.100002862513065	0.100002862513065	27.351256945688288
6317.27929687499999	1.423234939575195	0.100002832710743	0.100002832710743	27.351256945688288
6317.32128906249999	1.422866821289062	0.100002840161324	0.100002840161324	27.351256945688288
6317.36328124999999	1.422826766967773	0.100002817809582	0.100002817809582	27.351256945688288
6317.40527343749999	1.422693252563477	0.100002810359001	0.100002810359001	27.351256945688288
6317.44824218749999	1.422531127929687	0.100002862513065	0.100002862513065	27.351256945688288
6317.49023437499999	1.422445297241211	0.100002810359001	0.100002810359001	27.351256945688288
6317.53222656249999	1.422491073608398	0.100002817809582	0.100002817809582	27.351256945688288
6317.57421874999999	1.422353744506836	0.100002810359001	0.100002810359001	27.351256945688288
6317.61718749999999	1.42236328125	0.100002840161324	0.100002840161324	27.351256945688288
6317.65917968749999	1.422449111938477	0.100002802908421	0.100002802908421	27.351256945688288
6317.70117187499999	1.422416687011719	0.100002773106098	0.100002773106098	27.351256945688288
6317.74316406249999	1.422346115112305	0.100002773106098	0.100002773106098	27.351256945688288
6317.78613281249999	1.422214508056641	0.10000279545784	0.10000279545784	27.351256945688288
6317.82812499999999	1.422191619873047	0.100002810359001	0.100002810359001	27.351256945688288
6317.87011718749999	1.422174453735352	0.100002832710743	0.100002832710743	27.351256945688288
6317.91210937499999	1.422119140625	0.100002825260162	0.100002825260162	27.351256945688288
6317.95507812499999	1.42222785949707	0.100002810359001	0.100002810359001	27.351256945688288
6317.99707031249999	1.422229766845703	0.10000279545784	0.10000279545784	27.351256945688288
6318.03906249999999	1.422441482543945	0.100002832710743	0.100002832710743	27.351256945688288
6318.08105468749999	1.422481536865234	0.100002847611904	0.100002847611904	27.351256945688288
6318.12402343749999	1.422483444213867	0.100002810359001	0.100002810359001	27.351256945688288
6318.16601562499999	1.422443389892578	0.100002773106098	0.100002773106098	27.351256945688288
6318.20800781249999	1.422475814819336	0.100002810359001	0.100002810359001	27.351256945688288
6318.24999999999999	1.422325134277344	0.100002855062485	0.100002855062485	27.351256945688288
6318.29296874999999	1.42234992980957	0.100002855062485	0.100002855062485	27.351256945688288
6318.33496093749999	1.422269821166992	0.100002862513065	0.100002862513065	27.351256945688288
6318.37695312499999	1.422296524047852	0.100002817809582	0.100002817809582	27.351256945688288
6318.41894531249999	1.422346115112305	0.100002832710743	0.100002832710743	27.351256945688288
6318.46191406249999	1.422574996948242	0.100002817809582	0.100002817809582	27.351256945688288
6318.50390624999999	1.423126220703125	0.100002832710743	0.100002832710743	27.351256945688288
6318.54589843749999	1.423336029052734	0.100002817809582	0.100002817809582	27.351256945688288
6318.58789062499999	1.423404693603516	0.100002788007259	0.100002788007259	27.351256945688288
