[INFO]
Keithley 2400
Meas Time: 2021/1/19 10:27:42
Params: GPIB address = GPIB0::21::INSTR; DataFile = D:\工艺实验\陈阳兴; Compliance  Level (0.1) = 0.100000000000000; Number of Points (5) = 100; Minimum Amplitude (1) = -3.000000000000000; Maximum Amplitude (2) = 3.000000000000000; Timeout (100000 ms) = 100000; Source Mode  (0: Voltage) = 0; 4-wire? = FALSE; delay(S) = 0.000000000000000; Start = ; 

[COMMENT]


[DATA]
time (s)	Voltage (V)	Current (A)	absCurrent (A)	Fitting Resistance (Ohms)

9029.33300781249999	-3.000741958618164	-0.00119153317064	0.00119153317064	85.928381186437932
9029.37499999999999	-2.940362930297852	-0.001190782524645	0.001190782524645	85.928381186437932
9029.41699218749999	-2.879613876342773	-0.001190079376101	0.001190079376101	85.928381186437932
9029.45898437499999	-2.818532943725586	-0.001189282163978	0.001189282163978	85.928381186437932
9029.50097656249999	-2.758125305175781	-0.001187975518405	0.001187975518405	85.928381186437932
9029.54296874999999	-2.69743537902832	-0.00118663161993	0.00118663161993	85.928381186437932
9029.58496093749999	-2.636850357055664	-0.001185446046293	0.001185446046293	85.928381186437932
9029.62695312499999	-2.576591491699219	-0.001184477470815	0.001184477470815	85.928381186437932
9029.66894531249999	-2.515644073486328	-0.001182950101793	0.001182950101793	85.928381186437932
9029.71093749999999	-2.455062866210937	-0.001181413419545	0.001181413419545	85.928381186437932
9029.75292968749999	-2.394798278808594	-0.001179787330329	0.001179787330329	85.928381186437932
9029.79492187499999	-2.334199905395508	-0.00117842014879	0.00117842014879	85.928381186437932
9029.83691406249999	-2.273283004760742	-0.001176942139864	0.001176942139864	85.928381186437932
9029.87890624999999	-2.213006973266602	-0.001175002194941	0.001175002194941	85.928381186437932
9029.92089843749999	-2.15241813659668	-0.001173070631921	0.001173070631921	85.928381186437932
9029.96289062499999	-2.092164993286133	-0.001171438023448	0.001171438023448	85.928381186437932
9030.00488281249999	-2.031560897827148	-0.001169605180621	0.001169605180621	85.928381186437932
9030.04687499999999	-1.970687866210937	-0.001167527399957	0.001167527399957	85.928381186437932
9030.08886718749999	-1.910459518432617	-0.001165045425296	0.001165045425296	85.928381186437932
9030.13085937499999	-1.849834442138672	-0.001163011416793	0.001163011416793	85.928381186437932
9030.17285156249999	-1.789579391479492	-0.001160880550742	0.001160880550742	85.928381186437932
9030.21484374999999	-1.72900390625	-0.001158570870757	0.001158570870757	85.928381186437932
9030.25683593749999	-1.668039321899414	-0.001156071200967	0.001156071200967	85.928381186437932
9030.29882812499999	-1.607793807983398	-0.00115330517292	0.00115330517292	85.928381186437932
9030.34082031249999	-1.547185897827148	-0.001150896772742	0.001150896772742	85.928381186437932
9030.38281249999999	-1.486930847167969	-0.001148202456534	0.001148202456534	85.928381186437932
9030.42480468749999	-1.425973892211914	-0.0011449996382	0.0011449996382	85.928381186437932
9030.46679687499999	-1.365379333496094	-0.001141594722867	0.001141594722867	85.928381186437932
9030.50878906249999	-1.305055618286133	-0.00113841611892	0.00113841611892	85.928381186437932
9030.55078124999999	-1.244302749633789	-0.001135149039328	0.001135149039328	85.928381186437932
9030.59277343749999	-1.183584213256836	-0.001131371594965	0.001131371594965	85.928381186437932
9030.63476562499999	-1.122507095336914	-0.001127331517637	0.001127331517637	85.928381186437932
9030.67675781249999	-1.062107086181641	-0.001123007386923	0.001123007386923	85.928381186437932
9030.71874999999999	-1.001358032226562	-0.00111888255924	0.00111888255924	85.928381186437932
9030.76074218749999	-0.940973281860352	-0.001114421524107	0.001114421524107	85.928381186437932
9030.80273437499999	-0.880233764648437	-0.001109321601689	0.001109321601689	85.928381186437932
9030.84472656249999	-0.819147109985352	-0.001103730872273	0.001103730872273	85.928381186437932
9030.88671874999999	-0.758743286132812	-0.001098101958632	0.001098101958632	85.928381186437932
9030.92871093749999	-0.698013305664062	-0.001092188991606	0.001092188991606	85.928381186437932
9030.97070312499999	-0.637603759765625	-0.001085560768843	0.001085560768843	85.928381186437932
9031.01269531249999	-0.576927185058594	-0.001078416593373	0.001078416593373	85.928381186437932
9031.05371093749999	-0.515865325927734	-0.001070416532457	0.001070416532457	85.928381186437932
9031.09570312499999	-0.455446243286133	-0.001062243245542	0.001062243245542	85.928381186437932
9031.13769531249999	-0.394710540771484	-0.001053232699633	0.001053232699633	85.928381186437932
9031.17968749999999	-0.334331512451172	-0.001043033786118	0.001043033786118	85.928381186437932
9031.22167968749999	-0.273223876953125	-0.001031501218677	0.001031501218677	85.928381186437932
9031.26367187499999	-0.212488174438477	-0.001018414273858	0.001018414273858	85.928381186437932
9031.35253906249999	-0.152326583862305	-0.000999838812277	0.000999838812277	85.928381186437932
9031.39453124999999	-0.091552734375	-0.000955616356805	0.000955616356805	85.928381186437932
9031.43652343749999	-0.031131744384766	-0.000850663753226	0.000850663753226	85.928381186437932
9031.47949218749999	0.030683517456055	-0.000682643614709	0.000682643614709	85.928381186437932
9031.52148437499999	0.091466903686523	-0.000484670745209	0.000484670745209	85.928381186437932
9031.56347656249999	0.151918411254883	-0.000266601215117	0.000266601215117	85.928381186437932
9031.65624999999999	0.212642669677734	-2.983327431138605E-5	2.983327431138605E-5	85.928381186437932
9031.79199218749999	0.273126602172852	0.0002253142884	0.0002253142884	85.928381186437932
9031.83398437499999	0.334283828735352	0.00054448924493	0.00054448924493	85.928381186437932
9031.96874999999999	0.394916534423828	0.001048631034791	0.001048631034791	85.928381186437932
9032.01074218749999	0.455329895019531	0.001792021095753	0.001792021095753	85.928381186437932
9032.05273437499999	0.516107559204102	0.002728118561208	0.002728118561208	85.928381186437932
9032.09472656249999	0.577184677124023	0.003777090460062	0.003777090460062	85.928381186437932
9032.13574218749999	0.63752555847168	0.004874395206571	0.004874395206571	85.928381186437932
9032.17773437499999	0.698318481445312	0.006020104978234	0.006020104978234	85.928381186437932
9032.21972656249999	0.758718490600586	0.007184122689068	0.007184122689068	85.928381186437932
9032.26171874999999	0.819484710693359	0.008372440934181	0.008372440934181	85.928381186437932
9032.30371093749999	0.880603790283203	0.009580741636455	0.009580741636455	85.928381186437932
9032.39257812499999	0.940803527832031	0.01087399572134	0.01087399572134	85.928381186437932
9032.43457031249999	1.001546859741211	0.012100666761398	0.012100666761398	85.928381186437932
9032.47558593749999	1.06195068359375	0.013324372470379	0.013324372470379	85.928381186437932
9032.51757812499999	1.122686386108398	0.014560215175152	0.014560215175152	85.928381186437932
9032.55957031249999	1.183759689331055	0.015805669128895	0.015805669128895	85.928381186437932
9032.60156249999999	1.244167327880859	0.017039738595486	0.017039738595486	85.928381186437932
9032.64355468749999	1.304903030395508	0.018280543386936	0.018280543386936	85.928381186437932
9032.68554687499999	1.365240097045898	0.019514791667461	0.019514791667461	85.928381186437932
9032.72753906249999	1.425832748413086	0.020756855607033	0.020756855607033	85.928381186437932
9032.76953124999999	1.486791610717773	0.022011578083038	0.022011578083038	85.928381186437932
9032.81152343749999	1.547054290771484	0.023261144757271	0.023261144757271	85.928381186437932
9032.85351562499999	1.607643127441406	0.02452827244997	0.02452827244997	85.928381186437932
9032.89550781249999	1.667903900146484	0.025807775557041	0.025807775557041	85.928381186437932
9032.93749999999999	1.728843688964844	0.027130551636219	0.027130551636219	85.928381186437932
9032.97949218749999	1.789443969726562	0.028466202318668	0.028466202318668	85.928381186437932
9033.02148437499999	1.849700927734375	0.029803678393364	0.029803678393364	85.928381186437932
9033.06347656249999	1.910305023193359	0.031157962977886	0.031157962977886	85.928381186437932
9033.10546874999999	1.970554351806641	0.032496973872185	0.032496973872185	85.928381186437932
9033.14746093749999	2.031488418579102	0.033837035298347	0.033837035298347	85.928381186437932
9033.18945312499999	2.092031478881836	0.035169892013073	0.035169892013073	85.928381186437932
9033.23144531249999	2.152273178100586	0.03649764508009	0.03649764508009	85.928381186437932
9033.27343749999999	2.212875366210937	0.037829093635082	0.037829093635082	85.928381186437932
9033.31542968749999	2.273149490356445	0.039146274328232	0.039146274328232	85.928381186437932
9033.35742187499999	2.334062576293945	0.040481001138687	0.040481001138687	85.928381186437932
9033.39941406249999	2.3946533203125	0.041797868907452	0.041797868907452	85.928381186437932
9033.44140624999999	2.454927444458008	0.043099567294121	0.043099567294121	85.928381186437932
9033.48339843749999	2.515512466430664	0.044410645961761	0.044410645961761	85.928381186437932
9033.52539062499999	2.576461791992187	0.04572356492281	0.04572356492281	85.928381186437932
9033.56738281249999	2.636720657348633	0.047011785209179	0.047011785209179	85.928381186437932
9033.60937499999999	2.69731330871582	0.048308439552784	0.048308439552784	85.928381186437932
9033.65136718749999	2.757631301879883	0.049594916403294	0.049594916403294	85.928381186437932
9033.69335937499999	2.818387985229492	0.050884284079075	0.050884284079075	85.928381186437932
9033.73437499999999	2.87945556640625	0.052173189818859	0.052173189818859	85.928381186437932
9033.77636718749999	2.939861297607422	0.053439885377884	0.053439885377884	85.928381186437932
9033.81835937499999	3.000606536865234	0.054709948599339	0.054709948599339	85.928381186437932
