[INFO]
Keithley 2400
Meas Time: 2021/1/19 16:49:46
Params: GPIB address = GPIB0::21::INSTR; DataFile = D:\工艺实验\陶浩然; Compliance  Level (0.1) = 0.100000000000000; Number of Points (5) = 200; Minimum Amplitude (1) = -3.000000000000000; Maximum Amplitude (2) = 3.000000000000000; Timeout (100000 ms) = 100000; Source Mode  (0: Voltage) = 0; 4-wire? = FALSE; delay(S) = 0.000000000000000; Start = ; 

[COMMENT]


[DATA]
time (s)	Voltage (V)	Current (A)	absCurrent (A)	Fitting Resistance (Ohms)

13694.947265625	-3.000789642333984	-2.367304114159197E-5	2.367304114159197E-5	465.220477623698286
13694.990234375	-2.97088623046875	-2.228305675089359E-5	2.228305675089359E-5	465.220477623698286
13695.0322265625	-2.940322875976562	-2.177339047193527E-5	2.177339047193527E-5	465.220477623698286
13695.07421875	-2.910110473632812	-2.174728433601558E-5	2.174728433601558E-5	465.220477623698286
13695.1162109375	-2.879926681518555	-2.187211066484451E-5	2.187211066484451E-5	465.220477623698286
13695.158203125	-2.849723815917969	-2.110839704982936E-5	2.110839704982936E-5	465.220477623698286
13695.2001953125	-2.81950569152832	-1.996045466512442E-5	1.996045466512442E-5	465.220477623698286
13695.2421875	-2.789333343505859	-1.94851600099355E-5	1.94851600099355E-5	465.220477623698286
13695.2841796875	-2.759443283081055	-1.905638782773167E-5	1.905638782773167E-5	465.220477623698286
13695.326171875	-2.728883743286133	-1.911177241709083E-5	1.911177241709083E-5	465.220477623698286
13695.3681640625	-2.698760986328125	-1.829415850806981E-5	1.829415850806981E-5	465.220477623698286
13695.41015625	-2.668975830078125	-1.791512477211654E-5	1.791512477211654E-5	465.220477623698286
13695.4521484375	-2.638507843017578	-1.76114117493853E-5	1.76114117493853E-5	465.220477623698286
13695.494140625	-2.608390808105469	-1.761749444995075E-5	1.761749444995075E-5	465.220477623698286
13695.5361328125	-2.578598022460937	-1.723373134154826E-5	1.723373134154826E-5	465.220477623698286
13695.578125	-2.548128128051758	-1.664999581407756E-5	1.664999581407756E-5	465.220477623698286
13695.6201171875	-2.51799201965332	-1.284408790525049E-5	1.284408790525049E-5	465.220477623698286
13695.662109375	-2.488193511962891	-1.148664159700274E-5	1.148664159700274E-5	465.220477623698286
13695.7041015625	-2.458084106445312	-1.113930193241686E-5	1.113930193241686E-5	465.220477623698286
13695.74609375	-2.427614212036133	-1.168408198282123E-5	1.168408198282123E-5	465.220477623698286
13695.7880859375	-2.397825241088867	-1.181443803943694E-5	1.181443803943694E-5	465.220477623698286
13695.830078125	-2.367692947387695	-1.19331234600395E-5	1.19331234600395E-5	465.220477623698286
13695.8720703125	-2.337234497070312	-1.19144533528015E-5	1.19144533528015E-5	465.220477623698286
13695.9140625	-2.307439804077148	-1.152574259322137E-5	1.152574259322137E-5	465.220477623698286
13695.9560546875	-2.277347564697266	-1.063417585100979E-5	1.063417585100979E-5	465.220477623698286
13695.998046875	-2.246871948242187	-1.028862607199699E-5	1.028862607199699E-5	465.220477623698286
13696.0947265625	-2.217123031616211	-9.69000939221587E-6	9.69000939221587E-6	465.220477623698286
13696.13671875	-2.187150955200195	-9.875033356365748E-6	9.875033356365748E-6	465.220477623698286
13696.1787109375	-2.156839370727539	-9.441981092095375E-6	9.441981092095375E-6	465.220477623698286
13696.220703125	-2.126567840576172	-9.20388447411824E-6	9.20388447411824E-6	465.220477623698286
13696.2626953125	-2.096748352050781	-8.997545592137612E-6	8.997545592137612E-6	465.220477623698286
13696.3046875	-2.066625595092773	-8.852328392094933E-6	8.852328392094933E-6	465.220477623698286
13696.3466796875	-2.036087036132812	-8.646878995932639E-6	8.646878995932639E-6	465.220477623698286
13696.388671875	-2.006420135498047	-8.512068234267645E-6	8.512068234267645E-6	465.220477623698286
13696.4306640625	-1.976264953613281	-8.353106750291772E-6	8.353106750291772E-6	465.220477623698286
13696.47265625	-1.945795059204102	-8.165647159330547E-6	8.165647159330547E-6	465.220477623698286
13696.5146484375	-1.916038513183594	-8.075816367636435E-6	8.075816367636435E-6	465.220477623698286
13696.556640625	-1.885894775390625	-7.868999091442674E-6	7.868999091442674E-6	465.220477623698286
13696.5986328125	-1.856094360351562	-7.665274097234942E-6	7.665274097234942E-6	465.220477623698286
13696.640625	-1.825628280639648	-7.479246050934307E-6	7.479246050934307E-6	465.220477623698286
13696.6826171875	-1.795492172241211	-7.291571819223464E-6	7.291571819223464E-6	465.220477623698286
13696.724609375	-1.765720367431641	-7.114234904292971E-6	7.114234904292971E-6	465.220477623698286
13696.7666015625	-1.735250473022461	-6.968464731471613E-6	6.968464731471613E-6	465.220477623698286
13696.80859375	-1.705095291137695	-6.803877113270573E-6	6.803877113270573E-6	465.220477623698286
13696.8505859375	-1.675334930419922	-6.64345316181425E-6	6.64345316181425E-6	465.220477623698286
13696.892578125	-1.64483642578125	-6.502605174318887E-6	6.502605174318887E-6	465.220477623698286
13696.9345703125	-1.61469841003418	-6.335745638352819E-6	6.335745638352819E-6	465.220477623698286
13696.9765625	-1.584920883178711	-6.207803380675614E-6	6.207803380675614E-6	465.220477623698286
13697.0185546875	-1.554801940917969	-6.064470653655007E-6	6.064470653655007E-6	465.220477623698286
13697.060546875	-1.524312973022461	-5.865096682100557E-6	5.865096682100557E-6	465.220477623698286
13697.1025390625	-1.494190216064453	-5.673828127328306E-6	5.673828127328306E-6	465.220477623698286
13697.14453125	-1.464397430419922	-5.479592800838873E-6	5.479592800838873E-6	465.220477623698286
13697.1865234375	-1.433919906616211	-5.304502337821759E-6	5.304502337821759E-6	465.220477623698286
13697.228515625	-1.403787612915039	-5.133084414410405E-6	5.133084414410405E-6	465.220477623698286
13697.2705078125	-1.374006271362305	-4.981071469956078E-6	4.981071469956078E-6	465.220477623698286
13697.3125	-1.343509674072266	-4.79267691844143E-6	4.79267691844143E-6	465.220477623698286
13697.3544921875	-1.313335418701172	-4.635430741473101E-6	4.635430741473101E-6	465.220477623698286
13697.396484375	-1.283468246459961	-4.45736623078119E-6	4.45736623078119E-6	465.220477623698286
13697.4384765625	-1.253278732299805	-4.281562723917887E-6	4.281562723917887E-6	465.220477623698286
13697.48046875	-1.222743988037109	-4.111496309633367E-6	4.111496309633367E-6	465.220477623698286
13697.5224609375	-1.192876815795898	-3.948212906834669E-6	3.948212906834669E-6	465.220477623698286
13697.564453125	-1.16265869140625	-3.791319613810629E-6	3.791319613810629E-6	465.220477623698286
13697.6064453125	-1.13212776184082	-3.628283593570814E-6	3.628283593570814E-6	465.220477623698286
13697.6484375	-1.102256774902344	-3.467455826466903E-6	3.467455826466903E-6	465.220477623698286
13697.6904296875	-1.072059631347656	-3.314957211841829E-6	3.314957211841829E-6	465.220477623698286
13697.732421875	-1.041521072387695	-3.154918886139058E-6	3.154918886139058E-6	465.220477623698286
13697.7744140625	-1.011648178100586	-3.008439307450317E-6	3.008439307450317E-6	465.220477623698286
13697.81640625	-0.981452941894531	-2.853499609045684E-6	2.853499609045684E-6	465.220477623698286
13697.8583984375	-0.951604843139648	-2.69985685008578E-6	2.69985685008578E-6	465.220477623698286
13697.900390625	-0.921043395996094	-2.537313775974326E-6	2.537313775974326E-6	465.220477623698286
13697.9423828125	-0.890838623046875	-2.399810909992084E-6	2.399810909992084E-6	465.220477623698286
13697.9833984375	-0.860666275024414	-2.250558281957638E-6	2.250558281957638E-6	465.220477623698286
13698.025390625	-0.830106735229492	-2.097713149851188E-6	2.097713149851188E-6	465.220477623698286
13698.0673828125	-0.80023193359375	-1.945572876138613E-6	1.945572876138613E-6	465.220477623698286
13698.109375	-0.770044326782227	-1.80293955054367E-6	1.80293955054367E-6	465.220477623698286
13698.1513671875	-0.739469528198242	-1.670357960392721E-6	1.670357960392721E-6	465.220477623698286
13698.193359375	-0.709632873535156	-1.539436198072508E-6	1.539436198072508E-6	465.220477623698286
13698.2353515625	-0.679433822631836	-1.415030055795796E-6	1.415030055795796E-6	465.220477623698286
13698.27734375	-0.648874282836914	-1.283758138015401E-6	1.283758138015401E-6	465.220477623698286
13698.3193359375	-0.619068145751953	-1.163968590844888E-6	1.163968590844888E-6	465.220477623698286
13698.361328125	-0.588878631591797	-1.046942998073064E-6	1.046942998073064E-6	465.220477623698286
13698.462890625	-0.558780670166016	-9.398985412190086E-7	9.398985412190086E-7	465.220477623698286
13698.5048828125	-0.528678894042969	-8.337950703207753E-7	8.337950703207753E-7	465.220477623698286
13698.5458984375	-0.498477935791016	-7.397317176582874E-7	7.397317176582874E-7	465.220477623698286
13698.587890625	-0.468574523925781	-6.391211400114116E-7	6.391211400114116E-7	465.220477623698286
13698.6298828125	-0.437997817993164	-5.488041097123642E-7	5.488041097123642E-7	465.220477623698286
13698.671875	-0.407793045043945	-4.60517412648187E-7	4.60517412648187E-7	465.220477623698286
13698.7138671875	-0.377887725830078	-3.793468295043567E-7	3.793468295043567E-7	465.220477623698286
13698.755859375	-0.347375869750977	-3.220433200112893E-7	3.220433200112893E-7	465.220477623698286
13698.7978515625	-0.317123413085937	-2.587138396847877E-7	2.587138396847877E-7	465.220477623698286
13698.83984375	-0.28727912902832	-2.073452378681395E-7	2.073452378681395E-7	465.220477623698286
13698.8818359375	-0.257051467895508	-1.602818429091712E-7	1.602818429091712E-7	465.220477623698286
13698.923828125	-0.226511001586914	-1.259998043678934E-7	1.259998043678934E-7	465.220477623698286
13698.9658203125	-0.196636199951172	-9.508596576779382E-8	9.508596576779382E-8	465.220477623698286
13699.0078125	-0.166452407836914	-7.305766303034034E-8	7.305766303034034E-8	465.220477623698286
13699.0498046875	-0.135898590087891	-5.553386017709272E-8	5.553386017709272E-8	465.220477623698286
13699.091796875	-0.105676651000977	-3.9665678741585E-8	3.9665678741585E-8	465.220477623698286
13699.1337890625	-0.075820922851562	-2.834883616742445E-8	2.834883616742445E-8	465.220477623698286
13699.17578125	-0.045282363891602	-1.742159838613588E-8	1.742159838613588E-8	465.220477623698286
13699.2177734375	-0.015064239501953	-7.162157089624088E-9	7.162157089624088E-9	465.220477623698286
13699.259765625	0.015373229980469	3.471882337180432E-9	3.471882337180432E-9	465.220477623698286
13699.3017578125	0.04522705078125	1.543344296806026E-8	1.543344296806026E-8	465.220477623698286
13699.34375	0.075796127319336	3.209868282283423E-8	3.209868282283423E-8	465.220477623698286
13699.3857421875	0.105972290039062	5.301274086377816E-8	5.301274086377816E-8	465.220477623698286
13699.427734375	0.135860443115234	8.126244210870937E-8	8.126244210870937E-8	465.220477623698286
13699.4697265625	0.166437149047852	1.230199586643721E-7	1.230199586643721E-7	465.220477623698286
13699.51171875	0.196613311767578	1.710169499347103E-7	1.710169499347103E-7	465.220477623698286
13699.5537109375	0.226444244384766	2.414573145870236E-7	2.414573145870236E-7	465.220477623698286
13699.595703125	0.25706672668457	3.547582423379936E-7	3.547582423379936E-7	465.220477623698286
13699.6376953125	0.287273406982422	5.13286011027958E-7	5.13286011027958E-7	465.220477623698286
13699.6796875	0.317207336425781	7.008806619523966E-7	7.008806619523966E-7	465.220477623698286
13699.7216796875	0.347442626953125	9.37183074256609E-7	9.37183074256609E-7	465.220477623698286
13699.865234375	0.377773284912109	1.194694050354883E-6	1.194694050354883E-6	465.220477623698286
13699.9072265625	0.407630920410156	1.58343118528137E-6	1.58343118528137E-6	465.220477623698286
13699.94921875	0.437835693359375	2.07985704037128E-6	2.07985704037128E-6	465.220477623698286
13699.9912109375	0.468395233154297	2.703162863326725E-6	2.703162863326725E-6	465.220477623698286
13700.033203125	0.498619079589844	3.413476406421978E-6	3.413476406421978E-6	465.220477623698286
13700.0751953125	0.528497695922852	4.218212779960595E-6	4.218212779960595E-6	465.220477623698286
13700.1171875	0.559041976928711	5.220664206717629E-6	5.220664206717629E-6	465.220477623698286
13700.1591796875	0.589260101318359	6.297341315075755E-6	6.297341315075755E-6	465.220477623698286
13700.201171875	0.619136810302734	7.514218850701582E-6	7.514218850701582E-6	465.220477623698286
13700.2431640625	0.649297714233398	8.845668162393849E-6	8.845668162393849E-6	465.220477623698286
13700.28515625	0.679935455322266	1.042367603076855E-5	1.042367603076855E-5	465.220477623698286
13700.423828125	0.709552764892578	1.124056143453345E-5	1.124056143453345E-5	465.220477623698286
13700.4658203125	0.739753723144531	1.296025584451854E-5	1.296025584451854E-5	465.220477623698286
13700.5078125	0.770292282104492	1.481593062635511E-5	1.481593062635511E-5	465.220477623698286
13700.5498046875	0.800149917602539	1.680122659308836E-5	1.680122659308836E-5	465.220477623698286
13700.591796875	0.830362319946289	1.89608326763846E-5	1.89608326763846E-5	465.220477623698286
13700.6337890625	0.860916137695312	2.116608811775222E-5	2.116608811775222E-5	465.220477623698286
13700.67578125	0.890773773193359	2.359248173888773E-5	2.359248173888773E-5	465.220477623698286
13700.7177734375	0.92094612121582	2.601689629955217E-5	2.601689629955217E-5	465.220477623698286
13700.759765625	0.950815200805664	2.874471101677045E-5	2.874471101677045E-5	465.220477623698286
13700.8017578125	0.981363296508789	3.165758243994787E-5	3.165758243994787E-5	465.220477623698286
13700.84375	1.011564254760742	3.479144652374089E-5	3.479144652374089E-5	465.220477623698286
13700.8857421875	1.041437149047852	3.794766962528229E-5	3.794766962528229E-5	465.220477623698286
13700.927734375	1.071981430053711	4.150436143390834E-5	4.150436143390834E-5	465.220477623698286
13700.9697265625	1.102182388305664	4.545716365100816E-5	4.545716365100816E-5	465.220477623698286
13701.01171875	1.132059097290039	4.895441816188395E-5	4.895441816188395E-5	465.220477623698286
13701.0537109375	1.162607192993164	5.416335625341162E-5	5.416335625341162E-5	465.220477623698286
13701.095703125	1.19282341003418	6.007034971844405E-5	6.007034971844405E-5	465.220477623698286
13701.1376953125	1.22270393371582	6.510684033855796E-5	6.510684033855796E-5	465.220477623698286
13701.1796875	1.253225326538086	7.175029895734042E-5	7.175029895734042E-5	465.220477623698286
13701.2216796875	1.283437728881836	7.780779560562223E-5	7.780779560562223E-5	465.220477623698286
13701.263671875	1.313669204711914	8.785550016909838E-5	8.785550016909838E-5	465.220477623698286
13701.3056640625	1.34351921081543	9.742704423842952E-5	9.742704423842952E-5	465.220477623698286
13701.4404296875	1.373834609985352	0.000128675950691	0.000128675950691	465.220477623698286
13701.482421875	1.403972625732422	0.000142334378324	0.000142334378324	465.220477623698286
13701.5244140625	1.433746337890625	0.0001566845458	0.0001566845458	465.220477623698286
13701.56640625	1.4642333984375	0.00017181225121	0.00017181225121	465.220477623698286
13701.6083984375	1.494359970092773	0.000190080259927	0.000190080259927	465.220477623698286
13701.650390625	1.524173736572266	0.000219270819798	0.000219270819798	465.220477623698286
13701.6923828125	1.554620742797852	0.000228507560678	0.000228507560678	465.220477623698286
13701.734375	1.584768295288086	0.000242419773713	0.000242419773713	465.220477623698286
13701.7763671875	1.614545822143555	0.000264011090621	0.000264011090621	465.220477623698286
13701.818359375	1.644683837890625	0.000292426790111	0.000292426790111	465.220477623698286
13701.8603515625	1.675142288208008	0.000314860371873	0.000314860371873	465.220477623698286
13701.90234375	1.704927444458008	0.00034817692358	0.00034817692358	465.220477623698286
13701.9443359375	1.735048294067383	0.000374539347831	0.000374539347831	465.220477623698286
13701.986328125	1.765552520751953	0.000408689666074	0.000408689666074	465.220477623698286
13702.0283203125	1.795366287231445	0.000443734403234	0.000443734403234	465.220477623698286
13702.0703125	1.825412750244141	0.000468974525575	0.000468974525575	465.220477623698286
13702.1123046875	1.855976104736328	0.00053101463709	0.00053101463709	465.220477623698286
13702.154296875	1.885726928710937	0.000563233741559	0.000563233741559	465.220477623698286
13702.1962890625	1.915872573852539	0.000630262074992	0.000630262074992	465.220477623698286
13702.23828125	1.94569206237793	0.000685423437972	0.000685423437972	465.220477623698286
13702.2802734375	1.97608757019043	0.000738758826628	0.000738758826628	465.220477623698286
13702.322265625	2.006227493286133	0.000820850022137	0.000820850022137	465.220477623698286
13702.3642578125	2.036077499389648	0.00091009499738	0.00091009499738	465.220477623698286
13702.40625	2.066600799560547	0.001006958074868	0.001006958074868	465.220477623698286
13702.5400390625	2.096458435058594	0.001047912053764	0.001047912053764	465.220477623698286
13702.58203125	2.12623405456543	0.001166268251836	0.001166268251836	465.220477623698286
13702.6240234375	2.156702041625977	0.001245250925422	0.001245250925422	465.220477623698286
13702.666015625	2.18684196472168	0.001308905892074	0.001308905892074	465.220477623698286
13702.7080078125	2.216939926147461	0.001356788910925	0.001356788910925	465.220477623698286
13702.75	2.246749877929687	0.001564763486385	0.001564763486385	465.220477623698286
13702.7919921875	2.277229309082031	0.001678112894297	0.001678112894297	465.220477623698286
13702.833984375	2.307353973388672	0.002120861783624	0.002120861783624	465.220477623698286
13702.8759765625	2.337146759033203	0.002188225276768	0.002188225276768	465.220477623698286
13702.91796875	2.367595672607422	0.002377492375672	0.002377492375672	465.220477623698286
13702.9599609375	2.397726058959961	0.002662856131792	0.002662856131792	465.220477623698286
13703.001953125	2.427347183227539	0.00298301782459	0.00298301782459	465.220477623698286
13703.0439453125	2.457998275756836	0.004216036759317	0.004216036759317	465.220477623698286
13703.0859375	2.488147735595703	0.004448354244232	0.004448354244232	465.220477623698286
13703.1279296875	2.517879486083984	0.004627740941942	0.004627740941942	465.220477623698286
13703.169921875	2.548055648803711	0.005766962654889	0.005766962654889	465.220477623698286
13703.2119140625	2.57856559753418	0.006743127945811	0.006743127945811	465.220477623698286
13703.25390625	2.608366012573242	0.007435899693519	0.007435899693519	465.220477623698286
13703.2958984375	2.638498306274414	0.008037933148444	0.008037933148444	465.220477623698286
13703.337890625	2.668968200683594	0.00848879199475	0.00848879199475	465.220477623698286
13703.3798828125	2.698751449584961	0.008994692005217	0.008994692005217	465.220477623698286
13703.421875	2.728900909423828	0.009560689330101	0.009560689330101	465.220477623698286
13703.462890625	2.759437561035156	0.010272050276399	0.010272050276399	465.220477623698286
13703.5947265625	2.78912353515625	0.006800249218941	0.006800249218941	465.220477623698286
13703.6826171875	2.819494247436523	0.007550509180874	0.007550509180874	465.220477623698286
13703.724609375	2.849321365356445	0.008003482595086	0.008003482595086	465.220477623698286
13703.7666015625	2.879878997802734	0.008496495895088	0.008496495895088	465.220477623698286
13703.80859375	2.910078048706055	0.008893770165741	0.008893770165741	465.220477623698286
13703.8505859375	2.939937591552734	0.00923006888479	0.00923006888479	465.220477623698286
13703.9814453125	2.970317840576172	0.003873661160469	0.003873661160469	465.220477623698286
13704.0693359375	3.000574111938477	0.003915222361684	0.003915222361684	465.220477623698286
14609.0888671875	-3.000692367553711	-0.000179347814992	0.000179347814992	32.05773458389023
14609.130859375	-2.97087287902832	-0.000179237336852	0.000179237336852	32.05773458389023
14609.1728515625	-2.940322875976562	-0.000179089722224	0.000179089722224	32.05773458389023
14609.21484375	-2.910114288330078	-0.000178910442628	0.000178910442628	32.05773458389023
14609.2568359375	-2.879928588867187	-0.000178683898412	0.000178683898412	32.05773458389023
14609.298828125	-2.849716186523437	-0.000178450718522	0.000178450718522	32.05773458389023
14609.3408203125	-2.819507598876953	-0.000178237911314	0.000178237911314	32.05773458389023
14609.3828125	-2.789329528808594	-0.000178011134267	0.000178011134267	32.05773458389023
14609.4248046875	-2.759462356567383	-0.000177747686394	0.000177747686394	32.05773458389023
14609.466796875	-2.728889465332031	-0.000177468289621	0.000177468289621	32.05773458389023
14609.5087890625	-2.698770523071289	-0.000177206122316	0.000177206122316	32.05773458389023
14609.55078125	-2.668977737426758	-0.000176952569745	0.000176952569745	32.05773458389023
14609.5927734375	-2.638528823852539	-0.000176664674655	0.000176664674655	32.05773458389023
14609.634765625	-2.608400344848633	-0.000176355242729	0.000176355242729	32.05773458389023
14609.6767578125	-2.578596115112305	-0.000176045927219	0.000176045927219	32.05773458389023
14609.71875	-2.548137664794922	-0.000175749883056	0.000175749883056	32.05773458389023
14609.7607421875	-2.518014907836914	-0.000175454537384	0.000175454537384	32.05773458389023
14609.802734375	-2.488231658935547	-0.000175118097104	0.000175118097104	32.05773458389023
14609.8447265625	-2.458114624023437	-0.000174770946614	0.000174770946614	32.05773458389023
14609.88671875	-2.427646636962891	-0.000174431712367	0.000174431712367	32.05773458389023
14609.9287109375	-2.397848129272461	-0.000174114480615	0.000174114480615	32.05773458389023
14609.970703125	-2.36772346496582	-0.000173762207851	0.000173762207851	32.05773458389023
14610.0126953125	-2.33726692199707	-0.000173383625224	0.000173383625224	32.05773458389023
14610.0546875	-2.307479858398437	-0.00017299700994	0.00017299700994	32.05773458389023
14610.0966796875	-2.277360916137695	-0.000172647065483	0.000172647065483	32.05773458389023
14610.138671875	-2.246894836425781	-0.000172269414179	0.000172269414179	32.05773458389023
14610.1796875	-2.217105865478516	-0.000171866617166	0.000171866617166	32.05773458389023
14610.2216796875	-2.186973571777344	-0.000171455554664	0.000171455554664	32.05773458389023
14610.263671875	-2.156843185424805	-0.000171052641235	0.000171052641235	32.05773458389023
14610.3056640625	-2.126365661621094	-0.000170651939698	0.000170651939698	32.05773458389023
14610.34765625	-2.096603393554687	-0.000170234241523	0.000170234241523	32.05773458389023
14610.3896484375	-2.066459655761719	-0.000169776845723	0.000169776845723	32.05773458389023
14610.431640625	-2.035987854003906	-0.000169323757291	0.000169323757291	32.05773458389023
14610.4736328125	-2.006277084350586	-0.000168883125298	0.000168883125298	32.05773458389023
14610.515625	-1.97614860534668	-0.000168446684256	0.000168446684256	32.05773458389023
14610.5576171875	-1.945671081542969	-0.000167952035554	0.000167952035554	32.05773458389023
14610.599609375	-1.915908813476562	-0.00016746239271	0.00016746239271	32.05773458389023
14610.6416015625	-1.885765075683594	-0.000166980898939	0.000166980898939	32.05773458389023
14610.68359375	-1.855972290039062	-0.000166496029124	0.000166496029124	32.05773458389023
14610.7255859375	-1.825527191162109	-0.000165999517776	0.000165999517776	32.05773458389023
14610.767578125	-1.795373916625977	-0.000165463541634	0.000165463541634	32.05773458389023
14610.8095703125	-1.765607833862305	-0.000164920464158	0.000164920464158	32.05773458389023
14610.8515625	-1.735141754150391	-0.000164385535754	0.000164385535754	32.05773458389023
14610.8935546875	-1.704996109008789	-0.000163845834322	0.000163845834322	32.05773458389023
14610.935546875	-1.675212860107422	-0.000163287390023	0.000163287390023	32.05773458389023
14610.9775390625	-1.644746780395508	-0.000162696582265	0.000162696582265	32.05773458389023
14611.01953125	-1.614618301391602	-0.000162093201652	0.000162093201652	32.05773458389023
14611.0615234375	-1.584840774536133	-0.000161530333571	0.000161530333571	32.05773458389023
14611.103515625	-1.554718017578125	-0.000160926487297	0.000160926487297	32.05773458389023
14611.1455078125	-1.524242401123047	-0.000160292955115	0.000160292955115	32.05773458389023
14611.1875	-1.494106292724609	-0.000159626477398	0.000159626477398	32.05773458389023
14611.2294921875	-1.464309692382812	-0.000158994458616	0.000158994458616	32.05773458389023
14611.271484375	-1.433835983276367	-0.000158344279043	0.000158344279043	32.05773458389023
14611.3134765625	-1.403728485107422	-0.000157677684911	0.000157677684911	32.05773458389023
14611.35546875	-1.373939514160156	-0.000156974885613	0.000156974885613	32.05773458389023
14611.3974609375	-1.343465805053711	-0.000156235764734	0.000156235764734	32.05773458389023
14611.439453125	-1.313287734985352	-0.000155535060912	0.000155535060912	32.05773458389023
14611.4814453125	-1.283424377441406	-0.000154824345373	0.000154824345373	32.05773458389023
14611.5234375	-1.253223419189453	-0.000154065550305	0.000154065550305	32.05773458389023
14611.5654296875	-1.222707748413086	-0.000153264030814	0.000153264030814	32.05773458389023
14611.607421875	-1.192842483520508	-0.000152487307787	0.000152487307787	32.05773458389023
14611.6494140625	-1.162641525268555	-0.000151695916429	0.000151695916429	32.05773458389023
14611.69140625	-1.132101058959961	-0.000150879030116	0.000150879030116	32.05773458389023
14611.7333984375	-1.102241516113281	-0.000150030711666	0.000150030711666	32.05773458389023
14611.775390625	-1.072032928466797	-0.000149153289385	0.000149153289385	32.05773458389023
14611.81640625	-1.041507720947266	-0.000148273655213	0.000148273655213	32.05773458389023
14611.859375	-1.011646270751953	-0.000147394370288	0.000147394370288	32.05773458389023
14611.9013671875	-0.981435775756836	-0.000146468752064	0.000146468752064	32.05773458389023
14611.9423828125	-0.951595306396484	-0.000145524623804	0.000145524623804	32.05773458389023
14611.984375	-0.921043395996094	-0.000144556164742	0.000144556164742	32.05773458389023
14612.0263671875	-0.890832901000977	-0.00014357524924	0.00014357524924	32.05773458389023
14612.068359375	-0.860662460327148	-0.000142580131069	0.000142580131069	32.05773458389023
14612.1103515625	-0.830102920532227	-0.000141513650306	0.000141513650306	32.05773458389023
14612.15234375	-0.800226211547852	-0.000140452058986	0.000140452058986	32.05773458389023
14612.1943359375	-0.770048141479492	-0.000139381387271	0.000139381387271	32.05773458389023
14612.236328125	-0.73948860168457	-0.000138267176226	0.000138267176226	32.05773458389023
14612.2783203125	-0.70965576171875	-0.000137136201374	0.000137136201374	32.05773458389023
14612.3203125	-0.679447174072266	-0.00013595528435	0.00013595528435	32.05773458389023
14612.3623046875	-0.648885726928711	-0.000134733738378	0.000134733738378	32.05773458389023
14612.404296875	-0.619100570678711	-0.000133534893394	0.000133534893394	32.05773458389023
14612.4462890625	-0.588903427124023	-0.000132284127176	0.000132284127176	32.05773458389023
14612.48828125	-0.559047698974609	-0.000130986096337	0.000130986096337	32.05773458389023
14612.5302734375	-0.528524398803711	-0.000129631720483	0.000129631720483	32.05773458389023
14612.572265625	-0.498315811157227	-0.000128269079141	0.000128269079141	32.05773458389023
14612.6142578125	-0.468448638916016	-0.000126896426082	0.000126896426082	32.05773458389023
14612.65625	-0.437911987304687	-0.000125429360196	0.000125429360196	32.05773458389023
14612.6982421875	-0.407718658447266	-0.000123934005387	0.000123934005387	32.05773458389023
14612.740234375	-0.377859115600586	-0.000122408033349	0.000122408033349	32.05773458389023
14612.7822265625	-0.347322463989258	-0.000120828161016	0.000120828161016	32.05773458389023
14612.82421875	-0.317119598388672	-0.000119211967103	0.000119211967103	32.05773458389023
14612.8662109375	-0.287263870239258	-0.000117551186122	0.000117551186122	32.05773458389023
14612.908203125	-0.257053375244141	-0.000115821836516	0.000115821836516	32.05773458389023
14612.9501953125	-0.226507186889648	-0.000114010530524	0.000114010530524	32.05773458389023
14612.9921875	-0.1966552734375	-0.000112199573778	0.000112199573778	32.05773458389023
14613.0341796875	-0.166479110717773	-0.000110292457975	0.000110292457975	32.05773458389023
14613.076171875	-0.135929107666016	-0.000108285574242	0.000108285574242	32.05773458389023
14613.1181640625	-0.105714797973633	-0.000106224557385	0.000106224557385	32.05773458389023
14613.16015625	-0.075862884521484	-0.000104135368019	0.000104135368019	32.05773458389023
14613.2021484375	-0.045318603515625	-0.000101907295175	0.000101907295175	32.05773458389023
14613.294921875	-0.015310287475586	-9.960045281331986E-5	9.960045281331986E-5	32.05773458389023
14613.3369140625	0.015176773071289	-9.715928172226995E-5	9.715928172226995E-5	32.05773458389023
14613.37890625	0.045053482055664	-9.460440196562558E-5	9.460440196562558E-5	32.05773458389023
14613.4208984375	0.075620651245117	-9.171105921268463E-5	9.171105921268463E-5	32.05773458389023
14613.462890625	0.105810165405273	-8.824940596241504E-5	8.824940596241504E-5	32.05773458389023
14613.5048828125	0.135673522949219	-8.316898311022669E-5	8.316898311022669E-5	32.05773458389023
14613.546875	0.166248321533203	-7.301587902475148E-5	7.301587902475148E-5	32.05773458389023
14613.5888671875	0.19647216796875	-4.853650170844048E-5	4.853650170844048E-5	32.05773458389023
14613.630859375	0.226459503173828	1.28209067042917E-5	1.28209067042917E-5	32.05773458389023
14613.7666015625	0.25701904296875	0.000197307090275	0.000197307090275	32.05773458389023
14613.80859375	0.287277221679687	0.000583265791647	0.000583265791647	32.05773458389023
14613.943359375	0.317045211791992	0.001295321621001	0.001295321621001	32.05773458389023
14613.9853515625	0.34727668762207	0.002293343655765	0.002293343655765	32.05773458389023
14614.02734375	0.37782096862793	0.00354325119406	0.00354325119406	32.05773458389023
14614.0693359375	0.407709121704102	0.004930910654366	0.004930910654366	32.05773458389023
14614.1103515625	0.437934875488281	0.00644447049126	0.00644447049126	32.05773458389023
14614.15234375	0.468507766723633	0.008059849962592	0.008059849962592	32.05773458389023
14614.1943359375	0.498748779296875	0.009715709835291	0.009715709835291	32.05773458389023
14614.283203125	0.528423309326172	0.011611200869083	0.011611200869083	32.05773458389023
14614.3251953125	0.558971405029297	0.013389699161053	0.013389699161053	32.05773458389023
14614.3671875	0.589151382446289	0.015177614986897	0.015177614986897	32.05773458389023
14614.4091796875	0.619020462036133	0.016963563859463	0.016963563859463	32.05773458389023
14614.451171875	0.649160385131836	0.018774978816509	0.018774978816509	32.05773458389023
14614.4931640625	0.679710388183594	0.020621202886105	0.020621202886105	32.05773458389023
14614.53515625	0.709568023681641	0.022433936595917	0.022433936595917	32.05773458389023
14614.5771484375	0.739763259887695	0.024277836084366	0.024277836084366	32.05773458389023
14614.6181640625	0.770313262939453	0.026152670383453	0.026152670383453	32.05773458389023
14614.66015625	0.8001708984375	0.028007559478283	0.028007559478283	32.05773458389023
14614.7021484375	0.83036994934082	0.029909692704678	0.029909692704678	32.05773458389023
14614.744140625	0.860929489135742	0.03187607973814	0.03187607973814	32.05773458389023
14614.7861328125	0.890783309936523	0.033849500119686	0.033849500119686	32.05773458389023
14614.828125	0.920963287353516	0.035941526293755	0.035941526293755	32.05773458389023
14614.8701171875	0.950838088989258	0.038061417639256	0.038061417639256	32.05773458389023
14614.912109375	0.981376647949219	0.040216118097305	0.040216118097305	32.05773458389023
14614.9541015625	1.011575698852539	0.042359843850136	0.042359843850136	32.05773458389023
14614.99609375	1.041452407836914	0.044498778879642	0.044498778879642	32.05773458389023
14615.0380859375	1.071992874145508	0.046655625104904	0.046655625104904	32.05773458389023
14615.080078125	1.102184295654297	0.048794113099575	0.048794113099575	32.05773458389023
14615.1220703125	1.132057189941406	0.05090969055891	0.05090969055891	32.05773458389023
14615.1640625	1.162578582763672	0.053027309477329	0.053027309477329	32.05773458389023
14615.2060546875	1.192794799804687	0.055107817053795	0.055107817053795	32.05773458389023
14615.248046875	1.222673416137695	0.057093366980553	0.057093366980553	32.05773458389023
14615.2900390625	1.253189086914062	0.05918025970459	0.05918025970459	32.05773458389023
14615.33203125	1.283391952514648	0.061139918863773	0.061139918863773	32.05773458389023
14615.3740234375	1.313604354858398	0.063126169145107	0.063126169145107	32.05773458389023
14615.416015625	1.343448638916016	0.065082296729088	0.065082296729088	32.05773458389023
14615.4580078125	1.373933792114258	0.067060686647892	0.067060686647892	32.05773458389023
14615.5	1.404073715209961	0.068960763514042	0.068960763514042	32.05773458389023
14615.5419921875	1.433847427368164	0.070756748318672	0.070756748318672	32.05773458389023
14615.583984375	1.464321136474609	0.072545416653156	0.072545416653156	32.05773458389023
14615.6259765625	1.494447708129883	0.074401825666428	0.074401825666428	32.05773458389023
14615.66796875	1.524253845214844	0.07651461660862	0.07651461660862	32.05773458389023
14615.7099609375	1.554706573486328	0.078508198261261	0.078508198261261	32.05773458389023
14615.751953125	1.584863662719727	0.08145996183157	0.08145996183157	32.05773458389023
14615.7939453125	1.614622116088867	0.08294952660799	0.08294952660799	32.05773458389023
14615.8359375	1.644783020019531	0.085648715496063	0.085648715496063	32.05773458389023
14615.876953125	1.675251007080078	0.087286040186882	0.087286040186882	32.05773458389023
14615.9189453125	1.705036163330078	0.088694244623184	0.088694244623184	32.05773458389023
14615.9609375	1.735198974609375	0.091901443898678	0.091901443898678	32.05773458389023
14616.0029296875	1.765651702880859	0.093570202589035	0.093570202589035	32.05773458389023
14616.044921875	1.795417785644531	0.095172524452209	0.095172524452209	32.05773458389023
14616.0869140625	1.825534820556641	0.098415777087212	0.098415777087212	32.05773458389023
14616.12890625	1.841823577880859	0.099979884922504	0.099979884922504	32.05773458389023
14616.1708984375	1.848102569580078	0.100002862513065	0.100002862513065	32.05773458389023
14616.2138671875	1.84834098815918	0.100002817809582	0.100002817809582	32.05773458389023
14616.255859375	1.852087020874023	0.100002773106098	0.100002773106098	32.05773458389023
14616.2978515625	1.85297966003418	0.100002810359001	0.100002810359001	32.05773458389023
14616.33984375	1.852363586425781	0.100002743303776	0.100002743303776	32.05773458389023
14616.3828125	1.85382080078125	0.100002810359001	0.100002810359001	32.05773458389023
14616.4248046875	1.858333587646484	0.100002832710743	0.100002832710743	32.05773458389023
14616.466796875	1.860845565795898	0.100002773106098	0.100002773106098	32.05773458389023
14616.5087890625	1.864473342895508	0.100002788007259	0.100002788007259	32.05773458389023
14616.5517578125	1.865482330322266	0.100002780556679	0.100002780556679	32.05773458389023
14616.59375	1.864645004272461	0.10000279545784	0.10000279545784	32.05773458389023
14616.6357421875	1.868144989013672	0.100002788007259	0.100002788007259	32.05773458389023
14616.677734375	1.86810302734375	0.100002810359001	0.100002810359001	32.05773458389023
14616.720703125	1.859683990478516	0.100002840161324	0.100002840161324	32.05773458389023
14616.7626953125	1.856527328491211	0.100002802908421	0.100002802908421	32.05773458389023
14616.8046875	1.856592178344727	0.100002788007259	0.100002788007259	32.05773458389023
14616.8466796875	1.856565475463867	0.10000279545784	0.10000279545784	32.05773458389023
14616.8896484375	1.857694625854492	0.100002788007259	0.100002788007259	32.05773458389023
14616.931640625	1.858789443969727	0.100002765655518	0.100002765655518	32.05773458389023
14616.9736328125	1.857841491699219	0.10000279545784	0.10000279545784	32.05773458389023
14617.015625	1.854892730712891	0.100002773106098	0.100002773106098	32.05773458389023
14617.05859375	1.85197639465332	0.100002802908421	0.100002802908421	32.05773458389023
14617.1005859375	1.849275588989258	0.10000279545784	0.10000279545784	32.05773458389023
14617.142578125	1.843963623046875	0.100002825260162	0.100002825260162	32.05773458389023
14617.1845703125	1.839914321899414	0.100002773106098	0.100002773106098	32.05773458389023
14617.2275390625	1.836475372314453	0.100002773106098	0.100002773106098	32.05773458389023
14617.26953125	1.835206985473633	0.100002750754356	0.100002750754356	32.05773458389023
14617.3115234375	1.832895278930664	0.100002788007259	0.100002788007259	32.05773458389023
14617.353515625	1.833423614501953	0.100002758204937	0.100002758204937	32.05773458389023
14617.396484375	1.834379196166992	0.10000279545784	0.10000279545784	32.05773458389023
14617.4384765625	1.837379455566406	0.100002750754356	0.100002750754356	32.05773458389023
14617.48046875	1.839035034179687	0.10000279545784	0.10000279545784	32.05773458389023
14617.5234375	1.840457916259766	0.10000279545784	0.10000279545784	32.05773458389023
14617.5654296875	1.841842651367187	0.100002788007259	0.100002788007259	32.05773458389023
14617.607421875	1.842643737792969	0.100002788007259	0.100002788007259	32.05773458389023
14617.6494140625	1.843021392822266	0.100002758204937	0.100002758204937	32.05773458389023
14617.6923828125	1.843734741210937	0.100002817809582	0.100002817809582	32.05773458389023
14617.734375	1.843875885009766	0.10000279545784	0.10000279545784	32.05773458389023
