[INFO]
Keithley 2400
Meas Time: 2021/1/19 16:57:49
Params: GPIB address = GPIB0::21::INSTR; DataFile = D:\工艺实验\韦家粲; Compliance  Level (0.1) = 0.100000000000000; Number of Points (5) = 200; Minimum Amplitude (1) = -3.000000000000000; Maximum Amplitude (2) = 3.000000000000000; Timeout (100000 ms) = 100000; Source Mode  (0: Voltage) = 0; 4-wire? = FALSE; delay(S) = 0.000000000000000; Start = ; 

[COMMENT]


[DATA]
time (s)	Voltage (V)	Current (A)	absCurrent (A)	Fitting Resistance (Ohms)

14178.5849609375	-3.000707626342773	-0.000179053284228	0.000179053284228	46.107442612289688
14178.626953125	-2.970876693725586	-0.000178644666448	0.000178644666448	46.107442612289688
14178.6689453125	-2.94032096862793	-0.000178252463229	0.000178252463229	46.107442612289688
14178.7109375	-2.910116195678711	-0.000177833018824	0.000177833018824	46.107442612289688
14178.7529296875	-2.879922866821289	-0.000177424401045	0.000177424401045	46.107442612289688
14178.794921875	-2.849704742431641	-0.000176991918124	0.000176991918124	46.107442612289688
14178.8369140625	-2.819503784179687	-0.000176591798663	0.000176591798663	46.107442612289688
14178.87890625	-2.789321899414062	-0.00017615465913	0.00017615465913	46.107442612289688
14178.9208984375	-2.759458541870117	-0.000175759429112	0.000175759429112	46.107442612289688
14178.962890625	-2.728879928588867	-0.000175346620381	0.000175346620381	46.107442612289688
14179.0048828125	-2.698776245117187	-0.00017490843311	0.00017490843311	46.107442612289688
14179.046875	-2.668979644775391	-0.000174417975359	0.000174417975359	46.107442612289688
14179.0888671875	-2.638523101806641	-0.000173963373527	0.000173963373527	46.107442612289688
14179.130859375	-2.6083984375	-0.000173503998667	0.000173503998667	46.107442612289688
14179.1728515625	-2.578607559204102	-0.00017303286586	0.00017303286586	46.107442612289688
14179.21484375	-2.548135757446289	-0.000172551022843	0.000172551022843	46.107442612289688
14179.2568359375	-2.518020629882812	-0.000172037282027	0.000172037282027	46.107442612289688
14179.298828125	-2.488224029541016	-0.000171585241333	0.000171585241333	46.107442612289688
14179.3408203125	-2.458108901977539	-0.000171116436832	0.000171116436832	46.107442612289688
14179.3828125	-2.427642822265625	-0.000170616898686	0.000170616898686	46.107442612289688
14179.4248046875	-2.397853851318359	-0.000170086277649	0.000170086277649	46.107442612289688
14179.466796875	-2.367713928222656	-0.000169594190083	0.000169594190083	46.107442612289688
14179.5087890625	-2.337255477905273	-0.000169076723978	0.000169076723978	46.107442612289688
14179.55078125	-2.307474136352539	-0.000168549129739	0.000168549129739	46.107442612289688
14179.5927734375	-2.277349472045898	-0.00016800314188	0.00016800314188	46.107442612289688
14179.634765625	-2.246870040893555	-0.000167442252859	0.000167442252859	46.107442612289688
14179.6767578125	-2.217090606689453	-0.000166908605024	0.000166908605024	46.107442612289688
14179.71875	-2.186956405639648	-0.00016636098735	0.00016636098735	46.107442612289688
14179.7607421875	-2.156837463378906	-0.00016581104137	0.00016581104137	46.107442612289688
14179.802734375	-2.126358032226562	-0.000165188219398	0.000165188219398	46.107442612289688
14179.8447265625	-2.096582412719727	-0.000164622091688	0.000164622091688	46.107442612289688
14179.88671875	-2.066444396972656	-0.000164068769664	0.000164068769664	46.107442612289688
14179.9287109375	-2.035974502563477	-0.000163512071595	0.000163512071595	46.107442612289688
14179.970703125	-2.006271362304687	-0.000162883312441	0.000162883312441	46.107442612289688
14180.0126953125	-1.976129531860352	-0.000162252341397	0.000162252341397	46.107442612289688
14180.0546875	-1.945659637451172	-0.000161608797498	0.000161608797498	46.107442612289688
14180.0966796875	-1.915899276733398	-0.000160997151397	0.000160997151397	46.107442612289688
14180.138671875	-1.885753631591797	-0.000160337425768	0.000160337425768	46.107442612289688
14180.1806640625	-1.855960845947266	-0.000159724033438	0.000159724033438	46.107442612289688
14180.22265625	-1.825511932373047	-0.000159032992087	0.000159032992087	46.107442612289688
14180.2646484375	-1.795372009277344	-0.000158324604854	0.000158324604854	46.107442612289688
14180.306640625	-1.765604019165039	-0.000157689210027	0.000157689210027	46.107442612289688
14180.3486328125	-1.735139846801758	-0.000157011440024	0.000157011440024	46.107442612289688
14180.390625	-1.704996109008789	-0.000156278139912	0.000156278139912	46.107442612289688
14180.4326171875	-1.675205230712891	-0.00015559385065	0.00015559385065	46.107442612289688
14180.474609375	-1.644744873046875	-0.00015483959578	0.00015483959578	46.107442612289688
14180.515625	-1.614618301391602	-0.000154111068696	0.000154111068696	46.107442612289688
14180.5576171875	-1.584840774536133	-0.00015337462537	0.00015337462537	46.107442612289688
14180.599609375	-1.554710388183594	-0.000152599066496	0.000152599066496	46.107442612289688
14180.6416015625	-1.524232864379883	-0.000151808024384	0.000151808024384	46.107442612289688
14180.68359375	-1.494104385375977	-0.000150991487317	0.000150991487317	46.107442612289688
14180.7255859375	-1.464321136474609	-0.00015021674335	0.00015021674335	46.107442612289688
14180.767578125	-1.433830261230469	-0.000149373081513	0.000149373081513	46.107442612289688
14180.8095703125	-1.403717041015625	-0.000148482504301	0.000148482504301	46.107442612289688
14180.8515625	-1.373931884765625	-0.00014761055354	0.00014761055354	46.107442612289688
14180.8935546875	-1.343448638916016	-0.00014671892859	0.00014671892859	46.107442612289688
14180.935546875	-1.313272476196289	-0.000145841040649	0.000145841040649	46.107442612289688
14180.9775390625	-1.283418655395508	-0.00014488492161	0.00014488492161	46.107442612289688
14181.01953125	-1.25322151184082	-0.000143893877976	0.000143893877976	46.107442612289688
14181.0615234375	-1.222682952880859	-0.000142889097333	0.000142889097333	46.107442612289688
14181.103515625	-1.192831039428711	-0.000141872209497	0.000141872209497	46.107442612289688
14181.1455078125	-1.162618637084961	-0.000140802236274	0.000140802236274	46.107442612289688
14181.1875	-1.132081985473633	-0.000139681156725	0.000139681156725	46.107442612289688
14181.2294921875	-1.10222053527832	-0.000138533883728	0.000138533883728	46.107442612289688
14181.271484375	-1.072015762329102	-0.000137383001857	0.000137383001857	46.107442612289688
14181.3134765625	-1.041501998901367	-0.000136168207973	0.000136168207973	46.107442612289688
14181.35546875	-1.011638641357422	-0.000134910922498	0.000134910922498	46.107442612289688
14181.3974609375	-0.981410980224609	-0.000133611727506	0.000133611727506	46.107442612289688
14181.439453125	-0.951580047607422	-0.000132279586978	0.000132279586978	46.107442612289688
14181.4814453125	-0.921024322509766	-0.000130901462398	0.000130901462398	46.107442612289688
14181.5234375	-0.89082145690918	-0.000129496562295	0.000129496562295	46.107442612289688
14181.5654296875	-0.860649108886719	-0.000128019368276	0.000128019368276	46.107442612289688
14181.607421875	-0.83009147644043	-0.000126475468278	0.000126475468278	46.107442612289688
14181.6494140625	-0.800226211547852	-0.000124941812828	0.000124941812828	46.107442612289688
14181.69140625	-0.770030975341797	-0.000123374629766	0.000123374629766	46.107442612289688
14181.7333984375	-0.739473342895508	-0.000121691147797	0.000121691147797	46.107442612289688
14181.775390625	-0.709640502929687	-0.000119993230328	0.000119993230328	46.107442612289688
14181.8173828125	-0.67943000793457	-0.000118247349747	0.000118247349747	46.107442612289688
14181.859375	-0.64887809753418	-0.000116441398859	0.000116441398859	46.107442612289688
14181.9013671875	-0.619094848632812	-0.000114627066068	0.000114627066068	46.107442612289688
14181.943359375	-0.588897705078125	-0.000112736946903	0.000112736946903	46.107442612289688
14181.9853515625	-0.55903434753418	-0.000110796070658	0.000110796070658	46.107442612289688
14182.02734375	-0.528509140014648	-0.000108781619929	0.000108781619929	46.107442612289688
14182.0693359375	-0.498310089111328	-0.000106759369373	0.000106759369373	46.107442612289688
14182.111328125	-0.468439102172852	-0.000104687060229	0.000104687060229	46.107442612289688
14182.1533203125	-0.437894821166992	-0.000102492165752	0.000102492165752	46.107442612289688
14182.1953125	-0.407686233520508	-0.000100277015008	0.000100277015008	46.107442612289688
14182.2880859375	-0.378049850463867	-9.803324064705521E-5	9.803324064705521E-5	46.107442612289688
14182.330078125	-0.347513198852539	-9.569080430082977E-5	9.569080430082977E-5	46.107442612289688
14182.3720703125	-0.317304611206055	-9.33024421101436E-5	9.33024421101436E-5	46.107442612289688
14182.4140625	-0.287450790405273	-9.08748188521713E-5	9.08748188521713E-5	46.107442612289688
14182.4560546875	-0.257232666015625	-8.833364699967206E-5	8.833364699967206E-5	46.107442612289688
14182.498046875	-0.226680755615234	-8.569152851123363E-5	8.569152851123363E-5	46.107442612289688
14182.5400390625	-0.196819305419922	-8.306093513965607E-5	8.306093513965607E-5	46.107442612289688
14182.58203125	-0.166641235351562	-8.031782635953277E-5	8.031782635953277E-5	46.107442612289688
14182.6240234375	-0.136075973510742	-7.743870082776994E-5	7.743870082776994E-5	46.107442612289688
14182.666015625	-0.105857849121094	-7.451241253875196E-5	7.451241253875196E-5	46.107442612289688
14182.7080078125	-0.075990676879883	-7.154584454838187E-5	7.154584454838187E-5	46.107442612289688
14182.75	-0.045450210571289	-6.841481081210077E-5	6.841481081210077E-5	46.107442612289688
14182.7919921875	-0.015226364135742	-6.521280738525093E-5	6.521280738525093E-5	46.107442612289688
14182.833984375	0.015239715576172	-6.184920493979007E-5	6.184920493979007E-5	46.107442612289688
14182.8759765625	0.045120239257812	-5.845443229191005E-5	5.845443229191005E-5	46.107442612289688
14182.91796875	0.075679779052734	-5.481483822222799E-5	5.481483822222799E-5	46.107442612289688
14182.9599609375	0.105865478515625	-5.096940731164068E-5	5.096940731164068E-5	46.107442612289688
14183.001953125	0.1357421875	-4.663699655793607E-5	4.663699655793607E-5	46.107442612289688
14183.0439453125	0.166313171386719	-4.084009560756385E-5	4.084009560756385E-5	46.107442612289688
14183.0859375	0.196496963500977	-3.130556433461607E-5	3.130556433461607E-5	46.107442612289688
14183.1279296875	0.226398468017578	-1.124764094129205E-5	1.124764094129205E-5	46.107442612289688
14183.169921875	0.257053375244141	3.791214840020984E-5	3.791214840020984E-5	46.107442612289688
14183.3056640625	0.287185668945312	0.00016969058197	0.00016969058197	46.107442612289688
14183.34765625	0.317108154296875	0.000435720896348	0.000435720896348	46.107442612289688
14183.3896484375	0.347414016723633	0.000897085526958	0.000897085526958	46.107442612289688
14183.5244140625	0.377786636352539	0.001579526811838	0.001579526811838	46.107442612289688
14183.56640625	0.40765380859375	0.002369501627982	0.002369501627982	46.107442612289688
14183.607421875	0.437871932983398	0.003272597678006	0.003272597678006	46.107442612289688
14183.6494140625	0.468427658081055	0.004260850138962	0.004260850138962	46.107442612289688
14183.69140625	0.498651504516602	0.005291510839015	0.005291510839015	46.107442612289688
14183.7333984375	0.528539657592773	0.006348746363074	0.006348746363074	46.107442612289688
14183.775390625	0.559083938598633	0.007459433749318	0.007459433749318	46.107442612289688
14183.8173828125	0.589288711547852	0.008581000380218	0.008581000380218	46.107442612289688
14183.859375	0.619173049926758	0.009708248078823	0.009708248078823	46.107442612289688
14183.9482421875	0.64912223815918	0.010869108140469	0.010869108140469	46.107442612289688
14183.990234375	0.67967414855957	0.012047380208969	0.012047380208969	46.107442612289688
14184.03125	0.709531784057617	0.013208717107773	0.013208717107773	46.107442612289688
14184.0732421875	0.739725112915039	0.014392323791981	0.014392323791981	46.107442612289688
14184.115234375	0.770275115966797	0.015596404671669	0.015596404671669	46.107442612289688
14184.1572265625	0.800134658813477	0.016778275370598	0.016778275370598	46.107442612289688
14184.19921875	0.83033561706543	0.017978191375732	0.017978191375732	46.107442612289688
14184.2412109375	0.860895156860352	0.019195385277271	0.019195385277271	46.107442612289688
14184.283203125	0.890752792358398	0.02038761228323	0.02038761228323	46.107442612289688
14184.3251953125	0.920930862426758	0.021595157682896	0.021595157682896	46.107442612289688
14184.3671875	0.9508056640625	0.022792212665081	0.022792212665081	46.107442612289688
14184.4091796875	0.981342315673828	0.024016551673412	0.024016551673412	46.107442612289688
14184.451171875	1.011537551879883	0.025227911770344	0.025227911770344	46.107442612289688
14184.4931640625	1.041414260864258	0.026423595845699	0.026423595845699	46.107442612289688
14184.53515625	1.07194709777832	0.027649067342281	0.027649067342281	46.107442612289688
14184.5771484375	1.102142333984375	0.028860971331596	0.028860971331596	46.107442612289688
14184.619140625	1.132009506225586	0.030060224235058	0.030060224235058	46.107442612289688
14184.6611328125	1.162528991699219	0.031281054019928	0.031281054019928	46.107442612289688
14184.703125	1.192745208740234	0.032489955425262	0.032489955425262	46.107442612289688
14184.7451171875	1.222621917724609	0.033687129616737	0.033687129616737	46.107442612289688
14184.787109375	1.253137588500977	0.034911036491394	0.034911036491394	46.107442612289688
14184.8291015625	1.28333854675293	0.036116421222687	0.036116421222687	46.107442612289688
14184.87109375	1.31355094909668	0.03732505440712	0.03732505440712	46.107442612289688
14184.9130859375	1.343387603759766	0.038505867123604	0.038505867123604	46.107442612289688
14184.955078125	1.373868942260742	0.039709329605103	0.039709329605103	46.107442612289688
14184.9970703125	1.404016494750977	0.040862053632736	0.040862053632736	46.107442612289688
14185.0390625	1.433780670166016	0.041990160942078	0.041990160942078	46.107442612289688
14185.0810546875	1.464254379272461	0.043160982429981	0.043160982429981	46.107442612289688
14185.123046875	1.494386672973633	0.044323161244392	0.044323161244392	46.107442612289688
14185.1650390625	1.524190902709961	0.045480199158192	0.045480199158192	46.107442612289688
14185.20703125	1.554651260375977	0.046669363975525	0.046669363975525	46.107442612289688
14185.2490234375	1.584787368774414	0.047838695347309	0.047838695347309	46.107442612289688
14185.291015625	1.614570617675781	0.049296915531158	0.049296915531158	46.107442612289688
14185.3330078125	1.644693374633789	0.050492085516453	0.050492085516453	46.107442612289688
14185.375	1.675155639648437	0.051633380353451	0.051633380353451	46.107442612289688
14185.416015625	1.7049560546875	0.052778363227844	0.052778363227844	46.107442612289688
14185.4580078125	1.735090255737305	0.053906202316284	0.053906202316284	46.107442612289688
14185.5	1.765560150146484	0.055025048553944	0.055025048553944	46.107442612289688
14185.5419921875	1.79533576965332	0.056157767772675	0.056157767772675	46.107442612289688
14185.583984375	1.825466156005859	0.05731326341629	0.05731326341629	46.107442612289688
14185.6259765625	1.855936050415039	0.058430910110474	0.058430910110474	46.107442612289688
14185.66796875	1.885726928710937	0.059544287621975	0.059544287621975	46.107442612289688
14185.7099609375	1.915861129760742	0.060601711273193	0.060601711273193	46.107442612289688
14185.751953125	1.945642471313477	0.061677664518356	0.061677664518356	46.107442612289688
14185.7939453125	1.976095199584961	0.062795110046864	0.062795110046864	46.107442612289688
14185.8359375	2.006235122680664	0.06388334184885	0.06388334184885	46.107442612289688
14185.8779296875	2.0360107421875	0.064939230680466	0.064939230680466	46.107442612289688
14185.919921875	2.066421508789062	0.065958000719547	0.065958000719547	46.107442612289688
14185.9619140625	2.096555709838867	0.066930629312992	0.066930629312992	46.107442612289688
14186.00390625	2.126323699951172	0.067858047783375	0.067858047783375	46.107442612289688
14186.0458984375	2.156791687011719	0.068675488233566	0.068675488233566	46.107442612289688
14186.087890625	2.186965942382812	0.070601634681225	0.070601634681225	46.107442612289688
14186.1298828125	2.217052459716797	0.070531964302063	0.070531964302063	46.107442612289688
14186.171875	2.246919631958008	0.072053492069244	0.072053492069244	46.107442612289688
14186.2138671875	2.277324676513672	0.071317359805107	0.071317359805107	46.107442612289688
14186.255859375	2.307437896728516	0.073287300765514	0.073287300765514	46.107442612289688
14186.2978515625	2.337228775024414	0.074622176587582	0.074622176587582	46.107442612289688
14186.3388671875	2.367687225341797	0.075982064008713	0.075982064008713	46.107442612289688
14186.380859375	2.397808074951172	0.077887468039989	0.077887468039989	46.107442612289688
14186.4228515625	2.427614212036133	0.079191356897354	0.079191356897354	46.107442612289688
14186.46484375	2.458087921142578	0.080865547060966	0.080865547060966	46.107442612289688
14186.5068359375	2.488204956054687	0.082327343523502	0.082327343523502	46.107442612289688
14186.548828125	2.517990112304687	0.083430826663971	0.083430826663971	46.107442612289688
14186.5908203125	2.548133850097656	0.08489466458559	0.08489466458559	46.107442612289688
14186.6328125	2.578603744506836	0.085649013519287	0.085649013519287	46.107442612289688
14186.6748046875	2.608377456665039	0.086831904947758	0.086831904947758	46.107442612289688
14186.716796875	2.638519287109375	0.088450394570827	0.088450394570827	46.107442612289688
14186.7587890625	2.668979644775391	0.089626230299473	0.089626230299473	46.107442612289688
14186.80078125	2.698747634887695	0.090151987969875	0.090151987969875	46.107442612289688
14186.8427734375	2.728902816772461	0.091608665883541	0.091608665883541	46.107442612289688
14186.884765625	2.759422302246094	0.092478677630424	0.092478677630424	46.107442612289688
14186.9267578125	2.789295196533203	0.094160966575146	0.094160966575146	46.107442612289688
14186.96875	2.819496154785156	0.095627948641777	0.095627948641777	46.107442612289688
14187.0107421875	2.7742919921875	0.096939735114574	0.096939735114574	46.107442612289688
14187.052734375	2.751470565795898	0.100002743303776	0.100002743303776	46.107442612289688
14187.0947265625	2.738983154296875	0.100002743303776	0.100002743303776	46.107442612289688
14187.13671875	2.734575271606445	0.100002713501453	0.100002713501453	46.107442612289688
14187.1796875	2.733884811401367	0.100002728402615	0.100002728402615	46.107442612289688
14187.2216796875	2.718847274780273	0.100002765655518	0.100002765655518	46.107442612289688
