[INFO]
Keithley 2400
Meas Time: 2021/1/19 14:12:24
Params: GPIB address = GPIB0::21::INSTR; DataFile = D:\工艺实验\韦文猛; Compliance  Level (0.1) = 0.100000000000000; Number of Points (5) = 300; Minimum Amplitude (1) = -3.000000000000000; Maximum Amplitude (2) = 3.000000000000000; Timeout (100000 ms) = 100000; Source Mode  (0: Voltage) = 0; 4-wire? = FALSE; delay(S) = 0.000000000000000; Start = ; 

[COMMENT]


[DATA]
time (s)	Voltage (V)	Current (A)	absCurrent (A)	Fitting Resistance (Ohms)

4249.72949218749999	-3.000722885131836	-0.001187970861793	0.001187970861793	81.214581526133188
4249.77148437499999	-2.980836868286133	-0.001188773661852	0.001188773661852	81.214581526133188
4249.81347656249999	-2.960586547851562	-0.001188884489238	0.001188884489238	81.214581526133188
4249.85546874999999	-2.940679550170898	-0.001188743859529	0.001188743859529	81.214581526133188
4249.89746093749999	-2.920093536376953	-0.001188769005239	0.001188769005239	81.214581526133188
4249.93945312499999	-2.900178909301758	-0.00118896830827	0.00118896830827	81.214581526133188
4249.98144531249999	-2.87994384765625	-0.00118900462985	0.00118900462985	81.214581526133188
4250.02343749999999	-2.860027313232422	-0.001188916154206	0.001188916154206	81.214581526133188
4250.06542968749999	-2.840120315551758	-0.001188589259982	0.001188589259982	81.214581526133188
4250.10742187499999	-2.819868087768555	-0.001188420690596	0.001188420690596	81.214581526133188
4250.14941406249999	-2.799983978271484	-0.001188398338854	0.001188398338854	81.214581526133188
4250.19140624999999	-2.78007698059082	-0.001188460737467	0.001188460737467	81.214581526133188
4250.23339843749999	-2.759483337402344	-0.001188106834888	0.001188106834888	81.214581526133188
4250.27539062499999	-2.739572525024414	-0.001187724992633	0.001187724992633	81.214581526133188
4250.31738281249999	-2.719324111938477	-0.001187659800053	0.001187659800053	81.214581526133188
4250.35937499999999	-2.699489593505859	-0.00118769519031	0.00118769519031	81.214581526133188
4250.40136718749999	-2.679281234741211	-0.00118737667799	0.00118737667799	81.214581526133188
4250.44335937499999	-2.659421920776367	-0.001186902634799	0.001186902634799	81.214581526133188
4250.48535156249999	-2.639568328857422	-0.001186522655189	0.001186522655189	81.214581526133188
4250.52734374999999	-2.619041442871094	-0.001186491921544	0.001186491921544	81.214581526133188
4250.56933593749999	-2.599170684814453	-0.001186246052384	0.001186246052384	81.214581526133188
4250.61132812499999	-2.578969955444336	-0.001185868866742	0.001185868866742	81.214581526133188
4250.65332031249999	-2.559103012084961	-0.001185279339552	0.001185279339552	81.214581526133188
4250.69531249999999	-2.539255142211914	-0.001185053028166	0.001185053028166	81.214581526133188
4250.73730468749999	-2.519054412841797	-0.001184990629554	0.001184990629554	81.214581526133188
4250.77929687499999	-2.49919319152832	-0.001184503547847	0.001184503547847	81.214581526133188
4250.82128906249999	-2.478992462158203	-0.001184056513011	0.001184056513011	81.214581526133188
4250.86328124999999	-2.458810806274414	-0.001183520071208	0.001183520071208	81.214581526133188
4250.90527343749999	-2.438617706298828	-0.001183326356113	0.001183326356113	81.214581526133188
4250.94726562499999	-2.418750762939453	-0.001183058135211	0.001183058135211	81.214581526133188
4250.98925781249999	-2.398891448974609	-0.00118251144886	0.00118251144886	81.214581526133188
4251.03124999999999	-2.378688812255859	-0.0011818818748	0.0011818818748	81.214581526133188
4251.07324218749999	-2.358835220336914	-0.001181493513286	0.001181493513286	81.214581526133188
4251.11523437499999	-2.338640213012695	-0.001181290484965	0.001181290484965	81.214581526133188
4251.15722656249999	-2.318435668945312	-0.001180754043162	0.001180754043162	81.214581526133188
4251.19921874999999	-2.298236846923828	-0.001180223189294	0.001180223189294	81.214581526133188
4251.24121093749999	-2.278387069702148	-0.001179513521492	0.001179513521492	81.214581526133188
4251.28320312499999	-2.258533477783203	-0.001179159618914	0.001179159618914	81.214581526133188
4251.32519531249999	-2.238325119018555	-0.001178775914013	0.001178775914013	81.214581526133188
4251.36718749999999	-2.218475341796875	-0.001178257167339	0.001178257167339	81.214581526133188
4251.40917968749999	-2.1986083984375	-0.001177536323667	0.001177536323667	81.214581526133188
4251.45117187499999	-2.178413391113281	-0.001176794059575	0.001176794059575	81.214581526133188
4251.49316406249999	-2.157871246337891	-0.001176494173706	0.001176494173706	81.214581526133188
4251.53515624999999	-2.138015747070312	-0.001176149584353	0.001176149584353	81.214581526133188
4251.57714843749999	-2.118143081665039	-0.001175370067358	0.001175370067358	81.214581526133188
4251.61914062499999	-2.097965240478516	-0.00117461849004	0.00117461849004	81.214581526133188
4251.66113281249999	-2.078119277954102	-0.00117396004498	0.00117396004498	81.214581526133188
4251.70312499999999	-2.058237075805664	-0.00117362011224	0.00117362011224	81.214581526133188
4251.74511718749999	-2.038026809692383	-0.001173020340502	0.001173020340502	81.214581526133188
4251.78710937499999	-2.017562866210937	-0.001172175630927	0.001172175630927	81.214581526133188
4251.82910156249999	-1.997711181640625	-0.001171355135739	0.001171355135739	81.214581526133188
4251.87109374999999	-1.977846145629883	-0.001170848496258	0.001170848496258	81.214581526133188
4251.91308593749999	-1.957649230957031	-0.001170284114778	0.001170284114778	81.214581526133188
4251.95507812499999	-1.937801361083984	-0.001169555820525	0.001169555820525	81.214581526133188
4251.99707031249999	-1.917947769165039	-0.001168759539723	0.001168759539723	81.214581526133188
4252.03906249999999	-1.897737503051758	-0.001167833805084	0.001167833805084	81.214581526133188
4252.08105468749999	-1.87788200378418	-0.0011673187837	0.0011673187837	81.214581526133188
4252.12304687499999	-1.857326507568359	-0.001166607253253	0.001166607253253	81.214581526133188
4252.16503906249999	-1.837478637695312	-0.001165811903775	0.001165811903775	81.214581526133188
4252.20703124999999	-1.817283630371094	-0.001164831221104	0.001164831221104	81.214581526133188
4252.24902343749999	-1.797414779663086	-0.001164023764431	0.001164023764431	81.214581526133188
4252.29101562499999	-1.777551651000977	-0.001163432374597	0.001163432374597	81.214581526133188
4252.33300781249999	-1.75737190246582	-0.001162498258054	0.001162498258054	81.214581526133188
4252.37499999999999	-1.737524032592773	-0.001161615364254	0.001161615364254	81.214581526133188
4252.41601562499999	-1.716964721679687	-0.001160575076938	0.001160575076938	81.214581526133188
4252.45800781249999	-1.697105407714844	-0.001159713603556	0.001159713603556	81.214581526133188
4252.49999999999999	-1.676906585693359	-0.00115907844156	0.00115907844156	81.214581526133188
4252.54199218749999	-1.657058715820312	-0.001158015802503	0.001158015802503	81.214581526133188
4252.58398437499999	-1.637195587158203	-0.001156898215413	0.001156898215413	81.214581526133188
4252.62597656249999	-1.616994857788086	-0.001156031154096	0.001156031154096	81.214581526133188
4252.66796874999999	-1.597129821777344	-0.001155192032456	0.001155192032456	81.214581526133188
4252.70996093749999	-1.57659912109375	-0.00115414429456	0.00115414429456	81.214581526133188
4252.75195312499999	-1.556745529174805	-0.001153002493083	0.001153002493083	81.214581526133188
4252.79394531249999	-1.536531448364258	-0.001151756383479	0.001151756383479	81.214581526133188
4252.83593749999999	-1.516681671142578	-0.001150904223323	0.001150904223323	81.214581526133188
4252.87792968749999	-1.496822357177734	-0.0011499337852	0.0011499337852	81.214581526133188
4252.91992187499999	-1.476621627807617	-0.00114871468395	0.00114871468395	81.214581526133188
4252.96191406249999	-1.456758499145508	-0.001147349365056	0.001147349365056	81.214581526133188
4253.00390624999999	-1.436893463134766	-0.001146296039224	0.001146296039224	81.214581526133188
4253.04589843749999	-1.416347503662109	-0.001145241782069	0.001145241782069	81.214581526133188
4253.08789062499999	-1.396512985229492	-0.001144065521657	0.001144065521657	81.214581526133188
4253.12988281249999	-1.376308441162109	-0.001142599619925	0.001142599619925	81.214581526133188
4253.17187499999999	-1.356433868408203	-0.001141254790127	0.001141254790127	81.214581526133188
4253.21386718749999	-1.336227416992187	-0.001140035688877	0.001140035688877	81.214581526133188
4253.25585937499999	-1.316333770751953	-0.001138932071626	0.001138932071626	81.214581526133188
4253.29785156249999	-1.296438217163086	-0.00113741401583	0.00113741401583	81.214581526133188
4253.33984374999999	-1.275836944580078	-0.001135787926614	0.001135787926614	81.214581526133188
4253.38183593749999	-1.255943298339844	-0.001134541817009	0.001134541817009	81.214581526133188
4253.42382812499999	-1.23570442199707	-0.001133173704147	0.001133173704147	81.214581526133188
4253.46582031249999	-1.215812683105469	-0.001131707802415	0.001131707802415	81.214581526133188
4253.50781249999999	-1.195552825927734	-0.001130151562393	0.001130151562393	81.214581526133188
4253.54980468749999	-1.175647735595703	-0.001128361560404	0.001128361560404	81.214581526133188
4253.59179687499999	-1.155723571777344	-0.001127049326897	0.001127049326897	81.214581526133188
4253.63378906249999	-1.135496139526367	-0.00112562160939	0.00112562160939	81.214581526133188
4253.67578124999999	-1.115257263183594	-0.001123754307628	0.001123754307628	81.214581526133188
4253.71777343749999	-1.09498405456543	-0.001122042536736	0.001122042536736	81.214581526133188
4253.75976562499999	-1.075098037719727	-0.001120314002037	0.001120314002037	81.214581526133188
4253.80175781249999	-1.055208206176758	-0.001118879765272	0.001118879765272	81.214581526133188
4253.84374999999999	-1.034965515136719	-0.001117216423154	0.001117216423154	81.214581526133188
4253.88574218749999	-1.015054702758789	-0.001115234568715	0.001115234568715	81.214581526133188
4253.92773437499999	-0.99479866027832	-0.001113153062761	0.001113153062761	81.214581526133188
4253.96972656249999	-0.974546432495117	-0.001111936755478	0.001111936755478	81.214581526133188
4254.01171874999999	-0.954309463500977	-0.00111049413681	0.00111049413681	81.214581526133188
4254.05371093749999	-0.934394836425781	-0.001108787022531	0.001108787022531	81.214581526133188
4254.09570312499999	-0.914495468139648	-0.001106630079448	0.001106630079448	81.214581526133188
4254.13769531249999	-0.894254684448242	-0.00110475346446	0.00110475346446	81.214581526133188
4254.17968749999999	-0.874368667602539	-0.001102615147829	0.001102615147829	81.214581526133188
4254.22167968749999	-0.854465484619141	-0.001100556924939	0.001100556924939	81.214581526133188
4254.26367187499999	-0.834207534790039	-0.001098296605051	0.001098296605051	81.214581526133188
4254.30566406249999	-0.813623428344727	-0.001095999963582	0.001095999963582	81.214581526133188
4254.34765624999999	-0.79371452331543	-0.001093822531402	0.001093822531402	81.214581526133188
4254.38964843749999	-0.773822784423828	-0.001091551035643	0.001091551035643	81.214581526133188
4254.43066406249999	-0.753566741943359	-0.001088622026145	0.001088622026145	81.214581526133188
4254.47265624999999	-0.73365592956543	-0.001086002215743	0.001086002215743	81.214581526133188
4254.51464843749999	-0.713737487792969	-0.001083608716726	0.001083608716726	81.214581526133188
4254.55664062499999	-0.693513870239258	-0.001081488095224	0.001081488095224	81.214581526133188
4254.59863281249999	-0.672929763793945	-0.00107898004353	0.00107898004353	81.214581526133188
4254.64062499999999	-0.653013229370117	-0.001075978390872	0.001075978390872	81.214581526133188
4254.68261718749999	-0.633102416992187	-0.001072805374861	0.001072805374861	81.214581526133188
4254.72460937499999	-0.612922668457031	-0.001070221886039	0.001070221886039	81.214581526133188
4254.76660156249999	-0.593034744262695	-0.001067661680281	0.001067661680281	81.214581526133188
4254.80859374999999	-0.573116302490234	-0.001064673997462	0.001064673997462	81.214581526133188
4254.85058593749999	-0.552881240844727	-0.001061235554516	0.001061235554516	81.214581526133188
4254.89257812499999	-0.532983779907227	-0.001058018766344	0.001058018766344	81.214581526133188
4254.93457031249999	-0.512407302856445	-0.001054715365171	0.001054715365171	81.214581526133188
4254.97656249999999	-0.49247932434082	-0.001051750965416	0.001051750965416	81.214581526133188
4255.01855468749999	-0.472236633300781	-0.001048319973052	0.001048319973052	81.214581526133188
4255.06054687499999	-0.452312469482422	-0.001044660806656	0.001044660806656	81.214581526133188
4255.10253906249999	-0.432416915893555	-0.001040989533067	0.001040989533067	81.214581526133188
4255.14453124999999	-0.412187576293945	-0.001037353649735	0.001037353649735	81.214581526133188
4255.18652343749999	-0.392274856567383	-0.001033501699567	0.001033501699567	81.214581526133188
4255.22851562499999	-0.371679306030273	-0.001029236242175	0.001029236242175	81.214581526133188
4255.27050781249999	-0.351797103881836	-0.001024985685945	0.001024985685945	81.214581526133188
4255.31249999999999	-0.331562042236328	-0.001021116040647	0.001021116040647	81.214581526133188
4255.35449218749999	-0.311639785766602	-0.001016974449158	0.001016974449158	81.214581526133188
4255.39648437499999	-0.29173469543457	-0.001012322492898	0.001012322492898	81.214581526133188
4255.43847656249999	-0.271484375	-0.001007193699479	0.001007193699479	81.214581526133188
4255.48046874999999	-0.251590728759766	-0.001002494245768	0.001002494245768	81.214581526133188
4255.56933593749999	-0.231891632080078	-0.000997312483378	0.000997312483378	81.214581526133188
4255.61132812499999	-0.2113037109375	-0.000991128501482	0.000991128501482	81.214581526133188
4255.65332031249999	-0.191055297851562	-0.000984390848316	0.000984390848316	81.214581526133188
4255.69531249999999	-0.171182632446289	-0.000976476236247	0.000976476236247	81.214581526133188
4255.73730468749999	-0.151266098022461	-0.000966112012975	0.000966112012975	81.214581526133188
4255.77929687499999	-0.130996704101562	-0.000951445079409	0.000951445079409	81.214581526133188
4255.82128906249999	-0.111085891723633	-0.000932063558139	0.000932063558139	81.214581526133188
4255.86328124999999	-0.0911865234375	-0.000906252884306	0.000906252884306	81.214581526133188
4255.90527343749999	-0.070602416992187	-0.000872373231687	0.000872373231687	81.214581526133188
4255.94726562499999	-0.050670623779297	-0.000833341036923	0.000833341036923	81.214581526133188
4255.98925781249999	-0.030418395996094	-0.000789373763837	0.000789373763837	81.214581526133188
4256.03124999999999	-0.010492324829102	-0.000740001094528	0.000740001094528	81.214581526133188
4256.07324218749999	0.010074615478516	-0.000684477738105	0.000684477738105	81.214581526133188
4256.11523437499999	0.030309677124023	-0.000627882312983	0.000627882312983	81.214581526133188
4256.15722656249999	0.050226211547852	-0.000568946590647	0.000568946590647	81.214581526133188
4256.19921874999999	0.070156097412109	-0.000508353696205	0.000508353696205	81.214581526133188
4256.24121093749999	0.090749740600586	-0.000443469150923	0.000443469150923	81.214581526133188
4256.28320312499999	0.110658645629883	-0.000378848402761	0.000378848402761	81.214581526133188
4256.32519531249999	0.130928039550781	-0.000311262207106	0.000311262207106	81.214581526133188
4256.36718749999999	0.150842666625977	-0.000243829214014	0.000243829214014	81.214581526133188
4256.40917968749999	0.170791625976562	-0.000174979446456	0.000174979446456	81.214581526133188
4256.45117187499999	0.191028594970703	-0.00010369962547	0.00010369962547	81.214581526133188
4256.54394531249999	0.210884094238281	-3.134841972496361E-5	3.134841972496361E-5	81.214581526133188
4256.58593749999999	0.231609344482422	3.673711762530729E-5	3.673711762530729E-5	81.214581526133188
4256.72167968749999	0.251461029052734	0.000125882681459	0.000125882681459	81.214581526133188
4256.76367187499999	0.271711349487305	0.000209152931347	0.000209152931347	81.214581526133188
4256.80566406249999	0.291622161865234	0.00029662810266	0.00029662810266	81.214581526133188
4256.84765624999999	0.311553955078125	0.000391673005652	0.000391673005652	81.214581526133188
4256.88964843749999	0.331823348999023	0.000500130292494	0.000500130292494	81.214581526133188
4256.93164062499999	0.351753234863281	0.000623478321359	0.000623478321359	81.214581526133188
4256.97363281249999	0.371662139892578	0.000768372789025	0.000768372789025	81.214581526133188
4257.01562499999999	0.392301559448242	0.000945411564317	0.000945411564317	81.214581526133188
4257.15039062499999	0.412376403808594	0.001189200207591	0.001189200207591	81.214581526133188
4257.19238281249999	0.43229866027832	0.001424320973456	0.001424320973456	81.214581526133188
4257.23437499999999	0.452199935913086	0.001684809103608	0.001684809103608	81.214581526133188
4257.27636718749999	0.472463607788086	0.001971239224076	0.001971239224076	81.214581526133188
4257.31835937499999	0.492374420166016	0.002270665951073	0.002270665951073	81.214581526133188
4257.36035156249999	0.512287139892578	0.002584762871265	0.002584762871265	81.214581526133188
4257.40234374999999	0.532875061035156	0.002921564504504	0.002921564504504	81.214581526133188
4257.44433593749999	0.553108215332031	0.003262729384005	0.003262729384005	81.214581526133188
4257.48632812499999	0.573015213012695	0.003606464713812	0.003606464713812	81.214581526133188
4257.52832031249999	0.592929840087891	0.003956509754062	0.003956509754062	81.214581526133188
4257.57031249999999	0.613180160522461	0.00431911367923	0.00431911367923	81.214581526133188
4257.61132812499999	0.633079528808594	0.004679067991674	0.004679067991674	81.214581526133188
4257.65332031249999	0.652936935424805	0.005042021162808	0.005042021162808	81.214581526133188
4257.69531249999999	0.673191070556641	0.005416633561254	0.005416633561254	81.214581526133188
4257.73730468749999	0.693458557128906	0.005795003380626	0.005795003380626	81.214581526133188
4257.77929687499999	0.713710784912109	0.006174388807267	0.006174388807267	81.214581526133188
4257.82128906249999	0.733612060546875	0.006550434976816	0.006550434976816	81.214581526133188
4257.86328124999999	0.75385856628418	0.006934561766684	0.006934561766684	81.214581526133188
4257.90527343749999	0.773777008056641	0.007315083406866	0.007315083406866	81.214581526133188
4257.94726562499999	0.793685913085937	0.007695755921304	0.007695755921304	81.214581526133188
4257.98925781249999	0.813932418823242	0.008084766566753	0.008084766566753	81.214581526133188
4258.03124999999999	0.834203720092773	0.008475619368255	0.008475619368255	81.214581526133188
4258.07324218749999	0.854450225830078	0.008867140859365	0.008867140859365	81.214581526133188
4258.11523437499999	0.874368667602539	0.00925350561738	0.00925350561738	81.214581526133188
4258.15722656249999	0.894271850585937	0.009640724398196	0.009640724398196	81.214581526133188
4258.19921874999999	0.914514541625977	0.010032575577497	0.010032575577497	81.214581526133188
4258.24121093749999	0.934429168701172	0.010421028360724	0.010421028360724	81.214581526133188
4258.32910156249999	0.954484939575195	0.011377558112144	0.011377558112144	81.214581526133188
4258.37109374999999	0.974380493164062	0.011785559356213	0.011785559356213	81.214581526133188
4258.41308593749999	0.994953155517578	0.012209311127663	0.012209311127663	81.214581526133188
4258.45507812499999	1.014863967895508	0.012619994580746	0.012619994580746	81.214581526133188
4258.49707031249999	1.03477668762207	0.013031587004662	0.013031587004662	81.214581526133188
4258.53906249999999	1.055028915405273	0.01345020532608	0.01345020532608	81.214581526133188
4258.58105468749999	1.074905395507812	0.013861127197742	0.013861127197742	81.214581526133188
4258.62304687499999	1.094821929931641	0.014273792505264	0.014273792505264	81.214581526133188
4258.66503906249999	1.115066528320312	0.014692805707455	0.014692805707455	81.214581526133188
4258.70703124999999	1.135669708251953	0.015119113028049	0.015119113028049	81.214581526133188
4258.74902343749999	1.155559539794922	0.015531554818153	0.015531554818153	81.214581526133188
4258.79101562499999	1.175472259521484	0.015941634774208	0.015941634774208	81.214581526133188
4258.83300781249999	1.195718765258789	0.016359716653824	0.016359716653824	81.214581526133188
4258.87499999999999	1.215633392333984	0.016771517693996	0.016771517693996	81.214581526133188
4258.91699218749999	1.235528945922852	0.017183177173138	0.017183177173138	81.214581526133188
4258.95898437499999	1.255758285522461	0.017602607607841	0.017602607607841	81.214581526133188
4259.00097656249999	1.276342391967773	0.018030092120171	0.018030092120171	81.214581526133188
4259.04296874999999	1.296255111694336	0.01844222843647	0.01844222843647	81.214581526133188
4259.08496093749999	1.316144943237305	0.018857970833778	0.018857970833778	81.214581526133188
4259.12695312499999	1.336383819580078	0.019303940236568	0.019303940236568	81.214581526133188
4259.16894531249999	1.35627555847168	0.019764676690102	0.019764676690102	81.214581526133188
4259.21093749999999	1.376131057739258	0.0202247351408	0.0202247351408	81.214581526133188
4259.25292968749999	1.396343231201172	0.020680896937847	0.020680896937847	81.214581526133188
4259.29492187499999	1.416206359863281	0.021119154989719	0.021119154989719	81.214581526133188
4259.33691406249999	1.436735153198242	0.021559908986092	0.021559908986092	81.214581526133188
4259.37890624999999	1.456584930419922	0.021991185843945	0.021991185843945	81.214581526133188
4259.42089843749999	1.476795196533203	0.022438518702984	0.022438518702984	81.214581526133188
4259.46289062499999	1.496664047241211	0.022910006344318	0.022910006344318	81.214581526133188
4259.50488281249999	1.516506195068359	0.023394621908665	0.023394621908665	81.214581526133188
4259.54687499999999	1.536716461181641	0.023866802453995	0.023866802453995	81.214581526133188
4259.58886718749999	1.556573867797852	0.024326577782631	0.024326577782631	81.214581526133188
4259.63085937499999	1.577129364013672	0.024797923862934	0.024797923862934	81.214581526133188
4259.67187499999999	1.596982955932617	0.025241889059544	0.025241889059544	81.214581526133188
4259.71386718749999	1.61683464050293	0.025705114006996	0.025705114006996	81.214581526133188
4259.75585937499999	1.637031555175781	0.026186399161816	0.026186399161816	81.214581526133188
4259.79785156249999	1.656896591186523	0.026657119393349	0.026657119393349	81.214581526133188
4259.83984374999999	1.677093505859375	0.027122527360916	0.027122527360916	81.214581526133188
4259.88183593749999	1.696937561035156	0.027574352920055	0.027574352920055	81.214581526133188
4259.92382812499999	1.716802597045898	0.028027601540089	0.028027601540089	81.214581526133188
4259.96582031249999	1.737363815307617	0.028494097292423	0.028494097292423	81.214581526133188
4260.00781249999999	1.757223129272461	0.02897534519434	0.02897534519434	81.214581526133188
4260.04980468749999	1.777414321899414	0.029453434050083	0.029453434050083	81.214581526133188
4260.09179687499999	1.797273635864258	0.029956422746181	0.029956422746181	81.214581526133188
4260.13378906249999	1.817121505737305	0.030444458127022	0.030444458127022	81.214581526133188
4260.17578124999999	1.837339401245117	0.03095705807209	0.03095705807209	81.214581526133188
4260.21777343749999	1.857181549072266	0.031439252197742	0.031439252197742	81.214581526133188
4260.25976562499999	1.877731323242187	0.03192350268364	0.03192350268364	81.214581526133188
4260.30175781249999	1.89759635925293	0.032402634620667	0.032402634620667	81.214581526133188
4260.34374999999999	1.91779899597168	0.032873004674911	0.032873004674911	81.214581526133188
4260.38574218749999	1.937652587890625	0.033325150609016	0.033325150609016	81.214581526133188
4260.42773437499999	1.957500457763672	0.033784210681915	0.033784210681915	81.214581526133188
4260.46972656249999	1.977703094482422	0.034247308969498	0.034247308969498	81.214581526133188
4260.51171874999999	1.997562408447266	0.034714795649052	0.034714795649052	81.214581526133188
4260.55371093749999	2.017416000366211	0.035192489624023	0.035192489624023	81.214581526133188
4260.59570312499999	2.037956237792969	0.035672098398209	0.035672098398209	81.214581526133188
4260.63769531249999	2.058095932006836	0.03613106161356	0.03613106161356	81.214581526133188
4260.67968749999999	2.077951431274414	0.036588720977306	0.036588720977306	81.214581526133188
4260.72167968749999	2.097824096679687	0.037040904164314	0.037040904164314	81.214581526133188
4260.76367187499999	2.118024826049805	0.037496834993362	0.037496834993362	81.214581526133188
4260.80566406249999	2.137861251831055	0.037946932017803	0.037946932017803	81.214581526133188
4260.84765624999999	2.157724380493164	0.038396239280701	0.038396239280701	81.214581526133188
4260.88964843749999	2.178268432617187	0.038861818611622	0.038861818611622	81.214581526133188
4260.93164062499999	2.198465347290039	0.039317667484283	0.039317667484283	81.214581526133188
4260.97363281249999	2.218317031860352	0.039767518639565	0.039767518639565	81.214581526133188
4261.01562499999999	2.238183975219727	0.040222384035587	0.040222384035587	81.214581526133188
4261.05761718749999	2.258394241333008	0.040685266256332	0.040685266256332	81.214581526133188
4261.09960937499999	2.27825927734375	0.04114007204771	0.04114007204771	81.214581526133188
4261.14160156249999	2.29810905456543	0.0416055098176	0.0416055098176	81.214581526133188
4261.18359374999999	2.318302154541016	0.04209265857935	0.04209265857935	81.214581526133188
4261.22558593749999	2.338493347167969	0.042600706219673	0.042600706219673	81.214581526133188
4261.26660156249999	2.35870361328125	0.043073251843452	0.043073251843452	81.214581526133188
4261.30859374999999	2.378551483154297	0.043533898890018	0.043533898890018	81.214581526133188
4261.35058593749999	2.398746490478516	0.044002860784531	0.044002860784531	81.214581526133188
4261.39257812499999	2.418613433837891	0.044457025825977	0.044457025825977	81.214581526133188
4261.43457031249999	2.438470840454102	0.044905796647072	0.044905796647072	81.214581526133188
4261.47656249999999	2.458671569824219	0.045573547482491	0.045573547482491	81.214581526133188
4261.51855468749999	2.478855133056641	0.046155080199242	0.046155080199242	81.214581526133188
4261.56054687499999	2.499059677124023	0.046619310975075	0.046619310975075	81.214581526133188
4261.60253906249999	2.518913269042969	0.047066926956177	0.047066926956177	81.214581526133188
4261.64453124999999	2.538787841796875	0.047516345977783	0.047516345977783	81.214581526133188
4261.68652343749999	2.558980941772461	0.047968126833439	0.047968126833439	81.214581526133188
4261.72851562499999	2.578840255737305	0.048416137695312	0.048416137695312	81.214581526133188
4261.77050781249999	2.599037170410156	0.04887330532074	0.04887330532074	81.214581526133188
4261.81249999999999	2.618896484375	0.049316324293613	0.049316324293613	81.214581526133188
4261.85449218749999	2.639438629150391	0.049776569008827	0.049776569008827	81.214581526133188
4261.89648437499999	2.659286499023437	0.050252817571163	0.050252817571163	81.214581526133188
4261.93847656249999	2.679141998291016	0.050711706280708	0.050711706280708	81.214581526133188
4261.98046874999999	2.699337005615234	0.051177203655243	0.051177203655243	81.214581526133188
4262.02246093749999	2.719194412231445	0.05164448171854	0.05164448171854	81.214581526133188
4262.06445312499999	2.739055633544922	0.052097328007221	0.052097328007221	81.214581526133188
4262.10644531249999	2.759326934814453	0.052568331360817	0.052568331360817	81.214581526133188
4262.14843749999999	2.77992057800293	0.053158588707447	0.053158588707447	81.214581526133188
4262.19042968749999	2.799839019775391	0.053631477057934	0.053631477057934	81.214581526133188
4262.23242187499999	2.819746017456055	0.054102621972561	0.054102621972561	81.214581526133188
4262.27441406249999	2.83997917175293	0.054638609290123	0.054638609290123	81.214581526133188
4262.31640624999999	2.859882354736328	0.055169776082039	0.055169776082039	81.214581526133188
4262.35839843749999	2.879785537719727	0.055638514459133	0.055638514459133	81.214581526133188
4262.40039062499999	2.90003776550293	0.056100770831108	0.056100770831108	81.214581526133188
4262.44238281249999	2.91993522644043	0.05655375868082	0.05655375868082	81.214581526133188
4262.48437499999999	2.940526962280273	0.057031467556953	0.057031467556953	81.214581526133188
4262.52636718749999	2.960441589355469	0.057480834424496	0.057480834424496	81.214581526133188
4262.56738281249999	2.980693817138672	0.057938620448112	0.057938620448112	81.214581526133188
4262.60937499999999	3.000587463378906	0.058402165770531	0.058402165770531	81.214581526133188
4322.42578124999999	-3.00071907043457	-0.000127342063934	0.000127342063934	30.148861268529309
4322.46777343749999	-2.9808349609375	-0.000127424253151	0.000127424253151	30.148861268529309
4322.50976562499999	-2.960588455200195	-0.000127475243062	0.000127475243062	30.148861268529309
4322.55175781249999	-2.940681457519531	-0.000127486302517	0.000127486302517	30.148861268529309
4322.59374999999999	-2.92009162902832	-0.000127464765683	0.000127464765683	30.148861268529309
4322.63574218749999	-2.900184631347656	-0.000127459410578	0.000127459410578	30.148861268529309
4322.67773437499999	-2.879941940307617	-0.000127458246425	0.000127458246425	30.148861268529309
4322.71972656249999	-2.86003303527832	-0.000127432635054	0.000127432635054	30.148861268529309
4322.76171874999999	-2.840127944946289	-0.000127390492707	0.000127390492707	30.148861268529309
4322.80371093749999	-2.819866180419922	-0.000127341831103	0.000127341831103	30.148861268529309
4322.84570312499999	-2.799985885620117	-0.000127316219732	0.000127316219732	30.148861268529309
4322.88769531249999	-2.780073165893555	-0.00012728117872	0.00012728117872	30.148861268529309
4322.92968749999999	-2.759485244750977	-0.000127217150293	0.000127217150293	30.148861268529309
4322.97167968749999	-2.739582061767578	-0.000127142877318	0.000127142877318	30.148861268529309
4323.01367187499999	-2.719329833984375	-0.000127097242512	0.000127097242512	30.148861268529309
4323.05566406249999	-2.699489593505859	-0.000127047766	0.000127047766	30.148861268529309
4323.09765624999999	-2.679267883300781	-0.000126979779452	0.000126979779452	30.148861268529309
4323.13964843749999	-2.659427642822266	-0.000126907136291	0.000126907136291	30.148861268529309
4323.18164062499999	-2.63957405090332	-0.000126839266159	0.000126839266159	30.148861268529309
4323.22363281249999	-2.619043350219727	-0.000126773957163	0.000126773957163	30.148861268529309
4323.26562499999999	-2.599176406860352	-0.000126704340801	0.000126704340801	30.148861268529309
4323.30761718749999	-2.578971862792969	-0.000126622151583	0.000126622151583	30.148861268529309
4323.34960937499999	-2.559112548828125	-0.000126524129882	0.000126524129882	30.148861268529309
4323.39160156249999	-2.53925895690918	-0.000126451253891	0.000126451253891	30.148861268529309
4323.43359374999999	-2.519063949584961	-0.000126380706206	0.000126380706206	30.148861268529309
4323.47558593749999	-2.499185562133789	-0.000126291299239	0.000126291299239	30.148861268529309
4323.51757812499999	-2.479007720947266	-0.000126185710542	0.000126185710542	30.148861268529309
4323.55957031249999	-2.458812713623047	-0.000126088852994	0.000126088852994	30.148861268529309
4323.60156249999999	-2.438617706298828	-0.000126006663777	0.000126006663777	30.148861268529309
4323.64355468749999	-2.418750762939453	-0.000125920749269	0.000125920749269	30.148861268529309
4323.68554687499999	-2.398900985717773	-0.000125809805468	0.000125809805468	30.148861268529309
4323.72753906249999	-2.378688812255859	-0.000125689897686	0.000125689897686	30.148861268529309
4323.76953124999999	-2.358835220336914	-0.000125605263747	0.000125605263747	30.148861268529309
4323.81152343749999	-2.338649749755859	-0.000125502469018	0.000125502469018	30.148861268529309
4323.85351562499999	-2.318435668945312	-0.000125391641632	0.000125391641632	30.148861268529309
4323.89550781249999	-2.298238754272461	-0.000125257531181	0.000125257531181	30.148861268529309
4323.93749999999999	-2.278396606445312	-0.000125151243992	0.000125151243992	30.148861268529309
4323.97949218749999	-2.258537292480469	-0.000125046935864	0.000125046935864	30.148861268529309
4324.02148437499999	-2.238340377807617	-0.000124926213175	0.000124926213175	30.148861268529309
4324.06347656249999	-2.218477249145508	-0.000124798505567	0.000124798505567	30.148861268529309
4324.10546874999999	-2.198610305786133	-0.000124668702483	0.000124668702483	30.148861268529309
4324.14746093749999	-2.178422927856445	-0.000124559854157	0.000124559854157	30.148861268529309
4324.18945312499999	-2.157871246337891	-0.000124431331642	0.000124431331642	30.148861268529309
4324.23144531249999	-2.138017654418945	-0.000124293728732	0.000124293728732	30.148861268529309
4324.27343749999999	-2.118144989013672	-0.000124153099023	0.000124153099023	30.148861268529309
4324.31542968749999	-2.097967147827148	-0.000124020851217	0.000124020851217	30.148861268529309
4324.35742187499999	-2.078109741210937	-0.000123897450976	0.000123897450976	30.148861268529309
4324.39941406249999	-2.058238983154297	-0.000123753328808	0.000123753328808	30.148861268529309
4324.44140624999999	-2.038022994995117	-0.000123590696603	0.000123590696603	30.148861268529309
4324.48242187499999	-2.017551422119141	-0.00012344319839	0.00012344319839	30.148861268529309
4324.52441406249999	-1.997714996337891	-0.000123312463984	0.000123312463984	30.148861268529309
4324.56640624999999	-1.977848052978516	-0.000123164849356	0.000123164849356	30.148861268529309
4324.60839843749999	-1.957653045654297	-0.000122999073938	0.000122999073938	30.148861268529309
4324.65039062499999	-1.937803268432617	-0.000122822937556	0.000122822937556	30.148861268529309
4324.69238281249999	-1.917951583862305	-0.000122678582557	0.000122678582557	30.148861268529309
4324.73437499999999	-1.897743225097656	-0.000122520024888	0.000122520024888	30.148861268529309
4324.77636718749999	-1.877876281738281	-0.000122353550978	0.000122353550978	30.148861268529309
4324.81835937499999	-1.857326507568359	-0.000122163561173	0.000122163561173	30.148861268529309
4324.86035156249999	-1.837472915649414	-0.000121999299154	0.000121999299154	30.148861268529309
4324.90234374999999	-1.817287445068359	-0.000121837365441	0.000121837365441	30.148861268529309
4324.94433593749999	-1.797414779663086	-0.000121658667922	0.000121658667922	30.148861268529309
4324.98632812499999	-1.777557373046875	-0.000121460529044	0.000121460529044	30.148861268529309
4325.02832031249999	-1.757383346557617	-0.000121264834888	0.000121264834888	30.148861268529309
4325.07031249999999	-1.737525939941406	-0.000121096963994	0.000121096963994	30.148861268529309
4325.11230468749999	-1.716958999633789	-0.000120898359455	0.000120898359455	30.148861268529309
4325.15429687499999	-1.697114944458008	-0.000120692653582	0.000120692653582	30.148861268529309
4325.19628906249999	-1.676908493041992	-0.000120478332974	0.000120478332974	30.148861268529309
4325.23828124999999	-1.657062530517578	-0.000120290322229	0.000120290322229	30.148861268529309
4325.28027343749999	-1.637199401855469	-0.000120092765428	0.000120092765428	30.148861268529309
4325.32226562499999	-1.616987228393555	-0.000119875534438	0.000119875534438	30.148861268529309
4325.36425781249999	-1.597133636474609	-0.000119650503621	0.000119650503621	30.148861268529309
4325.40624999999999	-1.576604843139648	-0.000119430711493	0.000119430711493	30.148861268529309
4325.44824218749999	-1.556743621826172	-0.00011922349222	0.00011922349222	30.148861268529309
4325.49023437499999	-1.536537170410156	-0.000118987751193	0.000118987751193	30.148861268529309
4325.53222656249999	-1.516679763793945	-0.000118750962429	0.000118750962429	30.148861268529309
4325.57421874999999	-1.496818542480469	-0.00011851254385	0.00011851254385	30.148861268529309
4325.61621093749999	-1.47662353515625	-0.000118281692266	0.000118281692266	30.148861268529309
4325.65820312499999	-1.456756591796875	-0.000118049443699	0.000118049443699	30.148861268529309
4325.70019531249999	-1.436901092529297	-0.000117797171697	0.000117797171697	30.148861268529309
4325.74218749999999	-1.416341781616211	-0.000117527670227	0.000117527670227	30.148861268529309
4325.78417968749999	-1.396505355834961	-0.000117272720672	0.000117272720672	30.148861268529309
4325.82617187499999	-1.376308441162109	-0.000117021263577	0.000117021263577	30.148861268529309
4325.86816406249999	-1.356447219848633	-0.000116758979857	0.000116758979857	30.148861268529309
4325.91015624999999	-1.336233139038086	-0.000116473413073	0.000116473413073	30.148861268529309
4325.95214843749999	-1.316335678100586	-0.000116187380627	0.000116187380627	30.148861268529309
4325.99414062499999	-1.296440124511719	-0.000115921837278	0.000115921837278	30.148861268529309
4326.03613281249999	-1.275850296020508	-0.00011564034503	0.00011564034503	30.148861268529309
4326.07812499999999	-1.255943298339844	-0.00011534022633	0.00011534022633	30.148861268529309
4326.12011718749999	-1.235710144042969	-0.000115030445158	0.000115030445158	30.148861268529309
4326.16210937499999	-1.215812683105469	-0.000114734168164	0.000114734168164	30.148861268529309
4326.20410156249999	-1.195556640625	-0.000114433234558	0.000114433234558	30.148861268529309
4326.24609374999999	-1.175653457641602	-0.00011411041487	0.00011411041487	30.148861268529309
4326.28808593749999	-1.155733108520508	-0.000113786081783	0.000113786081783	30.148861268529309
4326.33007812499999	-1.135503768920898	-0.000113456859253	0.000113456859253	30.148861268529309
4326.37207031249999	-1.115257263183594	-0.000113135902211	0.000113135902211	30.148861268529309
4326.41406249999999	-1.094995498657227	-0.000112791662104	0.000112791662104	30.148861268529309
4326.45605468749999	-1.075096130371094	-0.0001124428818	0.0001124428818	30.148861268529309
4326.49804687499999	-1.055212020874023	-0.000112084322609	0.000112084322609	30.148861268529309
4326.54003906249999	-1.034969329833984	-0.000111733097583	0.000111733097583	30.148861268529309
4326.58203124999999	-1.015056610107422	-0.000111376866698	0.000111376866698	30.148861268529309
4326.62402343749999	-0.994806289672852	-0.000110996421427	0.000110996421427	30.148861268529309
4326.66601562499999	-0.974557876586914	-0.000110601773486	0.000110601773486	30.148861268529309
4326.70800781249999	-0.954317092895508	-0.000110219698399	0.000110219698399	30.148861268529309
4326.74902343749999	-0.934412002563477	-0.000109843793325	0.000109843793325	30.148861268529309
4326.79101562499999	-0.914508819580078	-0.000109440064989	0.000109440064989	30.148861268529309
4326.83300781249999	-0.894256591796875	-0.000109009910375	0.000109009910375	30.148861268529309
4326.87499999999999	-0.874374389648437	-0.000108596519567	0.000108596519567	30.148861268529309
4326.91699218749999	-0.854469299316406	-0.000108183594421	0.000108183594421	30.148861268529309
4326.95898437499999	-0.834203720092773	-0.000107754953206	0.000107754953206	30.148861268529309
4327.00097656249999	-0.813631057739258	-0.00010727904737	0.00010727904737	30.148861268529309
4327.04296874999999	-0.793724060058594	-0.000106829800643	0.000106829800643	30.148861268529309
4327.08496093749999	-0.773826599121094	-0.000106378574856	0.000106378574856	30.148861268529309
4327.12695312499999	-0.753559112548828	-0.000105918152258	0.000105918152258	30.148861268529309
4327.16894531249999	-0.733665466308594	-0.000105430954136	0.000105430954136	30.148861268529309
4327.21093749999999	-0.713743209838867	-0.000104934093542	0.000104934093542	30.148861268529309
4327.25292968749999	-0.693525314331055	-0.00010443944484	0.00010443944484	30.148861268529309
4327.29492187499999	-0.672933578491211	-0.000103930593468	0.000103930593468	30.148861268529309
4327.33691406249999	-0.653017044067383	-0.000103408936411	0.000103408936411	30.148861268529309
4327.37890624999999	-0.63311767578125	-0.000102871563286	0.000102871563286	30.148861268529309
4327.42089843749999	-0.612932205200195	-0.000102315680124	0.000102315680124	30.148861268529309
4327.46289062499999	-0.593040466308594	-0.000101776444353	0.000101776444353	30.148861268529309
4327.50488281249999	-0.57313346862793	-0.000101227778941	0.000101227778941	30.148861268529309
4327.54687499999999	-0.552885055541992	-0.000100636971183	0.000100636971183	30.148861268529309
4327.58886718749999	-0.532981872558594	-0.000100039527752	0.000100039527752	30.148861268529309
4327.68164062499999	-0.512622833251953	-9.941883035935462E-5	9.941883035935462E-5	30.148861268529309
4327.72363281249999	-0.492702484130859	-9.881792357191443E-5	9.881792357191443E-5	30.148861268529309
4327.76562499999999	-0.472461700439453	-9.818792750593275E-5	9.818792750593275E-5	30.148861268529309
4327.80761718749999	-0.452547073364258	-9.754078928381205E-5	9.754078928381205E-5	30.148861268529309
4327.84960937499999	-0.432645797729492	-9.687077545095235E-5	9.687077545095235E-5	30.148861268529309
4327.89160156249999	-0.41240119934082	-9.619210322853178E-5	9.619210322853178E-5	30.148861268529309
4327.93359374999999	-0.392480850219727	-9.551935363560915E-5	9.551935363560915E-5	30.148861268529309
4327.97558593749999	-0.371902465820312	-9.478845458943397E-5	9.478845458943397E-5	30.148861268529309
4328.01757812499999	-0.352016448974609	-9.406136814504862E-5	9.406136814504862E-5	30.148861268529309
4328.05957031249999	-0.331764221191406	-9.330404282081872E-5	9.330404282081872E-5	30.148861268529309
4328.10156249999999	-0.311845779418945	-9.25564527278766E-5	9.25564527278766E-5	30.148861268529309
4328.14355468749999	-0.291948318481445	-9.17892757570371E-5	9.17892757570371E-5	30.148861268529309
4328.18554687499999	-0.271697998046875	-9.097340807784349E-5	9.097340807784349E-5	30.148861268529309
4328.22753906249999	-0.251792907714844	-9.014536044560373E-5	9.014536044560373E-5	30.148861268529309
4328.26953124999999	-0.231880187988281	-8.931229240261018E-5	8.931229240261018E-5	30.148861268529309
4328.31152343749999	-0.211288452148437	-8.843743125908077E-5	8.843743125908077E-5	30.148861268529309
4328.35351562499999	-0.191032409667969	-8.753969450481236E-5	8.753969450481236E-5	30.148861268529309
4328.39550781249999	-0.171150207519531	-8.662998152431101E-5	8.662998152431101E-5	30.148861268529309
4328.43749999999999	-0.151237487792969	-8.56896658660844E-5	8.56896658660844E-5	30.148861268529309
4328.47949218749999	-0.130977630615234	-8.472507761325687E-5	8.472507761325687E-5	30.148861268529309
4328.52148437499999	-0.111091613769531	-8.375108882319182E-5	8.375108882319182E-5	30.148861268529309
4328.56347656249999	-0.091176986694336	-8.273172716144472E-5	8.273172716144472E-5	30.148861268529309
4328.60546874999999	-0.070581436157227	-8.164379687514156E-5	8.164379687514156E-5	30.148861268529309
4328.64746093749999	-0.0506591796875	-8.057066588662565E-5	8.057066588662565E-5	30.148861268529309
4328.68945312499999	-0.030422210693359	-7.944813114590943E-5	7.944813114590943E-5	30.148861268529309
4328.73144531249999	-0.010524749755859	-7.829615788068622E-5	7.829615788068622E-5	30.148861268529309
4328.77343749999999	0.010053634643555	-7.704725430812687E-5	7.704725430812687E-5	30.148861268529309
4328.81542968749999	0.030290603637695	-7.577105134259909E-5	7.577105134259909E-5	30.148861268529309
4328.85742187499999	0.050203323364258	-7.444771472364664E-5	7.444771472364664E-5	30.148861268529309
4328.89941406249999	0.070112228393555	-7.299918797798455E-5	7.299918797798455E-5	30.148861268529309
4328.94140624999999	0.090703964233398	-7.126783020794392E-5	7.126783020794392E-5	30.148861268529309
4328.98339843749999	0.110601425170898	-6.916908023413271E-5	6.916908023413271E-5	30.148861268529309
4329.02539062499999	0.130861282348633	-6.622094952035695E-5	6.622094952035695E-5	30.148861268529309
4329.06738281249999	0.150766372680664	-6.163454963825643E-5	6.163454963825643E-5	30.148861268529309
4329.10937499999999	0.170707702636719	-5.358073394745588E-5	5.358073394745588E-5	30.148861268529309
4329.15136718749999	0.190971374511719	-3.810389898717403E-5	3.810389898717403E-5	30.148861268529309
4329.24804687499999	0.210840225219727	-6.491441126854625E-6	6.491441126854625E-6	30.148861268529309
4329.38769531249999	0.231649398803711	5.543038423638791E-5	5.543038423638791E-5	30.148861268529309
4329.52343749999999	0.251476287841797	0.000173337291926	0.000173337291926	30.148861268529309
4329.56542968749999	0.271745681762695	0.000385259394534	0.000385259394534	30.148861268529309
4329.60742187499999	0.291717529296875	0.000730778148863	0.000730778148863	30.148861268529309
4329.74121093749999	0.311504364013672	0.001266865991056	0.001266865991056	30.148861268529309
4329.78320312499999	0.331775665283203	0.001967700198293	0.001967700198293	30.148861268529309
4329.82519531249999	0.351694107055664	0.002814380452037	0.002814380452037	30.148861268529309
4329.86718749999999	0.371589660644531	0.003787183202803	0.003787183202803	30.148861268529309
4329.90917968749999	0.392213821411133	0.004900676198304	0.004900676198304	30.148861268529309
4329.95117187499999	0.412471771240234	0.006078139878809	0.006078139878809	30.148861268529309
4329.99316406249999	0.432426452636719	0.007299979683012	0.007299979683012	30.148861268529309
4330.03515624999999	0.452335357666016	0.008569809608161	0.008569809608161	30.148861268529309
4330.07714843749999	0.472612380981445	0.009903402999043	0.009903402999043	30.148861268529309
4330.16503906249999	0.492332458496094	0.011263892054558	0.011263892054558	30.148861268529309
4330.20703124999999	0.512248992919922	0.012630730867386	0.012630730867386	30.148861268529309
4330.24902343749999	0.532829284667969	0.014071255922318	0.014071255922318	30.148861268529309
4330.29101562499999	0.553060531616211	0.015506312251091	0.015506312251091	30.148861268529309
4330.33300781249999	0.572971343994141	0.01693370193243	0.01693370193243	30.148861268529309
4330.37499999999999	0.592880249023437	0.018375791609287	0.018375791609287	30.148861268529309
4330.41699218749999	0.613119125366211	0.019852310419083	0.019852310419083	30.148861268529309
4330.45898437499999	0.633020401000977	0.02131462842226	0.02131462842226	30.148861268529309
4330.50097656249999	0.652870178222656	0.02278058975935	0.02278058975935	30.148861268529309
4330.54296874999999	0.673124313354492	0.024283476173878	0.024283476173878	30.148861268529309
4330.58496093749999	0.693389892578125	0.025793485343456	0.025793485343456	30.148861268529309
4330.62695312499999	0.713630676269531	0.027307607233524	0.027307607233524	30.148861268529309
4330.66894531249999	0.733522415161133	0.028798706829548	0.028798706829548	30.148861268529309
4330.71093749999999	0.753765106201172	0.030321016907692	0.030321016907692	30.148861268529309
4330.75292968749999	0.773679733276367	0.031820677220821	0.031820677220821	30.148861268529309
4330.79492187499999	0.793584823608398	0.03332132101059	0.03332132101059	30.148861268529309
4330.83691406249999	0.813823699951172	0.034851118922234	0.034851118922234	30.148861268529309
4330.87890624999999	0.834081649780273	0.036383114755154	0.036383114755154	30.148861268529309
4330.92089843749999	0.854326248168945	0.037914447486401	0.037914447486401	30.148861268529309
4330.96289062499999	0.874244689941406	0.039422005414963	0.039422005414963	30.148861268529309
4331.00488281249999	0.89415168762207	0.040931530296803	0.040931530296803	30.148861268529309
4331.04687499999999	0.914382934570312	0.042465656995773	0.042465656995773	30.148861268529309
4331.08886718749999	0.934291839599609	0.043974034488201	0.043974034488201	30.148861268529309
4331.13085937499999	0.954547882080078	0.045510105788708	0.045510105788708	30.148861268529309
4331.17285156249999	0.974443435668945	0.047017693519592	0.047017693519592	30.148861268529309
4331.21484374999999	0.995025634765625	0.048576444387436	0.048576444387436	30.148861268529309
4331.25683593749999	1.01494026184082	0.050082914531231	0.050082914531231	30.148861268529309
4331.29882812499999	1.034858703613281	0.051587119698524	0.051587119698524	30.148861268529309
4331.34082031249999	1.055109024047852	0.053119622170925	0.053119622170925	30.148861268529309
4331.38281249999999	1.074987411499023	0.054618783295155	0.054618783295155	30.148861268529309
4331.42480468749999	1.094905853271484	0.056120499968529	0.056120499968529	30.148861268529309
4331.46679687499999	1.115158081054687	0.057647466659546	0.057647466659546	30.148861268529309
4331.50878906249999	1.135753631591797	0.059200935065746	0.059200935065746	30.148861268529309
4331.54980468749999	1.155645370483398	0.060696966946125	0.060696966946125	30.148861268529309
4331.59179687499999	1.175559997558594	0.062187731266022	0.062187731266022	30.148861268529309
4331.63378906249999	1.195812225341797	0.063704863190651	0.063704863190651	30.148861268529309
4331.67578124999999	1.215719223022461	0.065199449658394	0.065199449658394	30.148861268529309
4331.71777343749999	1.235622406005859	0.066690348088741	0.066690348088741	30.148861268529309
4331.75976562499999	1.255857467651367	0.068195283412933	0.068195283412933	30.148861268529309
4331.80175781249999	1.276447296142578	0.069718763232231	0.069718763232231	30.148861268529309
4331.84374999999999	1.296356201171875	0.071193680167198	0.071193680167198	30.148861268529309
4331.88574218749999	1.316257476806641	0.072664365172386	0.072664365172386	30.148861268529309
4331.92773437499999	1.336502075195312	0.074170604348183	0.074170604348183	30.148861268529309
4331.96972656249999	1.356382369995117	0.075649827718735	0.075649827718735	30.148861268529309
4332.01171874999999	1.376247406005859	0.077115394175053	0.077115394175053	30.148861268529309
4332.05371093749999	1.396463394165039	0.078606307506561	0.078606307506561	30.148861268529309
4332.09570312499999	1.416322708129883	0.080066539347172	0.080066539347172	30.148861268529309
4332.13769531249999	1.436849594116211	0.081563159823418	0.081563159823418	30.148861268529309
4332.17968749999999	1.456710815429687	0.083021648228168	0.083021648228168	30.148861268529309
4332.22167968749999	1.476917266845703	0.084495544433594	0.084495544433594	30.148861268529309
4332.26367187499999	1.496776580810547	0.08595672249794	0.08595672249794	30.148861268529309
4332.30566406249999	1.516633987426758	0.087518207728863	0.087518207728863	30.148861268529309
4332.34765624999999	1.536849975585937	0.08904655277729	0.08904655277729	30.148861268529309
4332.38964843749999	1.556705474853516	0.090468004345894	0.090468004345894	30.148861268529309
4332.43164062499999	1.5772705078125	0.091970734298229	0.091970734298229	30.148861268529309
4332.47363281249999	1.597116470336914	0.093185685575008	0.093185685575008	30.148861268529309
4332.51464843749999	1.616970062255859	0.094588540494442	0.094588540494442	30.148861268529309
4332.55664062499999	1.637168884277344	0.096051536500454	0.096051536500454	30.148861268529309
4332.59863281249999	1.657035827636719	0.097550898790359	0.097550898790359	30.148861268529309
4332.64062499999999	1.67723274230957	0.099046461284161	0.099046461284161	30.148861268529309
4332.68261718749999	1.689319610595703	0.100001648068428	0.100001648068428	30.148861268529309
4332.72558593749999	1.689041137695312	0.100002259016037	0.100002259016037	30.148861268529309
4332.76757812499999	1.68879508972168	0.100002244114876	0.100002244114876	30.148861268529309
4332.80957031249999	1.688789367675781	0.100002236664295	0.100002236664295	30.148861268529309
4332.85156249999999	1.688249588012695	0.100002259016037	0.100002259016037	30.148861268529309
4332.89453124999999	1.687503814697266	0.100002251565456	0.100002251565456	30.148861268529309
4332.93652343749999	1.687114715576172	0.100002259016037	0.100002259016037	30.148861268529309
4332.97851562499999	1.687322616577148	0.100002229213715	0.100002229213715	30.148861268529309
4333.02050781249999	1.687097549438477	0.100002251565456	0.100002251565456	30.148861268529309
4333.06347656249999	1.685977935791016	0.100002229213715	0.100002229213715	30.148861268529309
4333.10546874999999	1.685726165771484	0.100002229213715	0.100002229213715	30.148861268529309
4333.14746093749999	1.685476303100586	0.100002214312553	0.100002214312553	30.148861268529309
4333.18945312499999	1.684873580932617	0.100002259016037	0.100002259016037	30.148861268529309
4333.23242187499999	1.684488296508789	0.100002251565456	0.100002251565456	30.148861268529309
4333.27441406249999	1.684347152709961	0.100002259016037	0.100002259016037	30.148861268529309
4333.31640624999999	1.683904647827148	0.100002259016037	0.100002259016037	30.148861268529309
4333.35839843749999	1.683425903320312	0.100002259016037	0.100002259016037	30.148861268529309
4333.40136718749999	1.683589935302734	0.100002251565456	0.100002251565456	30.148861268529309
4333.44335937499999	1.683256149291992	0.100002281367779	0.100002281367779	30.148861268529309
4333.48535156249999	1.682205200195312	0.100002259016037	0.100002259016037	30.148861268529309
4333.52734374999999	1.682260513305664	0.10000229626894	0.10000229626894	30.148861268529309
4333.57031249999999	1.682146072387695	0.100002229213715	0.100002229213715	30.148861268529309
4333.61230468749999	1.679021835327148	0.100002236664295	0.100002236664295	30.148861268529309
4333.65429687499999	1.675186157226562	0.100002273917198	0.100002273917198	30.148861268529309
4333.69628906249999	1.673744201660156	0.100002259016037	0.100002259016037	30.148861268529309
4333.73925781249999	1.672767639160156	0.100002266466618	0.100002266466618	30.148861268529309
4333.78124999999999	1.671627044677734	0.100002251565456	0.100002251565456	30.148861268529309
4333.82324218749999	1.670501708984375	0.100002273917198	0.100002273917198	30.148861268529309
4333.86523437499999	1.669668197631836	0.100002288818359	0.100002288818359	30.148861268529309
4333.90820312499999	1.650505065917969	0.100002288818359	0.100002288818359	30.148861268529309
4333.95019531249999	1.644466400146484	0.100002266466618	0.100002266466618	30.148861268529309
4333.99218749999999	1.640504837036133	0.100002266466618	0.100002266466618	30.148861268529309
4334.03417968749999	1.64080810546875	0.100002259016037	0.100002259016037	30.148861268529309
4334.07714843749999	1.639389038085937	0.100002288818359	0.100002288818359	30.148861268529309
4334.11914062499999	1.639989852905273	0.100002259016037	0.100002259016037	30.148861268529309
4334.16113281249999	1.639968872070312	0.100002244114876	0.100002244114876	30.148861268529309
4334.20312499999999	1.661935806274414	0.100002259016037	0.100002259016037	30.148861268529309
4334.24609374999999	1.67780876159668	0.100002206861973	0.100002206861973	30.148861268529309
4334.28808593749999	1.67742919921875	0.100002281367779	0.100002281367779	30.148861268529309
4334.33007812499999	1.676984786987305	0.100002303719521	0.100002303719521	30.148861268529309
4334.37207031249999	1.676548004150391	0.100002281367779	0.100002281367779	30.148861268529309
4334.41503906249999	1.675819396972656	0.100002288818359	0.100002288818359	30.148861268529309
4334.45703124999999	1.675281524658203	0.100002281367779	0.100002281367779	30.148861268529309
4334.49902343749999	1.674623489379883	0.100002318620682	0.100002318620682	30.148861268529309
4334.54101562499999	1.674501419067383	0.100002281367779	0.100002281367779	30.148861268529309
4334.58398437499999	1.674470901489258	0.100002303719521	0.100002303719521	30.148861268529309
4334.62597656249999	1.674030303955078	0.100002318620682	0.100002318620682	30.148861268529309
4334.66796874999999	1.673749923706055	0.100002311170101	0.100002311170101	30.148861268529309
4334.70996093749999	1.673566818237305	0.100002303719521	0.100002303719521	30.148861268529309
4334.75292968749999	1.673360824584961	0.100002340972424	0.100002340972424	30.148861268529309
4334.79492187499999	1.672718048095703	0.100002355873585	0.100002355873585	30.148861268529309
4334.83691406249999	1.672506332397461	0.100002318620682	0.100002318620682	30.148861268529309
4334.87890624999999	1.672330856323242	0.100002303719521	0.100002303719521	30.148861268529309
4334.92187499999999	1.671802520751953	0.100002311170101	0.100002311170101	30.148861268529309
4334.96386718749999	1.671625137329102	0.100002288818359	0.100002288818359	30.148861268529309
4335.00585937499999	1.671892166137695	0.100002303719521	0.100002303719521	30.148861268529309
4335.04785156249999	1.671663284301758	0.100002326071262	0.100002326071262	30.148861268529309
4335.09082031249999	1.671489715576172	0.10000229626894	0.10000229626894	30.148861268529309
4335.13281249999999	1.671586990356445	0.100002288818359	0.100002288818359	30.148861268529309
4335.17480468749999	1.671283721923828	0.100002303719521	0.100002303719521	30.148861268529309
4335.21679687499999	1.671022415161133	0.100002311170101	0.100002311170101	30.148861268529309
4335.25976562499999	1.670829772949219	0.100002326071262	0.100002326071262	30.148861268529309
4335.30175781249999	1.670806884765625	0.100002326071262	0.100002326071262	30.148861268529309
4335.34374999999999	1.670692443847656	0.100002348423004	0.100002348423004	30.148861268529309
4335.38574218749999	1.670648574829102	0.100002326071262	0.100002326071262	30.148861268529309
4335.42871093749999	1.670257568359375	0.100002370774746	0.100002370774746	30.148861268529309
