[INFO]
Keithley 2400
Meas Time: 2021/1/19 9:29:15
Params: GPIB address = GPIB0::21::INSTR; DataFile = D:\工艺实验\韩昊东; Compliance  Level (0.1) = 0.100000000000000; Number of Points (5) = 100; Minimum Amplitude (1) = -3.000000000000000; Maximum Amplitude (2) = 3.000000000000000; Timeout (100000 ms) = 100000; Source Mode  (0: Voltage) = 0; 4-wire? = FALSE; delay(S) = 0.000000000000000; Start = ; 

[COMMENT]


[DATA]
time (s)	Voltage (V)	Current (A)	absCurrent (A)	Fitting Resistance (Ohms)

5522.57128906249999	-3.000749588012695	6.332356861094013E-11	6.332356861094013E-11	-451708592.086395204
5522.61328124999999	-2.940349578857422	1.195644472318236E-9	1.195644472318236E-9	-451708592.086395204
5522.65429687499999	-2.87962532043457	1.228386281582061E-9	1.228386281582061E-9	-451708592.086395204
5522.69628906249999	-2.818544387817383	8.444658305961639E-10	8.444658305961639E-10	-451708592.086395204
5522.73828124999999	-2.758127212524414	3.140030457871035E-10	3.140030457871035E-10	-451708592.086395204
5522.78027343749999	-2.697441101074219	-2.544311428209767E-10	2.544311428209767E-10	-451708592.086395204
5522.82226562499999	-2.636869430541992	-3.199147613486275E-10	3.199147613486275E-10	-451708592.086395204
5522.86425781249999	-2.576604843139648	9.379164112033322E-11	9.379164112033322E-11	-451708592.086395204
5522.90624999999999	-2.515665054321289	6.485834092018194E-10	6.485834092018194E-10	-451708592.086395204
5522.94824218749999	-2.455072402954102	2.637534635141492E-9	2.637534635141492E-9	-451708592.086395204
5522.99023437499999	-2.394809722900391	2.751676220213994E-9	2.751676220213994E-9	-451708592.086395204
5523.03222656249999	-2.334211349487305	2.426759238005616E-9	2.426759238005616E-9	-451708592.086395204
5523.07421874999999	-2.273284912109375	1.615489964024164E-9	1.615489964024164E-9	-451708592.086395204
5523.11621093749999	-2.2130126953125	1.400167093379423E-9	1.400167093379423E-9	-451708592.086395204
5523.15820312499999	-2.152427673339844	1.417333805875387E-9	1.417333805875387E-9	-451708592.086395204
5523.20019531249999	-2.092174530029297	1.308308128500357E-9	1.308308128500357E-9	-451708592.086395204
5523.24218749999999	-2.031558990478516	1.400508153892588E-9	1.400508153892588E-9	-451708592.086395204
5523.28417968749999	-1.970695495605469	1.326498022535816E-9	1.326498022535816E-9	-451708592.086395204
5523.32617187499999	-1.910465240478516	1.291823537030723E-9	1.291823537030723E-9	-451708592.086395204
5523.36816406249999	-1.849843978881836	1.231910573551431E-9	1.231910573551431E-9	-451708592.086395204
5523.41015624999999	-1.789573669433594	1.238390723301563E-9	1.238390723301563E-9	-451708592.086395204
5523.45214843749999	-1.728971481323242	1.394823812006507E-9	1.394823812006507E-9	-451708592.086395204
5523.49414062499999	-1.668039321899414	1.39220901473891E-9	1.39220901473891E-9	-451708592.086395204
5523.53613281249999	-1.607795715332031	1.507146407675464E-9	1.507146407675464E-9	-451708592.086395204
5523.57812499999999	-1.547191619873047	1.644934854994062E-9	1.644934854994062E-9	-451708592.086395204
5523.62011718749999	-1.486921310424805	1.350258571619634E-9	1.350258571619634E-9	-451708592.086395204
5523.66210937499999	-1.425962448120117	9.177938409266062E-10	9.177938409266062E-10	-451708592.086395204
5523.70312499999999	-1.36536979675293	9.628138286643662E-10	9.628138286643662E-10	-451708592.086395204
5523.74511718749999	-1.305065155029297	6.62339516566135E-10	6.62339516566135E-10	-451708592.086395204
5523.78710937499999	-1.244304656982422	-1.919033820740879E-10	1.919033820740879E-10	-451708592.086395204
5523.82910156249999	-1.183576583862305	-6.980371836107224E-11	6.980371836107224E-11	-451708592.086395204
5523.87109374999999	-1.122514724731445	-4.195044311927631E-11	4.195044311927631E-11	-451708592.086395204
5523.91308593749999	-1.062110900878906	7.77504283178132E-10	7.77504283178132E-10	-451708592.086395204
5523.95507812499999	-1.001350402832031	1.293642526434269E-9	1.293642526434269E-9	-451708592.086395204
5523.99707031249999	-0.940969467163086	1.606736077519599E-9	1.606736077519599E-9	-451708592.086395204
5524.03906249999999	-0.880231857299805	1.297507878916804E-9	1.297507878916804E-9	-451708592.086395204
5524.08105468749999	-0.81915283203125	2.520096131775063E-9	2.520096131775063E-9	-451708592.086395204
5524.12304687499999	-0.758754730224609	1.239072844327893E-9	1.239072844327893E-9	-451708592.086395204
5524.16503906249999	-0.698015213012695	8.519691618857905E-10	8.519691618857905E-10	-451708592.086395204
5524.20703124999999	-0.637613296508789	9.663381206337362E-11	9.663381206337362E-11	-451708592.086395204
5524.24902343749999	-0.576944351196289	-5.013589543523267E-11	5.013589543523267E-11	-451708592.086395204
5524.29101562499999	-0.515861511230469	-1.725766196614131E-10	1.725766196614131E-10	-451708592.086395204
5524.33300781249999	-0.455459594726562	-5.06588548887521E-10	5.06588548887521E-10	-451708592.086395204
5524.37499999999999	-0.394723892211914	-6.233449312276207E-10	6.233449312276207E-10	-451708592.086395204
5524.41699218749999	-0.33433723449707	-8.514007276971824E-10	8.514007276971824E-10	-451708592.086395204
5524.45898437499999	-0.273233413696289	-2.152773959096521E-9	2.152773959096521E-9	-451708592.086395204
5524.50097656249999	-0.212505340576172	-9.71454028331209E-10	9.71454028331209E-10	-451708592.086395204
5524.54296874999999	-0.152132034301758	2.129354470525868E-10	2.129354470525868E-10	-451708592.086395204
5524.58496093749999	-0.091371536254883	7.546532287960872E-10	7.546532287960872E-10	-451708592.086395204
5524.62695312499999	-0.030975341796875	2.99758085020585E-9	2.99758085020585E-9	-451708592.086395204
5524.66894531249999	0.030803680419922	4.241655915393494E-9	4.241655915393494E-9	-451708592.086395204
5524.71093749999999	0.091562271118164	2.86183876596624E-9	2.86183876596624E-9	-451708592.086395204
5524.75292968749999	0.151958465576172	2.318188307981472E-9	2.318188307981472E-9	-451708592.086395204
5524.79492187499999	0.21269416809082	2.030787982221227E-9	2.030787982221227E-9	-451708592.086395204
5524.83691406249999	0.273086547851562	1.617422640265431E-9	1.617422640265431E-9	-451708592.086395204
5524.87890624999999	0.334178924560547	7.991047823452391E-10	7.991047823452391E-10	-451708592.086395204
5524.92089843749999	0.394895553588867	1.559783413540572E-10	1.559783413540572E-10	-451708592.086395204
5524.96289062499999	0.455276489257812	3.956301952712238E-11	3.956301952712238E-11	-451708592.086395204
5525.00488281249999	0.516044616699219	-5.616129783447832E-11	5.616129783447832E-11	-451708592.086395204
5525.04687499999999	0.577095031738281	-1.47451828524936E-10	1.47451828524936E-10	-451708592.086395204
5525.08886718749999	0.637411117553711	8.350298230652697E-10	8.350298230652697E-10	-451708592.086395204
5525.13085937499999	0.698171615600586	4.283720045350492E-10	4.283720045350492E-10	-451708592.086395204
5525.17285156249999	0.75855827331543	6.410800779121928E-10	6.410800779121928E-10	-451708592.086395204
5525.21484374999999	0.819293975830078	7.152038961066864E-10	7.152038961066864E-10	-451708592.086395204
5525.25683593749999	0.880378723144531	8.312781574204564E-10	8.312781574204564E-10	-451708592.086395204
5525.29882812499999	0.940769195556641	1.191665432997979E-9	1.191665432997979E-9	-451708592.086395204
5525.34082031249999	1.001501083374023	1.295006768486928E-9	1.295006768486928E-9	-451708592.086395204
5525.38183593749999	1.061918258666992	1.077182787412312E-9	1.077182787412312E-9	-451708592.086395204
5525.42382812499999	1.122650146484375	1.52238044393016E-9	1.52238044393016E-9	-451708592.086395204
5525.46582031249999	1.183704376220703	1.420858097844757E-9	1.420858097844757E-9	-451708592.086395204
5525.50781249999999	1.244125366210937	7.464677764801308E-10	7.464677764801308E-10	-451708592.086395204
5525.54980468749999	1.304840087890625	3.5174707591068E-10	3.5174707591068E-10	-451708592.086395204
5525.59179687499999	1.365180969238281	2.874003257602453E-10	2.874003257602453E-10	-451708592.086395204
5525.63378906249999	1.425792694091797	1.566604623803869E-10	1.566604623803869E-10	-451708592.086395204
5525.67578124999999	1.48674201965332	2.877413862734102E-10	2.877413862734102E-10	-451708592.086395204
5525.71777343749999	1.547002792358398	7.493099474231712E-10	7.493099474231712E-10	-451708592.086395204
5525.75976562499999	1.607589721679687	6.867821866762824E-10	6.867821866762824E-10	-451708592.086395204
5525.80175781249999	1.667837142944336	5.069296094006859E-10	5.069296094006859E-10	-451708592.086395204
5525.84374999999999	1.728784561157227	4.047251422889531E-10	4.047251422889531E-10	-451708592.086395204
5525.88574218749999	1.789379119873047	1.890612111310475E-10	1.890612111310475E-10	-451708592.086395204
5525.92773437499999	1.849626541137695	-1.83263182407245E-9	1.83263182407245E-9	-451708592.086395204
5525.96972656249999	1.910238265991211	-5.571791916736402E-10	5.571791916736402E-10	-451708592.086395204
5526.01171874999999	1.970476150512695	-3.32192939822562E-10	3.32192939822562E-10	-451708592.086395204
5526.05371093749999	2.031421661376953	-1.693933882052079E-10	1.693933882052079E-10	-451708592.086395204
5526.09570312499999	2.091964721679687	2.942215360235423E-10	2.942215360235423E-10	-451708592.086395204
5526.13769531249999	2.152206420898437	3.84602572012227E-10	3.84602572012227E-10	-451708592.086395204
5526.17968749999999	2.212797164916992	5.94241100770887E-10	5.94241100770887E-10	-451708592.086395204
5526.22167968749999	2.273094177246094	7.235030352603644E-10	7.235030352603644E-10	-451708592.086395204
5526.26367187499999	2.333999633789062	6.762093107681721E-10	6.762093107681721E-10	-451708592.086395204
5526.30566406249999	2.394588470458984	5.936726665822789E-10	5.936726665822789E-10	-451708592.086395204
5526.34765624999999	2.454843521118164	5.043148121330887E-10	5.043148121330887E-10	-451708592.086395204
5526.38964843749999	2.515438079833984	5.281890480546281E-10	5.281890480546281E-10	-451708592.086395204
5526.43164062499999	2.576360702514648	1.17552190204151E-10	1.17552190204151E-10	-451708592.086395204
5526.47363281249999	2.636621475219727	1.36196831590496E-10	1.36196831590496E-10	-451708592.086395204
5526.51464843749999	2.697216033935547	4.931735020363703E-10	4.931735020363703E-10	-451708592.086395204
5526.55664062499999	2.757541656494141	6.739355740137398E-10	6.739355740137398E-10	-451708592.086395204
5526.59863281249999	2.81829833984375	7.543121682829224E-10	7.543121682829224E-10	-451708592.086395204
5526.64062499999999	2.879377365112305	8.166125553543679E-10	8.166125553543679E-10	-451708592.086395204
5526.68261718749999	2.939760208129883	7.130438461899757E-10	7.130438461899757E-10	-451708592.086395204
5526.72460937499999	3.000509262084961	8.244569471571594E-10	8.244569471571594E-10	-451708592.086395204
5563.85253906249999	-3.000898361206055	-6.299704546108842E-5	6.299704546108842E-5	41.976538813632629
5563.89550781249999	-2.940523147583008	-6.326916627585888E-5	6.326916627585888E-5	41.976538813632629
5563.93749999999999	-2.879787445068359	-6.329895404633135E-5	6.329895404633135E-5	41.976538813632629
5563.97949218749999	-2.818702697753906	-6.330572068691254E-5	6.330572068691254E-5	41.976538813632629
5564.02148437499999	-2.758295059204102	-6.32948795100674E-5	6.32948795100674E-5	41.976538813632629
5564.06347656249999	-2.697603225708008	-6.325374124571681E-5	6.325374124571681E-5	41.976538813632629
5564.10546874999999	-2.637018203735352	-6.315769860520959E-5	6.315769860520959E-5	41.976538813632629
5564.14746093749999	-2.576749801635742	-6.30987633485347E-5	6.30987633485347E-5	41.976538813632629
5564.18945312499999	-2.515823364257812	-6.296165520325303E-5	6.296165520325303E-5	41.976538813632629
5564.23144531249999	-2.455230712890625	-6.284067058004439E-5	6.284067058004439E-5	41.976538813632629
5564.27343749999999	-2.394960403442383	-6.274825136642903E-5	6.274825136642903E-5	41.976538813632629
5564.31542968749999	-2.334362030029297	-6.261882663238794E-5	6.261882663238794E-5	41.976538813632629
5564.35742187499999	-2.273439407348633	-6.249142461456358E-5	6.249142461456358E-5	41.976538813632629
5564.39941406249999	-2.213174819946289	-6.237093475647271E-5	6.237093475647271E-5	41.976538813632629
5564.44140624999999	-2.152580261230469	-6.224325625225902E-5	6.224325625225902E-5	41.976538813632629
5564.48339843749999	-2.092323303222656	-6.201821088325232E-5	6.201821088325232E-5	41.976538813632629
5564.52539062499999	-2.031698226928711	-6.185988604556769E-5	6.185988604556769E-5	41.976538813632629
5564.56738281249999	-1.970832824707031	-6.170621782075614E-5	6.170621782075614E-5	41.976538813632629
5564.60839843749999	-1.910591125488281	-6.147037493065E-5	6.147037493065E-5	41.976538813632629
5564.65039062499999	-1.849979400634766	-6.123796629253775E-5	6.123796629253775E-5	41.976538813632629
5564.69238281249999	-1.789716720581055	-6.102219049353153E-5	6.102219049353153E-5	41.976538813632629
5564.73437499999999	-1.729131698608398	-6.075882993172854E-5	6.075882993172854E-5	41.976538813632629
5564.77636718749999	-1.668172836303711	-6.052592652849853E-5	6.052592652849853E-5	41.976538813632629
5564.81835937499999	-1.607927322387695	-6.020838918630034E-5	6.020838918630034E-5	41.976538813632629
5564.86035156249999	-1.547321319580078	-5.992957449052483E-5	5.992957449052483E-5	41.976538813632629
5564.90234374999999	-1.487058639526367	-5.958593101240695E-5	5.958593101240695E-5	41.976538813632629
5564.94433593749999	-1.426109313964844	-5.922331183683127E-5	5.922331183683127E-5	41.976538813632629
5564.98632812499999	-1.365520477294922	-5.887275619897991E-5	5.887275619897991E-5	41.976538813632629
5565.02832031249999	-1.305194854736328	-5.848385626450181E-5	5.848385626450181E-5	41.976538813632629
5565.07031249999999	-1.244440078735352	-5.804299144074321E-5	5.804299144074321E-5	41.976538813632629
5565.11230468749999	-1.183710098266602	-5.758475163020194E-5	5.758475163020194E-5	41.976538813632629
5565.15429687499999	-1.122644424438477	-5.711006815545261E-5	5.711006815545261E-5	41.976538813632629
5565.19628906249999	-1.062238693237305	-5.66583767067641E-5	5.66583767067641E-5	41.976538813632629
5565.23828124999999	-1.001491546630859	-5.609188519883901E-5	5.609188519883901E-5	41.976538813632629
5565.28027343749999	-0.941097259521484	-5.552619404625148E-5	5.552619404625148E-5	41.976538813632629
5565.32226562499999	-0.880367279052734	-5.488836904987693E-5	5.488836904987693E-5	41.976538813632629
5565.36425781249999	-0.819280624389648	-5.419390799943358E-5	5.419390799943358E-5	41.976538813632629
5565.40624999999999	-0.758872985839844	-5.34851715201512E-5	5.34851715201512E-5	41.976538813632629
5565.44824218749999	-0.698139190673828	-5.262056947685778E-5	5.262056947685778E-5	41.976538813632629
5565.49023437499999	-0.637733459472656	-5.185250483918935E-5	5.185250483918935E-5	41.976538813632629
5565.53222656249999	-0.577058792114258	-5.086652527097613E-5	5.086652527097613E-5	41.976538813632629
5565.57421874999999	-0.515995025634766	-4.989925946574658E-5	4.989925946574658E-5	41.976538813632629
5565.61621093749999	-0.455574035644531	-4.880891356151551E-5	4.880891356151551E-5	41.976538813632629
5565.65820312499999	-0.394830703735352	-4.768400685861707E-5	4.768400685861707E-5	41.976538813632629
5565.70019531249999	-0.334440231323242	-4.643721331376582E-5	4.643721331376582E-5	41.976538813632629
5565.74218749999999	-0.273336410522461	-4.502985393628478E-5	4.502985393628478E-5	41.976538813632629
5565.78417968749999	-0.212610244750977	-4.353380063548684E-5	4.353380063548684E-5	41.976538813632629
5565.82617187499999	-0.152215957641602	-4.165866994298995E-5	4.165866994298995E-5	41.976538813632629
5565.86816406249999	-0.091468811035156	-3.950914833694696E-5	3.950914833694696E-5	41.976538813632629
5565.91015624999999	-0.031055450439453	-3.626725811045617E-5	3.626725811045617E-5	41.976538813632629
5565.95214843749999	0.030755996704102	-3.022298915311694E-5	3.022298915311694E-5	41.976538813632629
5565.99414062499999	0.091508865356445	-2.142657467629761E-5	2.142657467629761E-5	41.976538813632629
5566.03613281249999	0.151927947998047	-1.092106685973704E-5	1.092106685973704E-5	41.976538813632629
5566.13769531249999	0.212730407714844	4.998959184376872E-7	4.998959184376872E-7	41.976538813632629
5566.27734374999999	0.273107528686523	1.226009771926329E-5	1.226009771926329E-5	41.976538813632629
5566.31933593749999	0.334268569946289	2.320167550351471E-5	2.320167550351471E-5	41.976538813632629
5566.36132812499999	0.395051956176758	3.458963328739628E-5	3.458963328739628E-5	41.976538813632629
5566.40332031249999	0.454984664916992	4.664124571718276E-5	4.664124571718276E-5	41.976538813632629
5566.44531249999999	0.516084671020508	7.960968650877476E-5	7.960968650877476E-5	41.976538813632629
5566.48730468749999	0.577159881591797	9.681360825197771E-5	9.681360825197771E-5	41.976538813632629
5566.52929687499999	0.638280868530273	0.000104953775008	0.000104953775008	41.976538813632629
5566.57128906249999	0.696901321411133	0.000103491584014	0.000103491584014	41.976538813632629
5566.65917968749999	0.758569717407227	0.011780083179474	0.011780083179474	41.976538813632629
5566.70117187499999	0.819305419921875	0.01337619125843	0.01337619125843	41.976538813632629
5566.74316406249999	0.880403518676758	0.01492078602314	0.01492078602314	41.976538813632629
5566.78515624999999	0.940790176391602	0.0163579210639	0.0163579210639	41.976538813632629
5566.82714843749999	1.00212287902832	0.017840340733528	0.017840340733528	41.976538813632629
5566.86914062499999	1.061914443969727	0.019966840744019	0.019966840744019	41.976538813632629
5566.91113281249999	1.122671127319336	0.023427516222	0.023427516222	41.976538813632629
5566.95312499999999	1.183740615844727	0.024453110992908	0.024453110992908	41.976538813632629
5566.99511718749999	1.244148254394531	0.02600084990263	0.02600084990263	41.976538813632629
5567.03710937499999	1.304878234863281	0.028630807995796	0.028630807995796	41.976538813632629
5567.07910156249999	1.36522102355957	0.031322777271271	0.031322777271271	41.976538813632629
5567.12109374999999	1.425807952880859	0.033415235579014	0.033415235579014	41.976538813632629
5567.16308593749999	1.486778259277344	0.035562232136726	0.035562232136726	41.976538813632629
5567.20507812499999	1.547042846679687	0.038041137158871	0.038041137158871	41.976538813632629
5567.24707031249999	1.607662200927734	0.038068413734436	0.038068413734436	41.976538813632629
5567.28906249999999	1.667869567871094	0.035702064633369	0.035702064633369	41.976538813632629
5567.33105468749999	1.728982925415039	0.037440963089466	0.037440963089466	41.976538813632629
5567.37304687499999	1.789386749267578	0.033897519111633	0.033897519111633	41.976538813632629
5567.41503906249999	1.849672317504883	0.035296551883221	0.035296551883221	41.976538813632629
5567.45703124999999	1.910408020019531	0.042474277317524	0.042474277317524	41.976538813632629
5567.49902343749999	1.970552444458008	0.045171596109867	0.045171596109867	41.976538813632629
5567.54003906249999	2.031450271606445	0.051113083958626	0.051113083958626	41.976538813632629
5567.58203124999999	2.092073440551758	0.056393668055534	0.056393668055534	41.976538813632629
5567.62402343749999	2.152204513549805	0.059909485280514	0.059909485280514	41.976538813632629
5567.66601562499999	2.212898254394531	0.066372834146023	0.066372834146023	41.976538813632629
5567.70800781249999	2.273296356201172	0.074272014200687	0.074272014200687	41.976538813632629
5567.74999999999999	2.334253311157227	0.074881941080093	0.074881941080093	41.976538813632629
5567.79199218749999	2.394723892211914	0.076886519789696	0.076886519789696	41.976538813632629
5567.83398437499999	2.454984664916992	0.086349494755268	0.086349494755268	41.976538813632629
5567.87597656249999	2.515604019165039	0.098162531852722	0.098162531852722	41.976538813632629
5567.91796874999999	2.518451690673828	0.100003160536289	0.100003160536289	41.976538813632629
5567.95996093749999	2.50444221496582	0.100002579391003	0.100002579391003	41.976538813632629
5568.00195312499999	2.499578475952148	0.100002557039261	0.100002557039261	41.976538813632629
5568.04492187499999	2.491451263427734	0.100002557039261	0.100002557039261	41.976538813632629
5568.08691406249999	2.483192443847656	0.100002527236938	0.100002527236938	41.976538813632629
5568.12890624999999	2.476726531982422	0.100002519786358	0.100002519786358	41.976538813632629
5568.17089843749999	2.470876693725586	0.100002519786358	0.100002519786358	41.976538813632629
5568.21386718749999	2.468175888061523	0.100002564489841	0.100002564489841	41.976538813632629
5620.63769531249999	-3.000907897949219	-6.487473729066551E-5	6.487473729066551E-5	35.386278143688699
5620.67968749999999	-2.940534591674805	-6.514285632874817E-5	6.514285632874817E-5	35.386278143688699
5620.72167968749999	-2.879795074462891	-6.521324394270778E-5	6.521324394270778E-5	35.386278143688699
5620.76367187499999	-2.818706512451172	-6.523635238409042E-5	6.523635238409042E-5	35.386278143688699
5620.80566406249999	-2.758295059204102	-6.522260082419962E-5	6.522260082419962E-5	35.386278143688699
5620.84765624999999	-2.697603225708008	-6.518306327052414E-5	6.518306327052414E-5	35.386278143688699
5620.88964843749999	-2.637014389038086	-6.512695108540356E-5	6.512695108540356E-5	35.386278143688699
5620.93164062499999	-2.576761245727539	-6.507398211397231E-5	6.507398211397231E-5	35.386278143688699
5620.97363281249999	-2.51582145690918	-6.500583549495786E-5	6.500583549495786E-5	35.386278143688699
5621.01562499999999	-2.455234527587891	-6.49196736048907E-5	6.49196736048907E-5	35.386278143688699
5621.05761718749999	-2.394964218139648	-6.481670425273478E-5	6.481670425273478E-5	35.386278143688699
5621.09960937499999	-2.334365844726562	-6.471730011980981E-5	6.471730011980981E-5	35.386278143688699
5621.14160156249999	-2.273452758789062	-6.460961594711989E-5	6.460961594711989E-5	35.386278143688699
5621.18359374999999	-2.21318244934082	-6.44873216515407E-5	6.44873216515407E-5	35.386278143688699
5621.22558593749999	-2.152584075927734	-6.434637180063874E-5	6.434637180063874E-5	35.386278143688699
5621.26757812499999	-2.092336654663086	-6.420636782422662E-5	6.420636782422662E-5	35.386278143688699
5621.30957031249999	-2.031711578369141	-6.406025204341859E-5	6.406025204341859E-5	35.386278143688699
5621.35156249999999	-1.970834732055664	-6.390013732016087E-5	6.390013732016087E-5	35.386278143688699
5621.39355468749999	-1.910610198974609	-6.372033385559916E-5	6.372033385559916E-5	35.386278143688699
5621.43554687499999	-1.849990844726562	-6.352968921419233E-5	6.352968921419233E-5	35.386278143688699
5621.47753906249999	-1.789726257324219	-6.333427154459059E-5	6.333427154459059E-5	35.386278143688699
5621.51953124999999	-1.729150772094727	-6.312584446277469E-5	6.312584446277469E-5	35.386278143688699
5621.56152343749999	-1.668188095092773	-6.290328747127205E-5	6.290328747127205E-5	35.386278143688699
5621.60351562499999	-1.607934951782227	-6.265845149755478E-5	6.265845149755478E-5	35.386278143688699
5621.64550781249999	-1.547340393066406	-6.240137736313045E-5	6.240137736313045E-5	35.386278143688699
5621.68749999999999	-1.487077713012695	-6.213921005837619E-5	6.213921005837619E-5	35.386278143688699
5621.72949218749999	-1.426124572753906	-6.185313395690173E-5	6.185313395690173E-5	35.386278143688699
5621.77148437499999	-1.36552619934082	-6.154249422252178E-5	6.154249422252178E-5	35.386278143688699
5621.81347656249999	-1.305215835571289	-6.120634498074651E-5	6.120634498074651E-5	35.386278143688699
5621.85546874999999	-1.244457244873047	-6.085910717956722E-5	6.085910717956722E-5	35.386278143688699
5621.89746093749999	-1.183731079101562	-6.049135117791593E-5	6.049135117791593E-5	35.386278143688699
5621.93945312499999	-1.122661590576172	-6.009927892591804E-5	6.009927892591804E-5	35.386278143688699
5621.98144531249999	-1.062261581420898	-5.966979369986802E-5	5.966979369986802E-5	35.386278143688699
5622.02343749999999	-1.001499176025391	-5.92070136917755E-5	5.92070136917755E-5	35.386278143688699
5622.06542968749999	-0.941120147705078	-5.872234760317951E-5	5.872234760317951E-5	35.386278143688699
5622.10742187499999	-0.880393981933594	-5.8210120187141E-5	5.8210120187141E-5	35.386278143688699
5622.14941406249999	-0.819295883178711	-5.764508387073874E-5	5.764508387073874E-5	35.386278143688699
5622.19140624999999	-0.758895874023437	-5.704343493562192E-5	5.704343493562192E-5	35.386278143688699
5622.23339843749999	-0.698160171508789	-5.639609298668802E-5	5.639609298668802E-5	35.386278143688699
5622.27539062499999	-0.63774299621582	-5.570265057031065E-5	5.570265057031065E-5	35.386278143688699
5622.31738281249999	-0.577072143554687	-5.496277299243957E-5	5.496277299243957E-5	35.386278143688699
5622.35937499999999	-0.516006469726562	-5.413894541561604E-5	5.413894541561604E-5	35.386278143688699
5622.40136718749999	-0.455583572387695	-5.325736128725111E-5	5.325736128725111E-5	35.386278143688699
5622.44335937499999	-0.394842147827148	-5.229737143963575E-5	5.229737143963575E-5	35.386278143688699
5622.48535156249999	-0.334470748901367	-5.126441828906536E-5	5.126441828906536E-5	35.386278143688699
5622.52734374999999	-0.273359298706055	-5.012184556107968E-5	5.012184556107968E-5	35.386278143688699
5622.56933593749999	-0.212623596191406	-4.886632086709142E-5	4.886632086709142E-5	35.386278143688699
5622.61132812499999	-0.152240753173828	-4.749186336994171E-5	4.749186336994171E-5	35.386278143688699
5622.65332031249999	-0.091482162475586	-4.596011422108859E-5	4.596011422108859E-5	35.386278143688699
5622.69531249999999	-0.031082153320312	-4.42690507043153E-5	4.42690507043153E-5	35.386278143688699
5622.73730468749999	0.030717849731445	-4.228718171361834E-5	4.228718171361834E-5	35.386278143688699
5622.77929687499999	0.091463088989258	-3.975257277488708E-5	3.975257277488708E-5	35.386278143688699
5622.82128906249999	0.151878356933594	-3.386147727724165E-5	3.386147727724165E-5	35.386278143688699
5622.92285156249999	0.212480545043945	2.375004442001227E-7	2.375004442001227E-7	35.386278143688699
5623.01171874999999	0.27311897277832	0.000244981027208	0.000244981027208	35.386278143688699
5623.14550781249999	0.33418083190918	0.001250107772648	0.001250107772648	35.386278143688699
5623.18749999999999	0.394941329956055	0.003104803152382	0.003104803152382	35.386278143688699
5623.22949218749999	0.45538330078125	0.005446139723063	0.005446139723063	35.386278143688699
5623.27148437499999	0.516197204589844	0.008059041574597	0.008059041574597	35.386278143688699
5623.36035156249999	0.577102661132812	0.010972544550896	0.010972544550896	35.386278143688699
5623.40234374999999	0.637420654296875	0.013844184577465	0.013844184577465	35.386278143688699
5623.44433593749999	0.698190689086914	0.01681599766016	0.01681599766016	35.386278143688699
5623.48632812499999	0.758581161499023	0.019835717976093	0.019835717976093	35.386278143688699
5623.52832031249999	0.819326400756836	0.022933430969715	0.022933430969715	35.386278143688699
5623.57031249999999	0.880422592163086	0.026124373078346	0.026124373078346	35.386278143688699
5623.61230468749999	0.940807342529297	0.029370792210102	0.029370792210102	35.386278143688699
5623.65332031249999	1.001556396484375	0.032711789011955	0.032711789011955	35.386278143688699
5623.69531249999999	1.061960220336914	0.036123469471931	0.036123469471931	35.386278143688699
5623.73730468749999	1.122713088989258	0.039601147174835	0.039601147174835	35.386278143688699
5623.77929687499999	1.183784484863281	0.043114751577377	0.043114751577377	35.386278143688699
5623.82128906249999	1.24420166015625	0.046631589531898	0.046631589531898	35.386278143688699
5623.86328124999999	1.304937362670898	0.050226628780365	0.050226628780365	35.386278143688699
5623.90527343749999	1.365285873413086	0.053814373910427	0.053814373910427	35.386278143688699
5623.94726562499999	1.425880432128906	0.057467348873615	0.057467348873615	35.386278143688699
5623.98925781249999	1.486848831176758	0.061233304440975	0.061233304440975	35.386278143688699
5624.03124999999999	1.547109603881836	0.06490083783865	0.06490083783865	35.386278143688699
5624.07324218749999	1.607704162597656	0.068545669317245	0.068545669317245	35.386278143688699
5624.11523437499999	1.667972564697266	0.072101503610611	0.072101503610611	35.386278143688699
5624.15722656249999	1.728933334350586	0.075775623321533	0.075775623321533	35.386278143688699
5624.19921874999999	1.789525985717773	0.079378165304661	0.079378165304661	35.386278143688699
5624.24121093749999	1.849782943725586	0.082904741168022	0.082904741168022	35.386278143688699
5624.28320312499999	1.910400390625	0.086368314921856	0.086368314921856	35.386278143688699
5624.32519531249999	1.970651626586914	0.089859366416931	0.089859366416931	35.386278143688699
5624.36718749999999	2.031591415405273	0.093293860554695	0.093293860554695	35.386278143688699
5624.40917968749999	2.092136383056641	0.096672713756561	0.096672713756561	35.386278143688699
5624.45117187499999	2.151815414428711	0.099907167255878	0.099907167255878	35.386278143688699
5624.49316406249999	2.149892807006836	0.100002571940422	0.100002571940422	35.386278143688699
5624.53515624999999	2.148674011230469	0.10000254958868	0.10000254958868	35.386278143688699
5624.57714843749999	2.147266387939453	0.100002519786358	0.100002519786358	35.386278143688699
5624.62011718749999	2.14506721496582	0.100002564489841	0.100002564489841	35.386278143688699
5624.66210937499999	2.143722534179687	0.1000025421381	0.1000025421381	35.386278143688699
5624.70410156249999	2.143095016479492	0.100002534687519	0.100002534687519	35.386278143688699
5624.74609374999999	2.140785217285156	0.100002564489841	0.100002564489841	35.386278143688699
5624.78906249999999	2.140108108520508	0.100002512335777	0.100002512335777	35.386278143688699
5624.83105468749999	2.13929557800293	0.100002534687519	0.100002534687519	35.386278143688699
5624.87304687499999	2.138921737670898	0.100002527236938	0.100002527236938	35.386278143688699
5624.91503906249999	2.137807846069336	0.100002512335777	0.100002512335777	35.386278143688699
5624.95800781249999	2.135784149169922	0.100002564489841	0.100002564489841	35.386278143688699
5624.99999999999999	2.135757446289062	0.100002512335777	0.100002512335777	35.386278143688699
5625.04199218749999	2.136152267456055	0.100002512335777	0.100002512335777	35.386278143688699
