[INFO]
Keithley 2400
Meas Time: 2021/1/19 16:59:25
Params: GPIB address = GPIB0::21::INSTR; DataFile = D:\工艺实验\骆迅; Compliance  Level (0.1) = 0.100000000000000; Number of Points (5) = 200; Minimum Amplitude (1) = -3.000000000000000; Maximum Amplitude (2) = 3.000000000000000; Timeout (100000 ms) = 100000; Source Mode  (0: Voltage) = 0; 4-wire? = FALSE; delay(S) = 0.000000000000000; Start = ; 

[COMMENT]


[DATA]
time (s)	Voltage (V)	Current (A)	absCurrent (A)	Fitting Resistance (Ohms)

14275.3486328125	-3.000646591186523	-2.637534635141492E-11	2.637534635141492E-11	531732666.140701592
14275.390625	-2.970813751220703	4.682760845753364E-10	4.682760845753364E-10	531732666.140701592
14275.4326171875	-2.940256118774414	4.416733645484783E-10	4.416733645484783E-10	531732666.140701592
14275.4736328125	-2.910041809082031	4.175717549514957E-10	4.175717549514957E-10	531732666.140701592
14275.515625	-2.879852294921875	4.298499334254302E-10	4.298499334254302E-10	531732666.140701592
14275.5576171875	-2.849643707275391	4.288267518859357E-10	4.288267518859357E-10	531732666.140701592
14275.599609375	-2.819435119628906	4.553157850750722E-10	4.553157850750722E-10	531732666.140701592
14275.6416015625	-2.789260864257812	4.544062903732993E-10	4.544062903732993E-10	531732666.140701592
14275.68359375	-2.759393692016602	4.952198651153594E-10	4.952198651153594E-10	531732666.140701592
14275.7255859375	-2.728826522827148	5.265974323265254E-10	5.265974323265254E-10	531732666.140701592
14275.767578125	-2.698715209960937	5.017000148654915E-10	5.017000148654915E-10	531732666.140701592
14275.8095703125	-2.668922424316406	4.96811480843462E-10	4.96811480843462E-10	531732666.140701592
14275.8515625	-2.638469696044922	4.705498213297687E-10	4.705498213297687E-10	531732666.140701592
14275.8935546875	-2.608346939086914	4.254161467542872E-10	4.254161467542872E-10	531732666.140701592
14275.935546875	-2.578554153442383	3.919922164641321E-10	3.919922164641321E-10	531732666.140701592
14275.9775390625	-2.548084259033203	4.165485734120011E-10	4.165485734120011E-10	531732666.140701592
14276.01953125	-2.517963409423828	3.863078745780513E-10	3.863078745780513E-10	531732666.140701592
14276.0615234375	-2.488176345825195	3.821014615823515E-10	3.821014615823515E-10	531732666.140701592
14276.103515625	-2.458061218261719	4.444018486537971E-10	4.444018486537971E-10	531732666.140701592
14276.1455078125	-2.42759895324707	4.708908818429336E-10	4.708908818429336E-10	531732666.140701592
14276.1875	-2.397806167602539	4.35534275311511E-10	4.35534275311511E-10	531732666.140701592
14276.2294921875	-2.367668151855469	4.404228093335405E-10	4.404228093335405E-10	531732666.140701592
14276.271484375	-2.337211608886719	4.880575943388976E-10	4.880575943388976E-10	531732666.140701592
14276.3134765625	-2.30742073059082	5.155698090675287E-10	5.155698090675287E-10	531732666.140701592
14276.35546875	-2.277309417724609	5.759375198977068E-10	5.759375198977068E-10	531732666.140701592
14276.3974609375	-2.246835708618164	4.841922418563627E-10	4.841922418563627E-10	531732666.140701592
14276.439453125	-2.217052459716797	4.765752237290144E-10	4.765752237290144E-10	531732666.140701592
14276.4814453125	-2.186927795410156	5.088622856419533E-10	5.088622856419533E-10	531732666.140701592
14276.5234375	-2.156793594360352	5.394440449890681E-10	5.394440449890681E-10	531732666.140701592
14276.5654296875	-2.126310348510742	5.170477379579097E-10	5.170477379579097E-10	531732666.140701592
14276.607421875	-2.09654426574707	4.308731149649248E-10	4.308731149649248E-10	531732666.140701592
14276.6494140625	-2.066413879394531	2.570459400885738E-10	2.570459400885738E-10	531732666.140701592
14276.69140625	-2.035928726196289	-1.082298695109785E-10	1.082298695109785E-10	531732666.140701592
14276.7333984375	-2.0062255859375	-2.905835572164506E-10	2.905835572164506E-10	531732666.140701592
14276.775390625	-1.976081848144531	1.363105184282176E-10	1.363105184282176E-10	531732666.140701592
14276.8173828125	-1.945613861083984	4.121147867408581E-10	4.121147867408581E-10	531732666.140701592
14276.859375	-1.915863037109375	4.354205884737894E-10	4.354205884737894E-10	531732666.140701592
14276.9013671875	-1.885709762573242	5.617266651825048E-10	5.617266651825048E-10	531732666.140701592
14276.943359375	-1.855928421020508	6.46650732960552E-10	6.46650732960552E-10	531732666.140701592
14276.9853515625	-1.825471878051758	7.750031727482565E-10	7.750031727482565E-10	531732666.140701592
14277.02734375	-1.795330047607422	6.789377948734909E-10	6.789377948734909E-10	531732666.140701592
14277.0693359375	-1.765558242797852	6.494929039035924E-10	6.494929039035924E-10	531732666.140701592
14277.111328125	-1.735086441040039	4.813500709133223E-10	4.813500709133223E-10	531732666.140701592
14277.15234375	-1.704944610595703	-8.659526429255493E-10	8.659526429255493E-10	531732666.140701592
14277.1943359375	-1.675159454345703	-1.70314251590753E-9	1.70314251590753E-9	531732666.140701592
14277.236328125	-1.644702911376953	-1.60537183546694E-9	1.60537183546694E-9	531732666.140701592
14277.2783203125	-1.614566802978516	-6.738218871760182E-10	6.738218871760182E-10	531732666.140701592
14277.3203125	-1.584787368774414	8.810729923425242E-10	8.810729923425242E-10	531732666.140701592
14277.3623046875	-1.554666519165039	1.199282451125327E-9	1.199282451125327E-9	531732666.140701592
14277.404296875	-1.524179458618164	1.916191649797838E-9	1.916191649797838E-9	531732666.140701592
14277.4462890625	-1.494054794311523	1.315697772952262E-9	1.315697772952262E-9	531732666.140701592
14277.48828125	-1.464271545410156	1.181206243927591E-9	1.181206243927591E-9	531732666.140701592
14277.5302734375	-1.433784484863281	5.500169208971784E-10	5.500169208971784E-10	531732666.140701592
14277.572265625	-1.403667449951172	4.80554263049271E-10	4.80554263049271E-10	531732666.140701592
14277.6142578125	-1.373886108398437	4.147295840084553E-10	4.147295840084553E-10	531732666.140701592
14277.65625	-1.343406677246094	3.025206751772203E-10	3.025206751772203E-10	531732666.140701592
14277.6982421875	-1.313228607177734	4.62478055851534E-10	4.62478055851534E-10	531732666.140701592
14277.740234375	-1.283374786376953	5.37397681910079E-10	5.37397681910079E-10	531732666.140701592
14277.7822265625	-1.253179550170898	2.060005499515682E-10	2.060005499515682E-10	531732666.140701592
14277.82421875	-1.222650527954102	7.719336281297728E-11	7.719336281297728E-11	531732666.140701592
14277.8662109375	-1.192789077758789	-2.058868631138466E-10	2.058868631138466E-10	531732666.140701592
14277.908203125	-1.162578582763672	2.012257027672604E-11	2.012257027672604E-11	531732666.140701592
14277.9501953125	-1.132043838500977	1.06297193269711E-10	1.06297193269711E-10	531732666.140701592
14277.9921875	-1.102190017700195	3.034301698789932E-10	3.034301698789932E-10	531732666.140701592
14278.0341796875	-1.071979522705078	4.451976565178484E-10	4.451976565178484E-10	531732666.140701592
14278.076171875	-1.04145622253418	5.502442945726216E-10	5.502442945726216E-10	531732666.140701592
14278.1181640625	-1.011592864990234	6.070877134334296E-10	6.070877134334296E-10	531732666.140701592
14278.16015625	-0.98138427734375	6.243681127671152E-10	6.243681127671152E-10	531732666.140701592
14278.2021484375	-0.951547622680664	6.639311322942376E-10	6.639311322942376E-10	531732666.140701592
14278.244140625	-0.920989990234375	6.912159733474255E-10	6.912159733474255E-10	531732666.140701592
14278.2861328125	-0.890787124633789	6.458549250965007E-10	6.458549250965007E-10	531732666.140701592
14278.328125	-0.860614776611328	6.498339644167572E-10	6.498339644167572E-10	531732666.140701592
14278.3701171875	-0.830053329467773	6.245954864425585E-10	6.245954864425585E-10	531732666.140701592
14278.4111328125	-0.800197601318359	6.009486241964623E-10	6.009486241964623E-10	531732666.140701592
14278.453125	-0.769998550415039	5.595666152657941E-10	5.595666152657941E-10	531732666.140701592
14278.4951171875	-0.73945426940918	5.555875759455375E-10	5.555875759455375E-10	531732666.140701592
14278.537109375	-0.709600448608398	5.400124791776761E-10	5.400124791776761E-10	531732666.140701592
14278.5791015625	-0.679405212402344	5.459241947392002E-10	5.459241947392002E-10	531732666.140701592
14278.62109375	-0.648845672607422	6.052687240298837E-10	6.052687240298837E-10	531732666.140701592
14278.6630859375	-0.619058609008789	5.801439328934066E-10	5.801439328934066E-10	531732666.140701592
14278.705078125	-0.5888671875	5.194351615500636E-10	5.194351615500636E-10	531732666.140701592
14278.7470703125	-0.559009552001953	1.356283974018879E-10	1.356283974018879E-10	531732666.140701592
14278.7890625	-0.52849006652832	1.180069375550374E-10	1.180069375550374E-10	531732666.140701592
14278.8310546875	-0.498273849487305	-2.785327524179593E-11	2.785327524179593E-11	531732666.140701592
14278.873046875	-0.468418121337891	-9.083578333957121E-11	9.083578333957121E-11	531732666.140701592
14278.9150390625	-0.437873840332031	4.251887730788439E-11	4.251887730788439E-11	531732666.140701592
14278.95703125	-0.40766716003418	7.469225238310173E-11	7.469225238310173E-11	531732666.140701592
14278.9990234375	-0.377813339233398	4.877165338257328E-11	4.877165338257328E-11	531732666.140701592
14279.041015625	-0.347274780273437	8.731149137020111E-11	8.731149137020111E-11	531732666.140701592
14279.0830078125	-0.317066192626953	6.293703336268663E-10	6.293703336268663E-10	531732666.140701592
14279.125	-0.287212371826172	8.99490260053426E-10	8.99490260053426E-10	531732666.140701592
14279.1669921875	-0.257001876831055	-1.000444171950221E-11	1.000444171950221E-11	531732666.140701592
14279.208984375	-0.226461410522461	1.186549525300506E-9	1.186549525300506E-9	531732666.140701592
14279.2509765625	-0.196611404418945	1.227476786880288E-9	1.227476786880288E-9	531732666.140701592
14279.29296875	-0.166423797607422	1.023522600007709E-9	1.023522600007709E-9	531732666.140701592
14279.3349609375	-0.135875701904297	8.576535037718713E-10	8.576535037718713E-10	531732666.140701592
14279.376953125	-0.105670928955078	7.779590305290185E-10	7.779590305290185E-10	531732666.140701592
14279.4189453125	-0.075809478759766	6.918980943737552E-10	6.918980943737552E-10	531732666.140701592
14279.4609375	-0.045269012451172	7.370317689492367E-10	7.370317689492367E-10	531732666.140701592
14279.5029296875	-0.015054702758789	9.63154889177531E-10	9.63154889177531E-10	531732666.140701592
14279.544921875	0.015380859375	7.295284376596101E-10	7.295284376596101E-10	531732666.140701592
14279.5869140625	0.045244216918945	9.360974217997864E-10	9.360974217997864E-10	531732666.140701592
14279.62890625	0.075799942016602	7.937615009723231E-10	7.937615009723231E-10	531732666.140701592
14279.6708984375	0.105989456176758	8.741380952415056E-10	8.741380952415056E-10	531732666.140701592
14279.712890625	0.135854721069336	7.107701094355434E-10	7.107701094355434E-10	531732666.140701592
14279.7548828125	0.166410446166992	5.786660040030256E-10	5.786660040030256E-10	531732666.140701592
14279.796875	0.196575164794922	5.552465154323727E-10	5.552465154323727E-10	531732666.140701592
14279.8388671875	0.226417541503906	4.645244189305231E-10	4.645244189305231E-10	531732666.140701592
14279.880859375	0.256975173950195	2.776232577161863E-10	2.776232577161863E-10	531732666.140701592
14279.9228515625	0.287168502807617	3.080913302255794E-10	3.080913302255794E-10	531732666.140701592
14279.96484375	0.317020416259766	3.619788913056254E-10	3.619788913056254E-10	531732666.140701592
14280.0068359375	0.347236633300781	3.675495463539846E-10	3.675495463539846E-10	531732666.140701592
14280.048828125	0.377750396728516	-1.12208908831235E-10	1.12208908831235E-10	531732666.140701592
14280.0908203125	0.407609939575195	-2.364686224609613E-11	2.364686224609613E-11	531732666.140701592
14280.1328125	0.437807083129883	2.315800884389319E-10	2.315800884389319E-10	531732666.140701592
14280.1748046875	0.468349456787109	4.197318048682064E-10	4.197318048682064E-10	531732666.140701592
14280.216796875	0.498556137084961	5.082938514533453E-10	5.082938514533453E-10	531732666.140701592
14280.2587890625	0.528427124023437	5.945821612840518E-10	5.945821612840518E-10	531732666.140701592
14280.30078125	0.558954238891602	1.016701389744412E-9	1.016701389744412E-9	531732666.140701592
14280.3427734375	0.589136123657227	6.924665285623632E-10	6.924665285623632E-10	531732666.140701592
14280.384765625	0.618989944458008	5.670699465554208E-10	5.670699465554208E-10	531732666.140701592
14280.4267578125	0.649129867553711	5.463789420900866E-10	5.463789420900866E-10	531732666.140701592
14280.46875	0.679676055908203	5.02154762216378E-10	5.02154762216378E-10	531732666.140701592
14280.5107421875	0.709531784057617	4.022240318590775E-10	4.022240318590775E-10	531732666.140701592
14280.552734375	0.739717483520508	3.408331394894049E-10	3.408331394894049E-10	531732666.140701592
14280.5947265625	0.770275115966797	4.218918547849171E-10	4.218918547849171E-10	531732666.140701592
14280.6357421875	0.800127029418945	5.893525667488575E-10	5.893525667488575E-10	531732666.140701592
14280.677734375	0.830324172973633	6.957634468562901E-10	6.957634468562901E-10	531732666.140701592
14280.7197265625	0.860881805419922	5.750280251959339E-10	5.750280251959339E-10	531732666.140701592
14280.76171875	0.890726089477539	5.439915184979327E-10	5.439915184979327E-10	531732666.140701592
14280.8037109375	0.920907974243164	5.733227226301096E-10	5.733227226301096E-10	531732666.140701592
14280.845703125	0.950775146484375	5.683205017703585E-10	5.683205017703585E-10	531732666.140701592
14280.8876953125	0.981302261352539	5.321680873748846E-10	5.321680873748846E-10	531732666.140701592
14280.9296875	1.011499404907227	5.063611752120778E-10	5.063611752120778E-10	531732666.140701592
14280.9716796875	1.04136848449707	4.660023478209041E-10	4.660023478209041E-10	531732666.140701592
14281.013671875	1.0718994140625	4.756657290272415E-10	4.756657290272415E-10	531732666.140701592
14281.0556640625	1.102094650268555	4.567937139654532E-10	4.567937139654532E-10	531732666.140701592
14281.09765625	1.131969451904297	4.53610482509248E-10	4.53610482509248E-10	531732666.140701592
14281.1396484375	1.162490844726562	4.924913810100406E-10	4.924913810100406E-10	531732666.140701592
14281.181640625	1.19268798828125	5.468336894409731E-10	5.468336894409731E-10	531732666.140701592
14281.2236328125	1.222568511962891	5.94241100770887E-10	5.94241100770887E-10	531732666.140701592
14281.265625	1.253082275390625	6.36873664916493E-10	6.36873664916493E-10	531732666.140701592
14281.3076171875	1.283281326293945	6.041318556526676E-10	6.041318556526676E-10	531732666.140701592
14281.349609375	1.313491821289062	5.851461537531577E-10	5.851461537531577E-10	531732666.140701592
14281.3916015625	1.343330383300781	5.57520252186805E-10	5.57520252186805E-10	531732666.140701592
14281.43359375	1.373811721801758	5.932179192313924E-10	5.932179192313924E-10	531732666.140701592
14281.4755859375	1.403951644897461	4.306457412894815E-10	4.306457412894815E-10	531732666.140701592
14281.517578125	1.433717727661133	4.432649802765809E-10	4.432649802765809E-10	531732666.140701592
14281.5595703125	1.464189529418945	5.048832463216968E-10	5.048832463216968E-10	531732666.140701592
14281.6015625	1.494331359863281	4.600906322593801E-10	4.600906322593801E-10	531732666.140701592
14281.6435546875	1.524114608764648	4.674802767112851E-10	4.674802767112851E-10	531732666.140701592
14281.685546875	1.554580688476562	4.819185051019303E-10	4.819185051019303E-10	531732666.140701592
14281.7275390625	1.584712982177734	5.043148121330887E-10	5.043148121330887E-10	531732666.140701592
14281.76953125	1.614490509033203	4.956746124662459E-10	4.956746124662459E-10	531732666.140701592
14281.8115234375	1.644620895385742	5.082938514533453E-10	5.082938514533453E-10	531732666.140701592
14281.853515625	1.675077438354492	4.579305823426694E-10	4.579305823426694E-10	531732666.140701592
14281.89453125	1.704860687255859	4.054072633152828E-10	4.054072633152828E-10	531732666.140701592
14281.9365234375	1.735002517700195	4.192770575173199E-10	4.192770575173199E-10	531732666.140701592
14281.978515625	1.765476226806641	4.038156475871801E-10	4.038156475871801E-10	531732666.140701592
14282.0205078125	1.795244216918945	3.901732270605862E-10	3.901732270605862E-10	531732666.140701592
14282.0625	1.82537841796875	4.353069016360678E-10	4.353069016360678E-10	531732666.140701592
14282.1044921875	1.855846405029297	4.462208380573429E-10	4.462208380573429E-10	531732666.140701592
14282.146484375	1.885625839233398	4.988578439224511E-10	4.988578439224511E-10	531732666.140701592
14282.1884765625	1.915754318237305	5.167066774447449E-10	5.167066774447449E-10	531732666.140701592
14282.23046875	1.945545196533203	6.01630745222792E-10	6.01630745222792E-10	531732666.140701592
14282.2724609375	1.975988388061523	5.624087862088345E-10	5.624087862088345E-10	531732666.140701592
14282.314453125	2.006124496459961	5.496758603840135E-10	5.496758603840135E-10	531732666.140701592
14282.3564453125	2.035921096801758	5.280753612169065E-10	5.280753612169065E-10	531732666.140701592
14282.3984375	2.066312789916992	5.378524292609654E-10	5.378524292609654E-10	531732666.140701592
14282.4404296875	2.096458435058594	5.537685865419917E-10	5.537685865419917E-10	531732666.140701592
14282.482421875	2.126201629638672	3.909690349246375E-10	3.909690349246375E-10	531732666.140701592
14282.5244140625	2.156682968139648	5.181846063351259E-10	5.181846063351259E-10	531732666.140701592
14282.56640625	2.186820983886719	5.175024853087962E-10	5.175024853087962E-10	531732666.140701592
14282.6083984375	2.216926574707031	5.08975972479675E-10	5.08975972479675E-10	531732666.140701592
14282.650390625	2.246726989746094	4.645244189305231E-10	4.645244189305231E-10	531732666.140701592
14282.6923828125	2.277202606201172	4.445155354915187E-10	4.445155354915187E-10	531732666.140701592
14282.734375	2.307315826416016	4.425828592502512E-10	4.425828592502512E-10	531732666.140701592
14282.7763671875	2.337104797363281	4.181401891401038E-10	4.181401891401038E-10	531732666.140701592
14282.818359375	2.367572784423828	4.358753358246759E-10	4.358753358246759E-10	531732666.140701592
14282.8603515625	2.397680282592773	4.440607881406322E-10	4.440607881406322E-10	531732666.140701592
14282.90234375	2.427482604980469	4.733919922728091E-10	4.733919922728091E-10	531732666.140701592
14282.9443359375	2.457954406738281	5.137508196639828E-10	5.137508196639828E-10	531732666.140701592
14282.986328125	2.488065719604492	5.47743184142746E-10	5.47743184142746E-10	531732666.140701592
14283.02734375	2.517850875854492	4.525873009697534E-10	4.525873009697534E-10	531732666.140701592
14283.0693359375	2.54798698425293	1.695070750429295E-10	1.695070750429295E-10	531732666.140701592
14283.111328125	2.578453063964844	-3.410605131648481E-13	3.410605131648481E-13	531732666.140701592
14283.1533203125	2.608238220214844	3.628883860073984E-10	3.628883860073984E-10	531732666.140701592
14283.1953125	2.638357162475586	7.928520062705502E-10	7.928520062705502E-10	531732666.140701592
14283.2373046875	2.668819427490234	5.314859663485549E-10	5.314859663485549E-10	531732666.140701592
14283.279296875	2.698604583740234	4.221192284603603E-10	4.221192284603603E-10	531732666.140701592
14283.3212890625	2.728727340698242	4.358753358246759E-10	4.358753358246759E-10	531732666.140701592
14283.36328125	2.759267807006836	5.254605639493093E-10	5.254605639493093E-10	531732666.140701592
14283.4052734375	2.789133071899414	5.667288860422559E-10	5.667288860422559E-10	531732666.140701592
14283.447265625	2.819316864013672	5.6138560466934E-10	5.6138560466934E-10	531732666.140701592
14283.4892578125	2.849170684814453	5.646825229632668E-10	5.646825229632668E-10	531732666.140701592
14283.53125	2.879718780517578	5.385345502872951E-10	5.385345502872951E-10	531732666.140701592
14283.5732421875	2.909917831420898	5.190941010368988E-10	5.190941010368988E-10	531732666.140701592
14283.615234375	2.939775466918945	4.96243046654854E-10	4.96243046654854E-10	531732666.140701592
14283.6572265625	2.970335006713867	4.704361344920471E-10	4.704361344920471E-10	531732666.140701592
14283.69921875	3.000524520874023	4.813500709133223E-10	4.813500709133223E-10	531732666.140701592
14357.49609375	-3.000669479370117	-7.867129170335829E-11	7.867129170335829E-11	-122050128.914140359
14357.5380859375	-2.970829010009766	4.524736141320318E-10	4.524736141320318E-10	-122050128.914140359
14357.580078125	-2.940275192260742	5.561560101341456E-10	5.561560101341456E-10	-122050128.914140359
14357.6220703125	-2.910060882568359	5.617266651825048E-10	5.617266651825048E-10	-122050128.914140359
14357.6640625	-2.879871368408203	5.024958227295428E-10	5.024958227295428E-10	-122050128.914140359
14357.7060546875	-2.849662780761719	4.662297214963473E-10	4.662297214963473E-10	-122050128.914140359
14357.748046875	-2.819463729858398	4.84988049720414E-10	4.84988049720414E-10	-122050128.914140359
14357.7900390625	-2.789289474487305	4.891944627161138E-10	4.891944627161138E-10	-122050128.914140359
14357.83203125	-2.75941276550293	5.21708898304496E-10	5.21708898304496E-10	-122050128.914140359
14357.8740234375	-2.728837966918945	4.52700987807475E-10	4.52700987807475E-10	-122050128.914140359
14357.916015625	-2.698726654052734	3.06158653984312E-10	3.06158653984312E-10	-122050128.914140359
14357.9580078125	-2.668928146362305	-7.173639460233971E-11	7.173639460233971E-11	-122050128.914140359
14358	-2.638477325439453	-4.159801392233931E-10	4.159801392233931E-10	-122050128.914140359
14358.0419921875	-2.608348846435547	-6.56427801004611E-10	6.56427801004611E-10	-122050128.914140359
14358.083984375	-2.578563690185547	-3.648210622486658E-10	3.648210622486658E-10	-122050128.914140359
14358.1259765625	-2.54808235168457	3.622062649810687E-10	3.622062649810687E-10	-122050128.914140359
14358.16796875	-2.517969131469727	7.323706086026505E-10	7.323706086026505E-10	-122050128.914140359
14358.2099609375	-2.488182067871094	1.021362550090998E-9	1.021362550090998E-9	-122050128.914140359
14358.251953125	-2.458070755004883	1.096623236662708E-9	1.096623236662708E-9	-122050128.914140359
14358.2939453125	-2.427593231201172	3.889226718456484E-10	3.889226718456484E-10	-122050128.914140359
14358.3359375	-2.397800445556641	-5.093170329928398E-11	5.093170329928398E-11	-122050128.914140359
14358.3779296875	-2.367666244506836	2.332853910047561E-10	2.332853910047561E-10	-122050128.914140359
14358.419921875	-2.33720588684082	5.088622856419533E-10	5.088622856419533E-10	-122050128.914140359
14358.4619140625	-2.307426452636719	6.286882126005366E-10	6.286882126005366E-10	-122050128.914140359
14358.50390625	-2.277307510375977	9.079030860448256E-10	9.079030860448256E-10	-122050128.914140359
14358.5458984375	-2.246822357177734	8.648157745483331E-10	8.648157745483331E-10	-122050128.914140359
14358.587890625	-2.217046737670898	1.175067154690623E-9	1.175067154690623E-9	-122050128.914140359
14358.6298828125	-2.186916351318359	8.288907338283025E-10	8.288907338283025E-10	-122050128.914140359
14358.671875	-2.156791687011719	6.340314939734526E-10	6.340314939734526E-10	-122050128.914140359
14358.7138671875	-2.126316070556641	5.347828846424818E-10	5.347828846424818E-10	-122050128.914140359
14358.755859375	-2.096551895141602	4.396270014694892E-10	4.396270014694892E-10	-122050128.914140359
14358.7978515625	-2.066410064697266	1.271018845727667E-10	1.271018845727667E-10	-122050128.914140359
14358.83984375	-2.035938262939453	-6.434675015043467E-11	6.434675015043467E-11	-122050128.914140359
14358.8818359375	-2.006227493286133	1.799662641133182E-10	1.799662641133182E-10	-122050128.914140359
14358.9228515625	-1.976100921630859	7.737526175333187E-10	7.737526175333187E-10	-122050128.914140359
14358.96484375	-1.945610046386719	5.605897968052886E-10	5.605897968052886E-10	-122050128.914140359
14359.0068359375	-1.915866851806641	3.774403012357652E-11	3.774403012357652E-11	-122050128.914140359
14359.048828125	-1.885702133178711	2.775095708784647E-10	2.775095708784647E-10	-122050128.914140359
14359.0908203125	-1.855928421020508	2.490878614480607E-10	2.490878614480607E-10	-122050128.914140359
14359.1328125	-1.825475692749023	3.338982423883863E-10	3.338982423883863E-10	-122050128.914140359
14359.1748046875	-1.795331954956055	3.393552105990238E-10	3.393552105990238E-10	-122050128.914140359
14359.216796875	-1.765554428100586	3.190052666468546E-10	3.190052666468546E-10	-122050128.914140359
14359.2587890625	-1.73509407043457	8.279812391265295E-10	8.279812391265295E-10	-122050128.914140359
14359.30078125	-1.704946517944336	9.174527804134414E-10	9.174527804134414E-10	-122050128.914140359
14359.3427734375	-1.675163269042969	8.461711331619881E-10	8.461711331619881E-10	-122050128.914140359
14359.384765625	-1.64470100402832	6.212985681486316E-10	6.212985681486316E-10	-122050128.914140359
14359.4267578125	-1.614564895629883	6.619984560529701E-10	6.619984560529701E-10	-122050128.914140359
14359.46875	-1.584785461425781	6.632490112679079E-10	6.632490112679079E-10	-122050128.914140359
14359.5107421875	-1.554664611816406	6.635900717810728E-10	6.635900717810728E-10	-122050128.914140359
14359.552734375	-1.52418327331543	5.89807314099744E-10	5.89807314099744E-10	-122050128.914140359
14359.5947265625	-1.494062423706055	5.431957106338814E-10	5.431957106338814E-10	-122050128.914140359
14359.63671875	-1.464263916015625	5.318270268617198E-10	5.318270268617198E-10	-122050128.914140359
14359.6787109375	-1.433788299560547	5.3887561080046E-10	5.3887561080046E-10	-122050128.914140359
14359.720703125	-1.403656005859375	5.08066477777902E-10	5.08066477777902E-10	-122050128.914140359
14359.7626953125	-1.373884201049805	4.860112312599085E-10	4.860112312599085E-10	-122050128.914140359
14359.8046875	-1.343400955200195	5.410356607171707E-10	5.410356607171707E-10	-122050128.914140359
14359.8466796875	-1.313226699829102	5.410356607171707E-10	5.410356607171707E-10	-122050128.914140359
14359.888671875	-1.283369064331055	5.226183930062689E-10	5.226183930062689E-10	-122050128.914140359
14359.9306640625	-1.253177642822266	5.203446562518366E-10	5.203446562518366E-10	-122050128.914140359
14359.97265625	-1.222650527954102	5.336460162652656E-10	5.336460162652656E-10	-122050128.914140359
14360.0146484375	-1.192785263061523	4.548610377241857E-10	4.548610377241857E-10	-122050128.914140359
14360.056640625	-1.162572860717773	4.454250301932916E-10	4.454250301932916E-10	-122050128.914140359
14360.0986328125	-1.132036209106445	4.951061782776378E-10	4.951061782776378E-10	-122050128.914140359
14360.140625	-1.10218620300293	4.959019861416891E-10	4.959019861416891E-10	-122050128.914140359
14360.1826171875	-1.071979522705078	4.939693099004216E-10	4.939693099004216E-10	-122050128.914140359
14360.224609375	-1.041450500488281	5.042011252953671E-10	5.042011252953671E-10	-122050128.914140359
14360.2666015625	-1.0115966796875	4.840785550186411E-10	4.840785550186411E-10	-122050128.914140359
14360.30859375	-0.981374740600586	5.08975972479675E-10	5.08975972479675E-10	-122050128.914140359
14360.3505859375	-0.951541900634766	4.974936018697917E-10	4.974936018697917E-10	-122050128.914140359
14360.392578125	-0.920976638793945	4.631601768778637E-10	4.631601768778637E-10	-122050128.914140359
14360.4345703125	-0.890768051147461	4.688445187639445E-10	4.688445187639445E-10	-122050128.914140359
14360.4765625	-0.860616683959961	5.109086487209424E-10	5.109086487209424E-10	-122050128.914140359
14360.5185546875	-0.830047607421875	4.93287188874092E-10	4.93287188874092E-10	-122050128.914140359
14360.5595703125	-0.800193786621094	4.741878001368605E-10	4.741878001368605E-10	-122050128.914140359
14360.6015625	-0.769998550415039	4.778257789439522E-10	4.778257789439522E-10	-122050128.914140359
14360.6435546875	-0.73945426940918	5.012452675146051E-10	5.012452675146051E-10	-122050128.914140359
14360.685546875	-0.709598541259766	5.0511061999714E-10	5.0511061999714E-10	-122050128.914140359
14360.7275390625	-0.679405212402344	5.169340511201881E-10	5.169340511201881E-10	-122050128.914140359
14360.76953125	-0.648841857910156	5.088622856419533E-10	5.088622856419533E-10	-122050128.914140359
14360.8115234375	-0.619060516357422	4.851017365581356E-10	4.851017365581356E-10	-122050128.914140359
14360.853515625	-0.588863372802734	4.845333023695275E-10	4.845333023695275E-10	-122050128.914140359
14360.8955078125	-0.559011459350586	4.806679498869926E-10	4.806679498869926E-10	-122050128.914140359
14360.9375	-0.528478622436523	4.84988049720414E-10	4.84988049720414E-10	-122050128.914140359
14360.9794921875	-0.498275756835937	4.800995156983845E-10	4.800995156983845E-10	-122050128.914140359
14361.021484375	-0.468408584594727	4.949924914399162E-10	4.949924914399162E-10	-122050128.914140359
14361.0634765625	-0.437875747680664	4.916955731459893E-10	4.916955731459893E-10	-122050128.914140359
14361.10546875	-0.407669067382812	4.895355232292786E-10	4.895355232292786E-10	-122050128.914140359
14361.1474609375	-0.377815246582031	5.115907697472721E-10	5.115907697472721E-10	-122050128.914140359
14361.189453125	-0.347286224365234	6.267555363592692E-10	6.267555363592692E-10	-122050128.914140359
14361.2314453125	-0.317079544067383	5.693436833098531E-10	5.693436833098531E-10	-122050128.914140359
14361.2734375	-0.2872314453125	4.315552359912544E-10	4.315552359912544E-10	-122050128.914140359
14361.3154296875	-0.257028579711914	3.993818609160371E-10	3.993818609160371E-10	-122050128.914140359
14361.357421875	-0.226476669311523	3.878994903061539E-10	3.878994903061539E-10	-122050128.914140359
14361.3994140625	-0.196613311767578	2.646629582159221E-10	2.646629582159221E-10	-122050128.914140359
14361.44140625	-0.166437149047852	2.623892214614898E-10	2.623892214614898E-10	-122050128.914140359
14361.4833984375	-0.135887145996094	4.81122697237879E-10	4.81122697237879E-10	-122050128.914140359
14361.525390625	-0.105678558349609	5.054516805103049E-10	5.054516805103049E-10	-122050128.914140359
14361.5673828125	-0.075811386108398	5.402398528531194E-10	5.402398528531194E-10	-122050128.914140359
14361.609375	-0.045278549194336	5.303490979713388E-10	5.303490979713388E-10	-122050128.914140359
14361.6513671875	-0.015058517456055	5.084075382910669E-10	5.084075382910669E-10	-122050128.914140359
14361.693359375	0.015373229980469	2.069100446533412E-10	2.069100446533412E-10	-122050128.914140359
14361.7353515625	0.045230865478516	4.895355232292786E-10	4.895355232292786E-10	-122050128.914140359
14361.77734375	0.075784683227539	4.797584551852196E-10	4.797584551852196E-10	-122050128.914140359
14361.8193359375	0.105966567993164	4.429239197634161E-10	4.429239197634161E-10	-122050128.914140359
14361.861328125	0.135833740234375	4.587263902067207E-10	4.587263902067207E-10	-122050128.914140359
14361.9033203125	0.166393280029297	4.886260285275057E-10	4.886260285275057E-10	-122050128.914140359
14361.9453125	0.196563720703125	5.094307198305614E-10	5.094307198305614E-10	-122050128.914140359
14361.9873046875	0.226417541503906	5.022684490540996E-10	5.022684490540996E-10	-122050128.914140359
14362.029296875	0.256973266601562	4.461071512196213E-10	4.461071512196213E-10	-122050128.914140359
14362.0712890625	0.287153244018555	4.555431587505154E-10	4.555431587505154E-10	-122050128.914140359
14362.11328125	0.317031860351562	4.87943907501176E-10	4.87943907501176E-10	-122050128.914140359
14362.1552734375	0.347232818603516	4.660023478209041E-10	4.660023478209041E-10	-122050128.914140359
14362.197265625	0.377752304077148	5.020410753786564E-10	5.020410753786564E-10	-122050128.914140359
14362.2392578125	0.407611846923828	3.977902451879345E-10	3.977902451879345E-10	-122050128.914140359
14362.28125	0.43781852722168	5.117044565849937E-10	5.117044565849937E-10	-122050128.914140359
14362.3232421875	0.468353271484375	6.206164471223019E-10	6.206164471223019E-10	-122050128.914140359
14362.365234375	0.498558044433594	5.157971827429719E-10	5.157971827429719E-10	-122050128.914140359
14362.4072265625	0.528413772583008	4.288267518859357E-10	4.288267518859357E-10	-122050128.914140359
14362.44921875	0.558940887451172	4.050662028021179E-10	4.050662028021179E-10	-122050128.914140359
14362.4912109375	0.589126586914062	3.637978807091713E-10	3.637978807091713E-10	-122050128.914140359
14362.533203125	0.618984222412109	4.786215868080035E-10	4.786215868080035E-10	-122050128.914140359
14362.5751953125	0.649124145507812	4.492903826758265E-10	4.492903826758265E-10	-122050128.914140359
14362.6171875	0.679670333862305	4.667981556849554E-10	4.667981556849554E-10	-122050128.914140359
14362.6591796875	0.709535598754883	3.86989995604381E-10	3.86989995604381E-10	-122050128.914140359
14362.701171875	0.739713668823242	3.752802513190545E-10	3.752802513190545E-10	-122050128.914140359
14362.7431640625	0.770267486572266	3.490185918053612E-10	3.490185918053612E-10	-122050128.914140359
14362.78515625	0.800125122070312	3.581135388230905E-10	3.581135388230905E-10	-122050128.914140359
14362.8271484375	0.830320358276367	5.370566213969141E-10	5.370566213969141E-10	-122050128.914140359
14362.869140625	0.860881805419922	6.550635589519516E-10	6.550635589519516E-10	-122050128.914140359
14362.9111328125	0.890724182128906	4.450839696801268E-10	4.450839696801268E-10	-122050128.914140359
14362.9521484375	0.920896530151367	3.853983798762783E-10	3.853983798762783E-10	-122050128.914140359
14362.994140625	0.950769424438477	5.120455170981586E-10	5.120455170981586E-10	-122050128.914140359
14363.0361328125	0.98130989074707	5.105675882077776E-10	5.105675882077776E-10	-122050128.914140359
14363.078125	1.011497497558594	6.397158358595334E-10	6.397158358595334E-10	-122050128.914140359
14363.1201171875	1.041370391845703	6.098161975387484E-10	6.098161975387484E-10	-122050128.914140359
14363.162109375	1.071901321411133	5.435367711470462E-10	5.435367711470462E-10	-122050128.914140359
14363.2041015625	1.102100372314453	7.183871275628917E-10	7.183871275628917E-10	-122050128.914140359
14363.24609375	1.131963729858398	6.408527042367496E-10	6.408527042367496E-10	-122050128.914140359
14363.2880859375	1.162479400634766	9.227960617863573E-10	9.227960617863573E-10	-122050128.914140359
14363.330078125	1.192684173583984	2.020556166826282E-9	2.020556166826282E-9	-122050128.914140359
14363.3720703125	1.222560882568359	1.324565346294548E-9	1.324565346294548E-9	-122050128.914140359
14363.4140625	1.253070831298828	6.591562851099297E-10	6.591562851099297E-10	-122050128.914140359
14363.4560546875	1.28327751159668	4.496314431889914E-10	4.496314431889914E-10	-122050128.914140359
14363.498046875	1.313482284545898	6.627942639170215E-11	6.627942639170215E-11	-122050128.914140359
14363.5400390625	1.343338012695312	-7.298694981727749E-11	7.298694981727749E-11	-122050128.914140359
14363.58203125	1.373805999755859	-7.901235221652314E-11	7.901235221652314E-11	-122050128.914140359
14363.6240234375	1.403936386108398	-3.877858034684323E-10	3.877858034684323E-10	-122050128.914140359
14363.666015625	1.433700561523437	3.900595402228646E-10	3.900595402228646E-10	-122050128.914140359
14363.7080078125	1.464183807373047	9.064251571544446E-10	9.064251571544446E-10	-122050128.914140359
14363.75	1.494318008422852	1.094235813070554E-9	1.094235813070554E-9	-122050128.914140359
14363.7919921875	1.524105072021484	7.527205525548197E-10	7.527205525548197E-10	-122050128.914140359
14363.833984375	1.554573059082031	1.269881977350451E-10	1.269881977350451E-10	-122050128.914140359
14363.8759765625	1.584707260131836	-5.526317181647755E-10	5.526317181647755E-10	-122050128.914140359
14363.91796875	1.614484786987305	-4.635012373910286E-10	4.635012373910286E-10	-122050128.914140359
14363.9599609375	1.644615173339844	6.123173079686239E-10	6.123173079686239E-10	-122050128.914140359
14364.001953125	1.675069808959961	8.635652193333954E-10	8.635652193333954E-10	-122050128.914140359
14364.04296875	1.704858779907227	8.72546479513403E-10	8.72546479513403E-10	-122050128.914140359
14364.0849609375	1.73499870300293	6.235723049030639E-10	6.235723049030639E-10	-122050128.914140359
14364.126953125	1.765468597412109	6.584741640836E-10	6.584741640836E-10	-122050128.914140359
14364.1689453125	1.795228958129883	1.039211383613292E-9	1.039211383613292E-9	-122050128.914140359
14364.2109375	1.82536506652832	9.741825124365278E-10	9.741825124365278E-10	-122050128.914140359
14364.2529296875	1.855827331542969	5.780975698144175E-10	5.780975698144175E-10	-122050128.914140359
14364.294921875	1.885610580444336	2.926299202954397E-10	2.926299202954397E-10	-122050128.914140359
14364.3369140625	1.915742874145508	-1.418811734765768E-10	1.418811734765768E-10	-122050128.914140359
14364.37890625	1.94554328918457	-2.250999386887997E-10	2.250999386887997E-10	-122050128.914140359
14364.4208984375	1.975990295410156	-2.705746737774461E-11	2.705746737774461E-11	-122050128.914140359
14364.462890625	2.006126403808594	4.022240318590775E-10	4.022240318590775E-10	-122050128.914140359
14364.5048828125	2.03590202331543	6.344862413243391E-10	6.344862413243391E-10	-122050128.914140359
14364.546875	2.066295623779297	7.453309081029147E-10	7.453309081029147E-10	-122050128.914140359
14364.5888671875	2.096446990966797	6.051550371921621E-10	6.051550371921621E-10	-122050128.914140359
14364.630859375	2.126194000244141	3.577724783099256E-10	3.577724783099256E-10	-122050128.914140359
14364.6728515625	2.156675338745117	5.885567588848062E-10	5.885567588848062E-10	-122050128.914140359
14364.71484375	2.186822891235352	6.122036211309023E-10	6.122036211309023E-10	-122050128.914140359
14364.7568359375	2.216930389404297	3.793729774770327E-10	3.793729774770327E-10	-122050128.914140359
14364.798828125	2.246730804443359	1.148237060988322E-10	1.148237060988322E-10	-122050128.914140359
14364.8408203125	2.277202606201172	2.308979674126022E-10	2.308979674126022E-10	-122050128.914140359
14364.8828125	2.307302474975586	3.092281986027956E-10	3.092281986027956E-10	-122050128.914140359
14364.9248046875	2.337095260620117	4.534967956715263E-10	4.534967956715263E-10	-122050128.914140359
14364.966796875	2.367555618286133	3.342393029015511E-10	3.342393029015511E-10	-122050128.914140359
14365.0087890625	2.397678375244141	3.026343620149419E-10	3.026343620149419E-10	-122050128.914140359
14365.05078125	2.42747688293457	4.723688107333146E-10	4.723688107333146E-10	-122050128.914140359
14365.0927734375	2.457941055297852	6.217533154995181E-10	6.217533154995181E-10	-122050128.914140359
14365.134765625	2.488067626953125	4.644107320928015E-10	4.644107320928015E-10	-122050128.914140359
14365.1767578125	2.517848968505859	4.146158971707337E-10	4.146158971707337E-10	-122050128.914140359
14365.2177734375	2.547981262207031	3.651621227618307E-10	3.651621227618307E-10	-122050128.914140359
14365.259765625	2.57844352722168	6.424443199648522E-10	6.424443199648522E-10	-122050128.914140359
14365.3017578125	2.60822868347168	5.212541509536095E-10	5.212541509536095E-10	-122050128.914140359
14365.34375	2.63835334777832	5.020410753786564E-10	5.020410753786564E-10	-122050128.914140359
14365.3857421875	2.668813705444336	5.302354111336172E-10	5.302354111336172E-10	-122050128.914140359
14365.427734375	2.698593139648437	4.851017365581356E-10	4.851017365581356E-10	-122050128.914140359
14365.4697265625	2.728719711303711	4.799858288606629E-10	4.799858288606629E-10	-122050128.914140359
14365.51171875	2.75926399230957	3.050217856070958E-10	3.050217856070958E-10	-122050128.914140359
14365.5537109375	2.789127349853516	2.215756467194296E-10	2.215756467194296E-10	-122050128.914140359
14365.595703125	2.8193359375	2.119122655130923E-10	2.119122655130923E-10	-122050128.914140359
14365.6376953125	2.84916877746582	2.040678737103008E-10	2.040678737103008E-10	-122050128.914140359
14365.6796875	2.879716873168945	2.476099325576797E-10	2.476099325576797E-10	-122050128.914140359
14365.7216796875	2.909919738769531	9.765699360286817E-11	9.765699360286817E-11	-122050128.914140359
14365.763671875	2.939781188964844	1.633679858059622E-10	1.633679858059622E-10	-122050128.914140359
14365.8056640625	2.970327377319336	3.425384420552291E-10	3.425384420552291E-10	-122050128.914140359
14365.84765625	3.000530242919922	7.171365723479539E-10	7.171365723479539E-10	-122050128.914140359
14430.5498046875	-3.000692367553711	-0.001541241072118	0.001541241072118	30.034634449802205
14430.591796875	-2.970865249633789	-0.001540708355606	0.001540708355606	30.034634449802205
14430.6337890625	-2.940311431884766	-0.001539690420032	0.001539690420032	30.034634449802205
14430.67578125	-2.910097122192383	-0.001538814045489	0.001538814045489	30.034634449802205
14430.7177734375	-2.879911422729492	-0.00153801497072	0.00153801497072	30.034634449802205
14430.759765625	-2.849699020385742	-0.001537358388305	0.001537358388305	30.034634449802205
14430.8017578125	-2.819488525390625	-0.001536089926958	0.001536089926958	30.034634449802205
14430.84375	-2.789316177368164	-0.001534715294838	0.001534715294838	30.034634449802205
14430.8857421875	-2.759445190429687	-0.001533908769488	0.001533908769488	30.034634449802205
14430.927734375	-2.728872299194336	-0.00153293274343	0.00153293274343	30.034634449802205
14430.9697265625	-2.698764801025391	-0.001531573943794	0.001531573943794	30.034634449802205
14431.01171875	-2.668973922729492	-0.001530139707029	0.001530139707029	30.034634449802205
14431.0537109375	-2.638511657714844	-0.001528912223876	0.001528912223876	30.034634449802205
14431.095703125	-2.608392715454102	-0.001527580432594	0.001527580432594	30.034634449802205
14431.1376953125	-2.578603744506836	-0.001526379026473	0.001526379026473	30.034634449802205
14431.1796875	-2.548130035400391	-0.00152482278645	0.00152482278645	30.034634449802205
14431.2216796875	-2.517993927001953	-0.001523112878203	0.001523112878203	30.034634449802205
14431.263671875	-2.488212585449219	-0.001521781086922	0.001521781086922	30.034634449802205
14431.3056640625	-2.458099365234375	-0.00152063369751	0.00152063369751	30.034634449802205
14431.34765625	-2.427629470825195	-0.001518899574876	0.001518899574876	30.034634449802205
14431.3896484375	-2.397834777832031	-0.001517035067081	0.001517035067081	30.034634449802205
14431.431640625	-2.367692947387695	-0.001515433192253	0.001515433192253	30.034634449802205
14431.4736328125	-2.337236404418945	-0.001514101400971	0.001514101400971	30.034634449802205
14431.515625	-2.307453155517578	-0.001512475311756	0.001512475311756	30.034634449802205
14431.5576171875	-2.277347564697266	-0.001510543748736	0.001510543748736	30.034634449802205
14431.599609375	-2.246866226196289	-0.001508486457169	0.001508486457169	30.034634449802205
14431.6416015625	-2.217075347900391	-0.001506953500211	0.001506953500211	30.034634449802205
14431.68359375	-2.18695068359375	-0.001505251973867	0.001505251973867	30.034634449802205
14431.7255859375	-2.156822204589844	-0.001503325067461	0.001503325067461	30.034634449802205
14431.767578125	-2.126346588134766	-0.001501088961959	0.001501088961959	30.034634449802205
14431.8095703125	-2.096582412719727	-0.001499178819358	0.001499178819358	30.034634449802205
14431.8515625	-2.066444396972656	-0.001497401855886	0.001497401855886	30.034634449802205
14431.8935546875	-2.035970687866211	-0.001495332457125	0.001495332457125	30.034634449802205
14431.935546875	-2.006254196166992	-0.001493184827268	0.001493184827268	30.034634449802205
14431.9775390625	-1.976116180419922	-0.001490764319897	0.001490764319897	30.034634449802205
14432.01953125	-1.945646286010742	-0.001488683745265	0.001488683745265	30.034634449802205
14432.060546875	-1.915889739990234	-0.001486737281084	0.001486737281084	30.034634449802205
14432.1025390625	-1.885746002197266	-0.001484301872551	0.001484301872551	30.034634449802205
14432.14453125	-1.855953216552734	-0.001481800340116	0.001481800340116	30.034634449802205
14432.1865234375	-1.825494766235352	-0.001479518599808	0.001479518599808	30.034634449802205
14432.228515625	-1.795364379882812	-0.001477232202888	0.001477232202888	30.034634449802205
14432.2705078125	-1.765579223632812	-0.001474809832871	0.001474809832871	30.034634449802205
14432.3125	-1.735116958618164	-0.001472079195082	0.001472079195082	30.034634449802205
14432.3544921875	-1.704982757568359	-0.001469276845455	0.001469276845455	30.034634449802205
14432.396484375	-1.675193786621094	-0.001466919668019	0.001466919668019	30.034634449802205
14432.4384765625	-1.644742965698242	-0.001464444212615	0.001464444212615	30.034634449802205
14432.48046875	-1.614608764648437	-0.001461504027247	0.001461504027247	30.034634449802205
14432.5224609375	-1.584835052490234	-0.001458557322621	0.001458557322621	30.034634449802205
14432.564453125	-1.554702758789062	-0.001455732621253	0.001455732621253	30.034634449802205
14432.6064453125	-1.524227142333984	-0.001452825032175	0.001452825032175	30.034634449802205
14432.6484375	-1.49409294128418	-0.001449849456549	0.001449849456549	30.034634449802205
14432.6904296875	-1.464309692382812	-0.001446638256311	0.001446638256311	30.034634449802205
14432.732421875	-1.433832168579102	-0.00144340377301	0.00144340377301	30.034634449802205
14432.7744140625	-1.403707504272461	-0.00144028570503	0.00144028570503	30.034634449802205
14432.81640625	-1.373931884765625	-0.001437168568373	0.001437168568373	30.034634449802205
14432.8583984375	-1.343448638916016	-0.001433528028429	0.001433528028429	30.034634449802205
14432.900390625	-1.313266754150391	-0.001429897733033	0.001429897733033	30.034634449802205
14432.9423828125	-1.283403396606445	-0.001426470465958	0.001426470465958	30.034634449802205
14432.984375	-1.25322151184082	-0.00142303109169	0.00142303109169	30.034634449802205
14433.0263671875	-1.222686767578125	-0.00141921825707	0.00141921825707	30.034634449802205
14433.068359375	-1.192819595336914	-0.001415310427547	0.001415310427547	30.034634449802205
14433.1103515625	-1.16261100769043	-0.001411453820765	0.001411453820765	30.034634449802205
14433.15234375	-1.132085800170898	-0.00140774063766	0.00140774063766	30.034634449802205
14433.1943359375	-1.102218627929687	-0.001403815113008	0.001403815113008	30.034634449802205
14433.236328125	-1.072025299072266	-0.001399519853294	0.001399519853294	30.034634449802205
14433.2783203125	-1.04149055480957	-0.00139497872442	0.00139497872442	30.034634449802205
14433.3203125	-1.011625289916992	-0.001390922814608	0.001390922814608	30.034634449802205
14433.3623046875	-0.981424331665039	-0.001386743038893	0.001386743038893	30.034634449802205
14433.404296875	-0.951578140258789	-0.001382222399116	0.001382222399116	30.034634449802205
14433.4462890625	-0.921012878417969	-0.001377137377858	0.001377137377858	30.034634449802205
14433.48828125	-0.89082145690918	-0.001372378319502	0.001372378319502	30.034634449802205
14433.5302734375	-0.860649108886719	-0.00136771146208	0.00136771146208	30.034634449802205
14433.572265625	-0.830095291137695	-0.001362730748951	0.001362730748951	30.034634449802205
14433.6142578125	-0.80023193359375	-0.001357415691018	0.001357415691018	30.034634449802205
14433.65625	-0.770044326782227	-0.001351798884571	0.001351798884571	30.034634449802205
14433.6982421875	-0.739480972290039	-0.00134654995054	0.00134654995054	30.034634449802205
14433.740234375	-0.709646224975586	-0.001341025345027	0.001341025345027	30.034634449802205
14433.7822265625	-0.679437637329102	-0.00133515894413	0.00133515894413	30.034634449802205
14433.8232421875	-0.648885726928711	-0.001328793354332	0.001328793354332	30.034634449802205
14433.865234375	-0.619102478027344	-0.001322983764112	0.001322983764112	30.034634449802205
14433.9072265625	-0.588909149169922	-0.001316857524216	0.001316857524216	30.034634449802205
14433.94921875	-0.559049606323242	-0.001310496591032	0.001310496591032	30.034634449802205
14433.9912109375	-0.52851676940918	-0.001303551718593	0.001303551718593	30.034634449802205
14434.033203125	-0.498310089111328	-0.001296511851251	0.001296511851251	30.034634449802205
14434.0751953125	-0.468446731567383	-0.001289741136134	0.001289741136134	30.034634449802205
14434.1171875	-0.437906265258789	-0.001282412558794	0.001282412558794	30.034634449802205
14434.1591796875	-0.407711029052734	-0.00127481482923	0.00127481482923	30.034634449802205
14434.201171875	-0.377851486206055	-0.001266798004508	0.001266798004508	30.034634449802205
14434.2431640625	-0.347316741943359	-0.001258756965399	0.001258756965399	30.034634449802205
14434.28515625	-0.317110061645508	-0.001250638626516	0.001250638626516	30.034634449802205
14434.3271484375	-0.287258148193359	-0.00124204158783	0.00124204158783	30.034634449802205
14434.369140625	-0.257051467895508	-0.001232878305018	0.001232878305018	30.034634449802205
14434.4111328125	-0.226497650146484	-0.001223255880177	0.001223255880177	30.034634449802205
14434.453125	-0.196643829345703	-0.001213865354657	0.001213865354657	30.034634449802205
14434.4951171875	-0.166463851928711	-0.001203930936754	0.001203930936754	30.034634449802205
14434.537109375	-0.135919570922852	-0.001193152740598	0.001193152740598	30.034634449802205
14434.5791015625	-0.105709075927734	-0.001181935891509	0.001181935891509	30.034634449802205
14434.62109375	-0.075849533081055	-0.00117052718997	0.00117052718997	30.034634449802205
14434.6630859375	-0.045303344726562	-0.001158183440566	0.001158183440566	30.034634449802205
14434.705078125	-0.015087127685547	-0.001144369132817	0.001144369132817	30.034634449802205
14434.7470703125	0.015365600585937	-0.001126759685576	0.001126759685576	30.034634449802205
14434.7890625	0.045230865478516	-0.001101422123611	0.001101422123611	30.034634449802205
14434.8310546875	0.07579231262207	-0.001055696047843	0.001055696047843	30.034634449802205
14434.9208984375	0.105796813964844	-0.000971260829829	0.000971260829829	30.034634449802205
14434.962890625	0.135696411132812	-0.000831907032989	0.000831907032989	30.034634449802205
14435.00390625	0.166292190551758	-0.000622574356385	0.000622574356385	30.034634449802205
14435.0458984375	0.196510314941406	-0.00034453603439	0.00034453603439	30.034634449802205
14435.240234375	0.226478576660156	2.215980930486694E-5	2.215980930486694E-5	30.034634449802205
14435.3759765625	0.257099151611328	0.000525841431227	0.000525841431227	30.034634449802205
14435.5107421875	0.287193298339844	0.001226463355124	0.001226463355124	30.034634449802205
14435.552734375	0.317085266113281	0.002183307893574	0.002183307893574	30.034634449802205
14435.5947265625	0.347312927246094	0.003443855792284	0.003443855792284	30.034634449802205
14435.63671875	0.377878189086914	0.004969201982021	0.004969201982021	30.034634449802205
14435.6787109375	0.407758712768555	0.006648710928857	0.006648710928857	30.034634449802205
14435.720703125	0.437997817993164	0.008483427576721	0.008483427576721	30.034634449802205
14435.7626953125	0.468576431274414	0.010441359132528	0.010441359132528	30.034634449802205
14435.8505859375	0.498590469360352	0.012481041252613	0.012481041252613	30.034634449802205
14435.892578125	0.528448104858398	0.014519773423672	0.014519773423672	30.034634449802205
14435.9345703125	0.558984756469727	0.016653388738632	0.016653388738632	30.034634449802205
14435.9765625	0.589178085327148	0.018795154988766	0.018795154988766	30.034634449802205
14436.0185546875	0.619043350219727	0.020938582718372	0.020938582718372	30.034634449802205
14436.060546875	0.649188995361328	0.023120395839214	0.023120395839214	30.034634449802205
14436.1025390625	0.679733276367187	0.025348618626595	0.025348618626595	30.034634449802205
14436.14453125	0.709602355957031	0.027539670467377	0.027539670467377	30.034634449802205
14436.1865234375	0.73979377746582	0.029767319560051	0.029767319560051	30.034634449802205
14436.228515625	0.770345687866211	0.03202448785305	0.03202448785305	30.034634449802205
14436.2705078125	0.800193786621094	0.034238077700138	0.034238077700138	30.034634449802205
14436.3125	0.830410003662109	0.036480918526649	0.036480918526649	30.034634449802205
14436.3544921875	0.8609619140625	0.03876020014286	0.03876020014286	30.034634449802205
14436.396484375	0.890815734863281	0.040989436209202	0.040989436209202	30.034634449802205
14436.4384765625	0.920999526977539	0.043240256607533	0.043240256607533	30.034634449802205
14436.48046875	0.950872421264648	0.045479021966457	0.045479021966457	30.034634449802205
14436.5224609375	0.981409072875977	0.047773443162441	0.047773443162441	30.034634449802205
14436.564453125	1.011602401733398	0.050026774406433	0.050026774406433	30.034634449802205
14436.6064453125	1.041488647460937	0.05225932598114	0.05225932598114	30.034634449802205
14436.6484375	1.072021484375	0.054538510739803	0.054538510739803	30.034634449802205
14436.6904296875	1.102224349975586	0.056789308786392	0.056789308786392	30.034634449802205
14436.732421875	1.132087707519531	0.059006303548813	0.059006303548813	30.034634449802205
14436.7744140625	1.162614822387695	0.061269946396351	0.061269946396351	30.034634449802205
14436.81640625	1.192827224731445	0.063504867255688	0.063504867255688	30.034634449802205
14436.857421875	1.222707748413086	0.065705128014088	0.065705128014088	30.034634449802205
14436.8994140625	1.25322151184082	0.067938409745693	0.067938409745693	30.034634449802205
14436.94140625	1.283428192138672	0.070123426616192	0.070123426616192	30.034634449802205
14436.9833984375	1.313636779785156	0.07230668514967	0.07230668514967	30.034634449802205
14437.025390625	1.343486785888672	0.074475102126598	0.074475102126598	30.034634449802205
14437.0673828125	1.373970031738281	0.076674543321133	0.076674543321133	30.034634449802205
14437.109375	1.404115676879883	0.078837767243385	0.078837767243385	30.034634449802205
14437.1513671875	1.433883666992187	0.080987632274628	0.080987632274628	30.034634449802205
14437.193359375	1.464361190795898	0.083217322826385	0.083217322826385	30.034634449802205
14437.2353515625	1.494501113891602	0.085395961999893	0.085395961999893	30.034634449802205
14437.27734375	1.5242919921875	0.087562888860703	0.087562888860703	30.034634449802205
14437.3193359375	1.554765701293945	0.089790068566799	0.089790068566799	30.034634449802205
14437.361328125	1.584901809692383	0.091978453099728	0.091978453099728	30.034634449802205
14437.4033203125	1.614675521850586	0.09453434497118	0.09453434497118	30.034634449802205
14437.4453125	1.64483642578125	0.096388168632984	0.096388168632984	30.034634449802205
14437.4873046875	1.675235748291016	0.096524983644485	0.096524983644485	30.034634449802205
14437.529296875	1.697944641113281	0.099946767091751	0.099946767091751	30.034634449802205
14437.5712890625	1.695261001586914	0.100003071129322	0.100003071129322	30.034634449802205
14437.61328125	1.701286315917969	0.100003033876419	0.100003033876419	30.034634449802205
14437.6552734375	1.694553375244141	0.100003123283386	0.100003123283386	30.034634449802205
14437.6982421875	1.686800003051758	0.100003063678741	0.100003063678741	30.034634449802205
14437.740234375	1.685708999633789	0.10000304877758	0.10000304877758	30.034634449802205
14437.7822265625	1.682485580444336	0.100003026425838	0.100003026425838	30.034634449802205
14437.82421875	1.667442321777344	0.100003100931644	0.100003100931644	30.034634449802205
14437.8671875	1.673107147216797	0.100002996623516	0.100002996623516	30.034634449802205
14437.9091796875	1.682161331176758	0.100003004074097	0.100003004074097	30.034634449802205
14437.951171875	1.672563552856445	0.100003123283386	0.100003123283386	30.034634449802205
14437.9931640625	1.673011779785156	0.100003115832806	0.100003115832806	30.034634449802205
14438.0361328125	1.685819625854492	0.100002974271774	0.100002974271774	30.034634449802205
14438.078125	1.67890739440918	0.100003004074097	0.100003004074097	30.034634449802205
14438.1201171875	1.676185607910156	0.100003056228161	0.100003056228161	30.034634449802205
14438.1630859375	1.683320999145508	0.100003018975258	0.100003018975258	30.034634449802205
14438.205078125	1.689067840576172	0.100002966821194	0.100002966821194	30.034634449802205
14438.2470703125	1.690704345703125	0.100003026425838	0.100003026425838	30.034634449802205
14438.2890625	1.700313568115234	0.100002974271774	0.100002974271774	30.034634449802205
14438.33203125	1.684230804443359	0.100003071129322	0.100003071129322	30.034634449802205
14438.3740234375	1.700105667114258	0.100002996623516	0.100002996623516	30.034634449802205
14438.416015625	1.698009490966797	0.100002981722355	0.100002981722355	30.034634449802205
14438.4580078125	1.704666137695312	0.100003018975258	0.100003018975258	30.034634449802205
14438.5009765625	1.676305770874023	0.100003123283386	0.100003123283386	30.034634449802205
14438.54296875	1.676654815673828	0.100003071129322	0.100003071129322	30.034634449802205
14438.5849609375	1.677303314208984	0.100003011524677	0.100003011524677	30.034634449802205
14438.626953125	1.682895660400391	0.100003004074097	0.100003004074097	30.034634449802205
14438.669921875	1.675573348999023	0.100003056228161	0.100003056228161	30.034634449802205
14438.7119140625	1.675556182861328	0.100002996623516	0.100002996623516	30.034634449802205
14438.75390625	1.668397903442383	0.100003004074097	0.100003004074097	30.034634449802205
14438.7958984375	1.66682243347168	0.100003004074097	0.100003004074097	30.034634449802205
14438.8388671875	1.664821624755859	0.100003056228161	0.100003056228161	30.034634449802205
14438.880859375	1.662685394287109	0.100003018975258	0.100003018975258	30.034634449802205
14438.9228515625	1.662075042724609	0.100003026425838	0.100003026425838	30.034634449802205
14438.96484375	1.659311294555664	0.100003033876419	0.100003033876419	30.034634449802205
14439.0078125	1.659030914306641	0.100003026425838	0.100003026425838	30.034634449802205
14439.0498046875	1.661231994628906	0.100002974271774	0.100002974271774	30.034634449802205
14439.091796875	1.656591415405273	0.100003018975258	0.100003018975258	30.034634449802205
14439.1337890625	1.653139114379883	0.100003004074097	0.100003004074097	30.034634449802205
14439.1767578125	1.653717041015625	0.100003004074097	0.100003004074097	30.034634449802205
14439.21875	1.652746200561523	0.100003026425838	0.100003026425838	30.034634449802205
14439.2607421875	1.650915145874023	0.100003041327	0.100003041327	30.034634449802205
14439.302734375	1.651790618896484	0.100002996623516	0.100002996623516	30.034634449802205
14439.345703125	1.65239143371582	0.100003011524677	0.100003011524677	30.034634449802205
