[INFO]
Keithley 2400
Meas Time: 2021/1/19 10:22:26
Params: GPIB address = GPIB0::21::INSTR; DataFile = D:\工艺实验\黄艺; Compliance  Level (0.1) = 0.100000000000000; Number of Points (5) = 100; Minimum Amplitude (1) = -3.000000000000000; Maximum Amplitude (2) = 3.000000000000000; Timeout (100000 ms) = 100000; Source Mode  (0: Voltage) = 0; 4-wire? = FALSE; delay(S) = 0.000000000000000; Start = ; 

[COMMENT]


[DATA]
time (s)	Voltage (V)	Current (A)	absCurrent (A)	Fitting Resistance (Ohms)

8714.10742187499999	-3.000711441040039	-4.459934643818997E-10	4.459934643818997E-10	236451111.233229965
8714.14941406249999	-2.940330505371094	4.351932147983462E-10	4.351932147983462E-10	236451111.233229965
8714.19140624999999	-2.879589080810547	5.405809133662842E-10	5.405809133662842E-10	236451111.233229965
8714.23339843749999	-2.81849479675293	5.053379936725833E-10	5.053379936725833E-10	236451111.233229965
8714.27539062499999	-2.758092880249023	3.844888851745054E-10	3.844888851745054E-10	236451111.233229965
8714.31738281249999	-2.697404861450195	4.642970452550799E-10	4.642970452550799E-10	236451111.233229965
8714.35937499999999	-2.636812210083008	1.088551471184473E-9	1.088551471184473E-9	236451111.233229965
8714.40136718749999	-2.576555252075195	1.100374902307522E-9	1.100374902307522E-9	236451111.233229965
8714.44335937499999	-2.51561164855957	1.355374479317106E-9	1.355374479317106E-9	236451111.233229965
8714.48535156249999	-2.455013275146484	1.231569513038266E-9	1.231569513038266E-9	236451111.233229965
8714.52636718749999	-2.394763946533203	9.820269042393193E-10	9.820269042393193E-10	236451111.233229965
8714.56835937499999	-2.334169387817383	6.207301339600235E-10	6.207301339600235E-10	236451111.233229965
8714.61035156249999	-2.273256301879883	9.927134669851512E-10	9.927134669851512E-10	236451111.233229965
8714.65234374999999	-2.212982177734375	1.092303136829287E-9	1.092303136829287E-9	236451111.233229965
8714.69433593749999	-2.152387619018555	1.332296051259618E-9	1.332296051259618E-9	236451111.233229965
8714.73632812499999	-2.092147827148437	1.121520654123742E-9	1.121520654123742E-9	236451111.233229965
8714.77832031249999	-2.031520843505859	1.021021489577834E-9	1.021021489577834E-9	236451111.233229965
8714.82031249999999	-1.97064208984375	1.209059519169386E-9	1.209059519169386E-9	236451111.233229965
8714.86230468749999	-1.910409927368164	9.611085260985419E-10	9.611085260985419E-10	236451111.233229965
8714.90429687499999	-1.849790573120117	7.992184691829607E-10	7.992184691829607E-10	236451111.233229965
8714.94628906249999	-1.78953742980957	6.904201654833741E-10	6.904201654833741E-10	236451111.233229965
8714.98828124999999	-1.728965759277344	1.394937498844229E-10	1.394937498844229E-10	236451111.233229965
8715.03027343749999	-1.668001174926758	1.100374902307522E-9	1.100374902307522E-9	236451111.233229965
8715.07226562499999	-1.607744216918945	8.834604159346782E-10	8.834604159346782E-10	236451111.233229965
8715.11425781249999	-1.547153472900391	9.207496987073682E-10	9.207496987073682E-10	236451111.233229965
8715.15624999999999	-1.486885070800781	2.041815605480224E-10	2.041815605480224E-10	236451111.233229965
8715.19824218749999	-1.425943374633789	-1.471107680117711E-9	1.471107680117711E-9	236451111.233229965
8715.24023437499999	-1.365337371826172	-1.139824234996922E-9	1.139824234996922E-9	236451111.233229965
8715.28222656249999	-1.30500602722168	-1.001012606138829E-9	1.001012606138829E-9	236451111.233229965
8715.32421874999999	-1.244279861450195	-3.92549281968968E-9	3.92549281968968E-9	236451111.233229965
8715.36621093749999	-1.183525085449219	-3.73347575077787E-10	3.73347575077787E-10	236451111.233229965
8715.40820312499999	-1.122470855712891	1.106059244193602E-9	1.106059244193602E-9	236451111.233229965
8715.44921874999999	-1.06207275390625	2.281581146235112E-9	2.281581146235112E-9	236451111.233229965
8715.49121093749999	-1.001314163208008	2.350134309381247E-9	2.350134309381247E-9	236451111.233229965
8715.53320312499999	-0.94093132019043	2.926071829278953E-9	2.926071829278953E-9	236451111.233229965
8715.57519531249999	-0.880205154418945	1.915509528771508E-9	1.915509528771508E-9	236451111.233229965
8715.61718749999999	-0.819107055664062	4.10841494158376E-9	4.10841494158376E-9	236451111.233229965
8715.65917968749999	-0.758699417114258	2.264187060063705E-9	2.264187060063705E-9	236451111.233229965
8715.70117187499999	-0.697965621948242	2.232809492852539E-9	2.232809492852539E-9	236451111.233229965
8715.74316406249999	-0.637552261352539	1.479179445595946E-9	1.479179445595946E-9	236451111.233229965
8715.78515624999999	-0.576885223388672	1.356625034532044E-9	1.356625034532044E-9	236451111.233229965
8715.82714843749999	-0.515811920166016	9.771383702172898E-10	9.771383702172898E-10	236451111.233229965
8715.86914062499999	-0.45538330078125	1.14107479021186E-9	1.14107479021186E-9	236451111.233229965
8715.91113281249999	-0.394662857055664	1.029548002406955E-9	1.029548002406955E-9	236451111.233229965
8715.95312499999999	-0.33428955078125	3.838067641481757E-10	3.838067641481757E-10	236451111.233229965
8715.99511718749999	-0.273181915283203	-3.010427462868392E-10	3.010427462868392E-10	236451111.233229965
8716.03710937499999	-0.212455749511719	-9.213181328959763E-10	9.213181328959763E-10	236451111.233229965
8716.07910156249999	-0.152072906494141	1.596845322637819E-9	1.596845322637819E-9	236451111.233229965
8716.12109374999999	-0.091316223144531	2.284764377691317E-9	2.284764377691317E-9	236451111.233229965
8716.16308593749999	-0.030906677246094	2.348542693653144E-9	2.348542693653144E-9	236451111.233229965
8716.20507812499999	0.03083610534668	1.992930265259929E-9	1.992930265259929E-9	236451111.233229965
8716.24707031249999	0.091552734375	6.674554242636077E-10	6.674554242636077E-10	236451111.233229965
8716.28906249999999	0.151950836181641	1.225657797476742E-9	1.225657797476742E-9	236451111.233229965
8716.33105468749999	0.212680816650391	1.034436536428984E-9	1.034436536428984E-9	236451111.233229965
8716.37304687499999	0.273078918457031	8.042206900427118E-10	8.042206900427118E-10	236451111.233229965
8716.41503906249999	0.334175109863281	7.509015631512739E-10	7.509015631512739E-10	236451111.233229965
8716.45703124999999	0.394901275634766	4.037019607494585E-10	4.037019607494585E-10	236451111.233229965
8716.49902343749999	0.455293655395508	9.511040843790397E-10	9.511040843790397E-10	236451111.233229965
8716.54101562499999	0.516036987304687	1.044327291310765E-9	1.044327291310765E-9	236451111.233229965
8716.58300781249999	0.577104568481445	9.845280146691948E-10	9.845280146691948E-10	236451111.233229965
8716.62499999999999	0.637418746948242	6.077698344597593E-10	6.077698344597593E-10	236451111.233229965
8716.66699218749999	0.698188781738281	3.537934389896691E-10	3.537934389896691E-10	236451111.233229965
8716.70898437499999	0.758577346801758	5.716174200642854E-10	5.716174200642854E-10	236451111.233229965
8716.75097656249999	0.819307327270508	7.916014510556124E-10	7.916014510556124E-10	236451111.233229965
8716.79296874999999	0.880388259887695	8.533334039384499E-10	8.533334039384499E-10	236451111.233229965
8716.83496093749999	0.940763473510742	7.681819624849595E-10	7.681819624849595E-10	236451111.233229965
8716.87695312499999	1.001516342163086	8.386678018723614E-10	8.386678018723614E-10	236451111.233229965
8716.91894531249999	1.061922073364258	1.18961906991899E-9	1.18961906991899E-9	236451111.233229965
8716.96093749999999	1.122648239135742	1.320358933298849E-9	1.320358933298849E-9	236451111.233229965
8717.00292968749999	1.18372917175293	1.03273123386316E-9	1.03273123386316E-9	236451111.233229965
8717.04492187499999	1.244142532348633	6.845084499218501E-10	6.845084499218501E-10	236451111.233229965
8717.08593749999999	1.304868698120117	6.52562448522076E-10	6.52562448522076E-10	236451111.233229965
8717.12792968749999	1.365213394165039	8.907363735488616E-10	8.907363735488616E-10	236451111.233229965
8717.16992187499999	1.425802230834961	9.525820132694207E-10	9.525820132694207E-10	236451111.233229965
8717.21191406249999	1.486764907836914	8.966480891103856E-10	8.966480891103856E-10	236451111.233229965
8717.25390624999999	1.547002792358398	6.745040082023479E-10	6.745040082023479E-10	236451111.233229965
8717.29589843749999	1.607599258422852	1.01863406598568E-9	1.01863406598568E-9	236451111.233229965
8717.33789062499999	1.66786003112793	1.306602825934533E-9	1.306602825934533E-9	236451111.233229965
8717.37988281249999	1.72880744934082	1.352532308374066E-9	1.352532308374066E-9	236451111.233229965
8717.42187499999999	1.789388656616211	1.247826730832458E-9	1.247826730832458E-9	236451111.233229965
8717.46386718749999	1.849658966064453	7.38737071515061E-10	7.38737071515061E-10	236451111.233229965
8717.50585937499999	1.910261154174805	7.051994543871842E-10	7.051994543871842E-10	236451111.233229965
8717.54785156249999	1.970508575439453	7.167955118347891E-10	7.167955118347891E-10	236451111.233229965
8717.58984374999999	2.031423568725586	8.094502845779061E-10	8.094502845779061E-10	236451111.233229965
8717.63183593749999	2.091987609863281	7.472635843441822E-10	7.472635843441822E-10	236451111.233229965
8717.67382812499999	2.15220832824707	9.006271284306422E-10	9.006271284306422E-10	236451111.233229965
8717.71582031249999	2.212821960449219	1.085709300241433E-9	1.085709300241433E-9	236451111.233229965
8717.75781249999999	2.273086547851562	1.103217073250562E-9	1.103217073250562E-9	236451111.233229965
8717.79980468749999	2.334007263183594	1.206331035064068E-9	1.206331035064068E-9	236451111.233229965
8717.84179687499999	2.394586563110352	1.13402620627312E-9	1.13402620627312E-9	236451111.233229965
8717.88378906249999	2.454870223999023	1.02568264992442E-9	1.02568264992442E-9	236451111.233229965
8717.92578124999999	2.515439987182617	8.878942026058212E-10	8.878942026058212E-10	236451111.233229965
8717.96777343749999	2.576389312744141	7.994458428584039E-10	7.994458428584039E-10	236451111.233229965
8718.00976562499999	2.636653900146484	7.297558113350533E-10	7.297558113350533E-10	236451111.233229965
8718.05175781249999	2.697237014770508	6.629079507547431E-10	6.629079507547431E-10	236451111.233229965
8718.09277343749999	2.757549285888672	8.28435986477416E-10	8.28435986477416E-10	236451111.233229965
8718.13476562499999	2.818305969238281	9.861196303972974E-10	9.861196303972974E-10	236451111.233229965
8718.17675781249999	2.879377365112305	1.47520040627569E-9	1.47520040627569E-9	236451111.233229965
8718.21874999999999	2.939777374267578	1.638568392081652E-9	1.638568392081652E-9	236451111.233229965
8718.26074218749999	3.000513076782227	1.587295628269203E-9	1.587295628269203E-9	236451111.233229965
8735.48535156249999	-3.000944137573242	-0.000983426813036	0.000983426813036	119.225763296393978
8735.52734374999999	-2.940563201904297	-0.000984233338386	0.000984233338386	119.225763296393978
8735.56933593749999	-2.879837036132812	-0.00098432181403	0.00098432181403	119.225763296393978
8735.61132812499999	-2.818729400634766	-0.000983679434285	0.000983679434285	119.225763296393978
8735.65332031249999	-2.758333206176758	-0.000983173493296	0.000983173493296	119.225763296393978
8735.69531249999999	-2.697647094726562	-0.000984188634902	0.000984188634902	119.225763296393978
8735.73730468749999	-2.637065887451172	-0.000983948353678	0.000983948353678	119.225763296393978
8735.77929687499999	-2.576816558837891	-0.000984026351944	0.000984026351944	119.225763296393978
8735.82128906249999	-2.515872955322266	-0.000983543228358	0.000983543228358	119.225763296393978
8735.86328124999999	-2.455266952514648	-0.000982963247225	0.000982963247225	119.225763296393978
8735.90527343749999	-2.395009994506836	-0.000982620287687	0.000982620287687	119.225763296393978
8735.94726562499999	-2.334421157836914	-0.000982517376542	0.000982517376542	119.225763296393978
8735.98925781249999	-2.27349853515625	-0.000982528785244	0.000982528785244	119.225763296393978
8736.03124999999999	-2.213235855102539	-0.000980996992439	0.000980996992439	119.225763296393978
8736.07324218749999	-2.152626037597656	-0.000980844488367	0.000980844488367	119.225763296393978
8736.11523437499999	-2.092384338378906	-0.000980564858764	0.000980564858764	119.225763296393978
8736.15722656249999	-2.031768798828125	-0.00098021607846	0.00098021607846	119.225763296393978
8736.19921874999999	-1.970895767211914	-0.000979697797447	0.000979697797447	119.225763296393978
8736.24121093749999	-1.910655975341797	-0.00097877625376	0.00097877625376	119.225763296393978
8736.28320312499999	-1.850044250488281	-0.000978297321126	0.000978297321126	119.225763296393978
8736.32519531249999	-1.789798736572266	-0.000977859599516	0.000977859599516	119.225763296393978
8736.36718749999999	-1.729206085205078	-0.000977077055722	0.000977077055722	119.225763296393978
8736.40917968749999	-1.668264389038086	-0.000976223498583	0.000976223498583	119.225763296393978
8736.45117187499999	-1.607994079589844	-0.000973365269601	0.000973365269601	119.225763296393978
8736.49316406249999	-1.547399520874023	-0.000973025336862	0.000973025336862	119.225763296393978
8736.53515624999999	-1.487142562866211	-0.000972991576418	0.000972991576418	119.225763296393978
8736.57714843749999	-1.426198959350586	-0.000971650937572	0.000971650937572	119.225763296393978
8736.61914062499999	-1.365592956542969	-0.000968902604654	0.000968902604654	119.225763296393978
8736.66113281249999	-1.305252075195312	-0.000964839477092	0.000964839477092	119.225763296393978
8736.70312499999999	-1.244529724121094	-0.000966510735452	0.000966510735452	119.225763296393978
8736.74511718749999	-1.183803558349609	-0.000964345177636	0.000964345177636	119.225763296393978
8736.78710937499999	-1.122724533081055	-0.000962947495282	0.000962947495282	119.225763296393978
8736.82910156249999	-1.062332153320312	-0.000960082979873	0.000960082979873	119.225763296393978
8736.87109374999999	-1.001567840576172	-0.000954796560109	0.000954796560109	119.225763296393978
8736.91308593749999	-0.941190719604492	-0.000956682721153	0.000956682721153	119.225763296393978
8736.95410156249999	-0.880498886108398	-0.000953395618126	0.000953395618126	119.225763296393978
8736.99609374999999	-0.819360733032227	-0.000942807877436	0.000942807877436	119.225763296393978
8737.03808593749999	-0.758996963500977	-0.000941300066188	0.000941300066188	119.225763296393978
8737.08007812499999	-0.698171615600586	-0.000940358499065	0.000940358499065	119.225763296393978
8737.12207031249999	-0.637893676757812	-0.000943382503465	0.000943382503465	119.225763296393978
8737.16406249999999	-0.577207565307617	-0.000936606666073	0.000936606666073	119.225763296393978
8737.20605468749999	-0.51606559753418	-0.00092951930128	0.00092951930128	119.225763296393978
8737.24804687499999	-0.455636978149414	-0.000922900857404	0.000922900857404	119.225763296393978
8737.29003906249999	-0.39488410949707	-0.000847925199196	0.000847925199196	119.225763296393978
8737.33203124999999	-0.334497451782227	-0.000793228857219	0.000793228857219	119.225763296393978
8737.37402343749999	-0.273035049438477	-0.000730786472559	0.000730786472559	119.225763296393978
8737.41601562499999	-0.21265983581543	-0.000837550265715	0.000837550265715	119.225763296393978
8737.45800781249999	-0.152223587036133	-0.000571376644075	0.000571376644075	119.225763296393978
8737.49999999999999	-0.091436386108398	-0.000486858538352	0.000486858538352	119.225763296393978
8737.54199218749999	-0.031026840209961	-0.000399269745685	0.000399269745685	119.225763296393978
8737.58496093749999	0.030763626098633	-0.000306141213514	0.000306141213514	119.225763296393978
8737.62695312499999	0.091516494750977	-0.000211851671338	0.000211851671338	119.225763296393978
8737.66894531249999	0.151931762695312	-0.000114742782898	0.000114742782898	119.225763296393978
8737.76171874999999	0.212656021118164	-1.311454980168492E-5	1.311454980168492E-5	119.225763296393978
8737.80371093749999	0.273263931274414	8.982580766314641E-5	8.982580766314641E-5	119.225763296393978
8737.93945312499999	0.334211349487305	0.000232227146626	0.000232227146626	119.225763296393978
8737.98144531249999	0.394990921020508	0.000484336924274	0.000484336924274	119.225763296393978
8738.02343749999999	0.455476760864258	0.00095552863786	0.00095552863786	119.225763296393978
8738.15722656249999	0.516077041625977	0.001624155789614	0.001624155789614	119.225763296393978
8738.19921874999999	0.577150344848633	0.002388323657215	0.002388323657215	119.225763296393978
8738.24121093749999	0.637481689453125	0.003199790604413	0.003199790604413	119.225763296393978
8738.28320312499999	0.698263168334961	0.004050465300679	0.004050465300679	119.225763296393978
8738.32519531249999	0.758663177490234	0.004918054677546	0.004918054677546	119.225763296393978
8738.36718749999999	0.819419860839844	0.005805591121316	0.005805591121316	119.225763296393978
8738.40917968749999	0.880527496337891	0.006708797533065	0.006708797533065	119.225763296393978
8738.45117187499999	0.94093132019043	0.007607275620103	0.007607275620103	119.225763296393978
8738.49316406249999	1.001688003540039	0.008512252010405	0.008512252010405	119.225763296393978
8738.53515624999999	1.062105178833008	0.009425166063011	0.009425166063011	119.225763296393978
8738.57714843749999	1.122856140136719	0.010329235345125	0.010329235345125	119.225763296393978
8738.66503906249999	1.183734893798828	0.011223062872887	0.011223062872887	119.225763296393978
8738.70703124999999	1.244150161743164	0.012144632637501	0.012144632637501	119.225763296393978
8738.74902343749999	1.304880142211914	0.013078548014164	0.013078548014164	119.225763296393978
8738.79101562499999	1.365217208862305	0.01397867500782	0.01397867500782	119.225763296393978
8738.83300781249999	1.425804138183594	0.014893583953381	0.014893583953381	119.225763296393978
8738.87499999999999	1.486764907836914	0.01584392786026	0.01584392786026	119.225763296393978
8738.91699218749999	1.547029495239258	0.01678978651762	0.01678978651762	119.225763296393978
8738.95898437499999	1.607616424560547	0.017740711569786	0.017740711569786	119.225763296393978
8739.00097656249999	1.667867660522461	0.018674805760384	0.018674805760384	119.225763296393978
8739.04296874999999	1.728813171386719	0.019641421735287	0.019641421735287	119.225763296393978
8739.08496093749999	1.789402008056641	0.020612679421902	0.020612679421902	119.225763296393978
8739.12695312499999	1.849662780761719	0.021554827690125	0.021554827690125	119.225763296393978
8739.16894531249999	1.910270690917969	0.022496476769447	0.022496476769447	119.225763296393978
8739.21093749999999	1.970516204833984	0.023441277444363	0.023441277444363	119.225763296393978
8739.25292968749999	2.031454086303711	0.024403251707554	0.024403251707554	119.225763296393978
8739.29492187499999	2.091995239257812	0.025336638092995	0.025336638092995	119.225763296393978
8739.33691406249999	2.152240753173828	0.026260189712048	0.026260189712048	119.225763296393978
8739.37890624999999	2.212837219238281	0.027199454605579	0.027199454605579	119.225763296393978
8739.42089843749999	2.27311897277832	0.028128869831562	0.028128869831562	119.225763296393978
8739.46289062499999	2.334035873413086	0.029053814709187	0.029053814709187	119.225763296393978
8739.50488281249999	2.394634246826172	0.029991529881954	0.029991529881954	119.225763296393978
8739.54687499999999	2.45490837097168	0.030890978872776	0.030890978872776	119.225763296393978
8739.58886718749999	2.515487670898437	0.031839527189732	0.031839527189732	119.225763296393978
8739.63085937499999	2.576438903808594	0.032801628112793	0.032801628112793	119.225763296393978
8739.67285156249999	2.636682510375977	0.033727400004864	0.033727400004864	119.225763296393978
8739.71484374999999	2.697273254394531	0.034614607691765	0.034614607691765	119.225763296393978
8739.75683593749999	2.757596969604492	0.035523191094398	0.035523191094398	119.225763296393978
8739.79882812499999	2.818349838256836	0.036448247730732	0.036448247730732	119.225763296393978
8739.84082031249999	2.879425048828125	0.037422552704811	0.037422552704811	119.225763296393978
8739.88183593749999	2.93983268737793	0.038382537662983	0.038382537662983	119.225763296393978
8739.92382812499999	3.000574111938477	0.039323568344116	0.039323568344116	119.225763296393978
